taller 3/murcia anomalia maxent/bio15.asc
NCOLS 321 
NROWS 253 
XLLCORNER -2.504166067 
YLLCORNER 36.745833473 
CELLSIZE 0.008333334 
NODATA_value -9999 
[rows 100 to 124 of 253, columns 57 to 113 of 321]
99.1546625386978 100.070664706159 101.24616926948 102.791390232898 103.893144337731 103.838737761984 103.916428725771 103.648931926862 103.212546395295 102.414107824018 102.451813372788 103.032142417925 104.753803981109 105.784327955604 105.824274954543 105.801277278038 105.606815132543 104.974002150995 102.59973545348 100.300952124019 98.8205371827788 98.2774557805619 98.3466756306436 98.213835968598 97.0956294016448 94.3775670000751 92.604789631611 90.8494209159324 89.8339857363131 89.4697234187412 89.434895200266 88.4199531203643 88.1020740524012 87.6052014956569 87.084043225361 86.4894170418765 85.988904985671 85.1230616283644 83.9577437744472 82.1245780208144 80.8554908817053 79.3467621672469 79.1663388987032 78.7214768125545 79.1809967433289 79.6649327934367 79.6098905827004 78.739758175445 78.486160789493 80.0060119822458 82.0190286036604 83.0587662835627 84.0002110983937 85.6071073606357 86.4789590556925 87.3298507427445 88.587760992729
96.4334543267203 98.4299423475556 100.419461517524 102.228768235998 102.639151197197 102.948960212852 102.689526013921 101.682922378164 101.295713169117 101.128885132439 101.356645595595 102.87738350309 103.748559940575 104.598868325274 104.345870612189 103.917793171787 103.566754465274 102.888567216844 101.045941904976 98.822522697662 97.2077130736907 96.552546949332 96.2397879642277 95.3408459742949 93.8507963772368 91.7036969399934 90.5716504108412 89.4575250756316 89.2611480712166 89.6957504398477 88.4215523630176 88.5323903064815 88.3934746819504 88.1307119252954 87.7659683187881 86.8737283884255 86.3115274020689 85.5499136876547 84.5645701332928 81.9246060452724 80.0456988904063 79.5819934612796 79.3666487572292 79.6554810449902 79.1210153199681 79.073590793261 79.0484106239663 78.6207287614603 79.852138805798 80.6253513811812 82.0147171533761 84.4224413094051 84.8045865720927 85.2840643331677 85.5513239753004 86.477923717014 88.0974573617951
96.8577350879666 98.7673369551851 99.8153493473936 100.51589539185 101.323207705716 101.626803011747 100.989185850825 100.490015359011 100.218784936787 100.21705753809 100.617351141205 101.914469692799 102.736527600135 103.153359529047 102.436361330049 102.088157497252 101.28605264807 100.548839556141 99.1002811482308 97.369675984608 96.2556943100412 95.7038555418153 93.9718178348852 92.3990243017925 90.6244628547766 89.084409056521 89.0264431859662 89.1703808091117 89.4258479586943 88.2640845457735 88.781267454658 88.652146990785 88.4321735541897 88.2210608663985 87.7316816012491 86.9087488274715 86.0831892586397 85.3909681575312 83.2443454651926 80.6066660087224 80.0378004296585 79.5757140835251 79.3852283363756 78.5356065367859 78.8919673247578 79.1027992709255 79.836574422446 79.7497279179468 81.2659592165619 82.0001412465417 83.1515027895379 85.3293386135958 85.9057128160549 85.4018349318184 84.3907810026437 85.1831676838296 87.0833495552942
96.7784671292375 98.0709731732783 99.0818372934878 99.5575757535752 100.151715466035 99.8618733549237 100.066532967739 99.9270698274464 100.229589478344 100.244830157101 99.8436358341255 101.248596517399 101.49572255811 101.024388313465 100.553792705783 100.099631251595 99.6720159304056 98.5209214916988 96.7999542662235 95.3332248498157 94.3095335309186 94.1925278683816 92.5098379115028 90.5671581498045 89.5483595363886 88.6802188012993 88.7957811230099 89.5737703903353 88.3006460005359 88.4086699577138 88.52524782819 88.4783405549332 87.8371287442225 87.4352221929658 87.3377755652616 86.7228235332487 85.2536061414704 83.4112833379991 81.7622139372133 80.0671935188879 79.540592484001 79.1561318162099 78.4168742139667 78.1876618322001 79.1997014888885 79.7935918216342 80.6409959542075 82.3151710363065 83.2787469730278 84.4862116659409 86.2980566113916 86.3031103386125 87.2300809220156 86.9778877145599 85.7839765792855 86.2823586766693 87.642823247652
96.0139756326914 96.8631209532013 96.2833866595349 97.3873346606142 98.2066114027733 98.3235372161644 98.4699948636928 98.8346078254636 99.5036332400623 99.758833423025 100.894528658859 100.454024831715 100.162946221721 99.1908359982474 98.5588496711217 98.1014001845122 97.8678173294117 97.0522743560338 95.5681304965139 95.0704653714687 93.7370016658094 92.7967917311755 91.6932843317807 90.5569665051249 89.7941726887286 89.3157310015388 88.8851111901737 87.9181279464284 87.801411156889 87.5671085039044 87.3034610947945 87.4867043946723 87.3176172452941 86.5634336537195 86.3171911173977 86.1068469912658 85.6480736067152 82.8105856677335 81.5437565576511 78.6761199490845 78.6721193517702 78.6759834023506 78.1506205034557 78.2035364362146 79.2263129531835 80.5965794065513 81.7095667039529 83.9020962304554 84.6645723895232 86.0412714635753 87.5325459653535 88.3449056774907 88.255188176022 88.3586585737609 88.3702361282286 88.9530582099375 88.5347853185424
94.8736802296241 94.7701673096359 95.8128834057569 96.2948641557287 97.3526564871657 97.1084718293093 97.3944424150276 97.7250964336758 97.9379138778429 98.4748728986351 99.9586097853293 99.7904515982914 98.0352952852625 97.1104586542008 97.0239837845721 96.41692906082 96.1070291062229 96.2272189766985 94.1474474943714 93.223311725052 93.8885913633002 92.7037591638603 91.7361237150893 90.9290027203369 90.3926590214303 89.8233555013319 88.3430513779861 87.0981014451385 86.8660528218461 85.9725786034588 85.5917275927262 86.163645686643 85.7595115486875 84.8134750866382 84.3382882791189 84.0719239417069 82.9703506870109 81.252098931262 79.813443633639 78.734765966406 78.3509576309327 78.6437829036388 78.9615949166221 79.4035348998861 79.8795979576259 81.1807881287029 82.9280315904703 85.201464542186 85.832357771905 86.745501152517 88.2974792587202 89.3694359519607 90.0509748227574 89.501179181355 89.9085865913116 90.0470795216103 89.1336141605281
94.6601962382548 94.6158921383925 94.4600886440686 94.5941066266688 95.2925978719495 95.9878113971812 96.6982904135053 96.5751133647817 96.0458197713607 96.4467966956648 97.8061324848114 97.6596788848608 96.8589320404366 95.5750982515399 96.205728607675 95.7261044933209 96.1606511432693 94.0822063144642 93.378696867911 92.9559429766654 92.2370402841683 91.3175063222297 90.8346958717335 90.9090777207852 91.8926535871622 91.5454647005462 89.3382660347412 86.9009705622841 85.4616368788012 83.9129842089504 83.8389393711549 84.7338579049841 85.0411842785004 84.3090134896815 84.1184280882216 81.5598239096588 80.8680842894042 81.452257669425 79.4788004243898 78.5360882168973 78.2140168141707 78.2553715558504 79.065691732747 79.9935026549222 81.2246672898882 82.1953449901953 83.7221143530976 85.35317697135 86.6171790605961 87.5472384799369 89.0212249570367 90.4371437659334 91.2695788065958 91.6866714427802 91.6936537768156 91.3280417636079 90.4309823704889
94.3919032192521 93.1665679475121 93.5891005735089 93.2950353627119 94.0260106217944 93.2029821979226 95.263868961687 96.1295344396702 95.7269099986723 95.3975843953962 95.4981221159223 95.884497785397 95.9296723767823 96.0266217949088 96.6627086583196 96.1728531400605 93.9706960920445 93.6670279441651 93.0543315664188 92.2535067074002 91.6175138812359 91.0195689263413 91.2879342933802 92.3632258157336 94.4034717946991 95.0875603589921 92.3162254008402 88.5843866430238 85.3361848045822 83.6567696260827 83.9067969194654 84.6364136325837 84.6056851210991 84.2566438001271 81.7825132321193 81.5102568706111 81.19433665696 79.518157233137 77.9140637013002 77.6867622135917 77.9983121866332 77.8304710091667 78.9113585282731 80.8108875207571 81.9356269855426 83.1638476985751 83.7702895304391 85.0789884785684 86.373034633674 88.6219533248221 89.6840602653043 90.8076568696442 91.9096668846301 92.506928454978 92.8441910678298 92.4859058778559 91.7505519507495
93.7065977490367 92.6681875584923 92.3455390975489 92.7619909193263 93.3698165124465 93.6468537578892 93.2442704159471 95.1467524932802 94.5725670469656 93.7769102286055 93.9390479335931 94.5318320483805 94.5992092488534 92.7777716503044 93.3229676625345 93.8611009654177 92.9841027459225 92.6703827155393 92.3238896322815 91.3125026437118 90.5382443471506 90.9852240514351 92.4816550020323 94.4220333544012 96.5062354307715 97.0761484765645 94.2189687156155 89.8442092468148 86.3204638726722 84.6034716420166 84.3743569664061 84.571223243565 84.6953996973633 83.2071389359919 82.0073479151918 81.7364542729326 79.3458665448183 78.5901072429144 77.3432972790234 77.1307585927766 77.1879590488571 77.053071367557 78.0951736622127 81.1023774306314 83.4866862487171 84.7594571103635 85.6983506164631 86.6194841422444 87.7660308848783 89.3458221641414 90.5324629256085 91.4420452261405 92.3388010359766 93.4116547703501 93.8785885193303 93.6344980841437 92.4928922117777
94.3736282462347 93.1332648951555 93.2571416772134 93.1199179682578 93.6860877076455 94.0323831896612 94.0864805069796 93.7903128135047 91.9932852005175 91.4780315989805 91.604677645782 92.5330052466227 92.0288305450005 92.2564372469366 92.9879300463064 93.1139419424112 92.3120044496689 92.4940241232075 91.7318432137541 90.2273439884592 89.8199094270253 91.253543992923 93.0639047854278 94.9816518152792 96.3848975469147 96.4415470397291 93.3294237145574 89.5555757234896 86.8009968562042 85.3424712497902 84.8813410132953 84.7859460031471 83.7555542365561 82.8083981404657 82.4142074097527 80.2594523290257 78.6633755468121 77.8117879556944 77.6881381363277 77.2447832675437 77.0244923123401 77.0172935925462 77.9400342980534 80.8591136099155 84.0843824030049 86.2733622136842 87.9887103851134 89.6669553671351 89.9519616473621 90.321882903047 90.6582577540492 91.4011377143245 92.7934660213043 93.8000705752579 94.5670230797367 94.83311343443 94.9331156608803
95.0136982221413 93.820077282504 93.0167747053215 93.5707134393021 93.4378135447724 93.4076003897237 92.9967075942752 92.5206568460179 92.310475128723 91.7689851296008 91.5781077290084 91.6309125906908 91.3332288016051 91.3289784347414 91.6084295755961 92.0903192090808 91.9384366288672 91.6899945683102 91.0795532312456 89.9841353406346 90.4576095500607 91.8447427499849 91.7291475638624 93.1174302828677 93.8760169420391 92.7712231391129 89.8192698251851 87.0726176489865 85.5699802590337 85.1107763683949 84.908751416265 84.2269207772947 83.4006479670988 83.0860112635933 82.425146619724 79.5611388659106 78.4100629489609 77.8601715535462 77.7728706551934 77.4662185033577 77.0091855950294 76.9908540477613 79.1727223615229 81.238275781155 83.9868165400918 87.2286266825609 89.5267420678275 90.803649642782 91.1003150902495 90.5042312300732 89.7844578229032 90.3170667864725 91.8702522341639 93.3165541747202 93.6727901936494 93.2394100748384 90.9171717059986
95.4174037304406 93.9055766280368 93.409750353194 93.122219793331 92.7575313690029 92.9170460608802 92.5332816972776 91.8776928652091 91.7817350820387 91.4886334442675 90.8446355893941 90.7919488876937 90.7586975539573 90.4815902988908 90.8375699617972 91.0493794006495 91.2714976878827 91.2153354416638 90.9544646268144 90.6928134819499 90.859554400124 90.3898500656369 90.5294750905275 90.7708157034508 90.3202843102029 88.6061702149799 86.0739035167056 84.4527553382909 83.9833555215435 84.0264752103746 82.9034068993731 82.9196773045644 82.6447165492853 82.8483824024001 80.5652629133646 78.9838799540293 78.4373854741834 78.368684444729 78.0865841225754 77.9510022900316 76.9006824785004 78.6748897298962 80.5090906705746 82.4751151676971 85.6641684821841 88.2172776773529 89.3412396043885 90.7766587281121 91.7621154933908 90.8504719264153 89.5597463541694 89.1776742854141 89.5983627402465 87.7860608679743 88.1099334407973 89.1651711491687 85.4648675016227
95.2443551307366 93.5968916031613 92.876576289849 92.9372168819284 92.8760732972135 92.9262683732656 92.5759555396497 91.831014326739 91.2270134435806 90.4135406361001 89.9022082628453 90.0180806305603 89.9367475336098 90.5170607956731 90.6544160285305 90.4722467067042 90.6454873275741 90.9735493814711 90.2820371550883 90.3156988784139 90.3630998027053 89.1440646440205 89.0654281786564 88.1588987730871 87.1469720330436 85.522525977434 84.3673912120926 83.5878265733377 83.3820390987114 83.1182969520363 82.6985862927181 82.0831863713735 82.055610492096 81.0808713979749 80.0128476940487 78.6615276066685 78.3864968331222 78.4200909907906 78.5426599358282 78.4461254395813 77.89685779569 79.8155301630372 80.9317959412924 82.3098463753461 86.1056424170466 89.5506537554735 89.942246828076 91.8382331304443 92.992622827186 91.4873757035267 89.9397899487604 89.3080467374947 87.4095334625834 85.1530345542398 86.4255757662703 86.8607640844109 82.3378097292885
95.0182806979801 92.9127704977644 92.0833918662752 92.2694683999725 93.115789591942 92.5057062719747 91.9652191490898 91.738382968079 91.2777749670452 90.3090964276519 90.0622333879085 90.1909456041208 90.1774675441011 90.2342868478225 89.7701579156582 89.4231444794973 89.4705580286887 89.9190984693082 89.6565559085286 89.6797806734016 89.4593548246709 87.9254425997137 87.3302853065389 86.6713560717059 84.8159037523833 83.8239318360894 83.9158678881591 83.7640947364109 83.5105365457609 83.1347498883595 82.2582418113148 81.6938084693962 80.442122434666 80.4925032405134 79.4003009237891 79.1765538167346 79.0733863954371 79.1034775845216 79.0881263562092 79.2520973705094 79.753453465504 80.8700043257472 80.6084352457066 81.8211037828539 85.7065700641217 89.5974922916268 91.3011225194126 93.0907781528817 94.2178364426704 94.3661084127138 93.5031647616013 90.2531797415143 87.565345726119 87.5872149757229 86.2956823271991 83.1817519021031 80.8090454967911
95.0567638467001 92.7888529995115 91.8689619978794 91.7691468327533 92.4648374341517 92.3218133268457 91.8676339439424 91.6777856316842 91.2795237489694 90.8384294634937 90.2938084591406 89.7377169573209 89.4721695164804 89.3559848485022 88.714648477984 88.9994326491529 88.8762414666956 89.3172492508285 89.4331971076636 86.6241676127319 84.7963252996264 84.2863976077743 84.6060820309432 85.4038187292042 83.5895820631161 83.5090120646927 84.1972075032642 83.7871239673033 83.0786195649089 82.4906399677376 81.7621716243932 81.4123117391129 80.7757493407111 80.0944823967582 80.694838502589 80.5832755086597 80.2646929723595 80.3267428113578 81.1909432322061 82.8549305195797 83.109026935425 82.2512901827379 81.2953492598849 83.8063917768024 89.6202304609036 92.9518974524784 94.5586636273547 96.1559356543767 97.9310272915541 99.1740558006095 94.6959800339514 86.5225959632367 83.9816082624592 84.697570253788 83.6374893954253 81.9125924399392 81.4364206662092
94.7363027569592 92.7018124854815 91.7922865541814 91.4231468311684 90.6335177338016 91.0195776022336 90.8619117310057 91.779494199749 91.657966827459 91.1812672433145 90.4364222680375 89.6761044293002 88.9066451361947 88.4768249892235 87.0251083506134 87.2569335289595 88.3312095030689 87.0981864543551 86.0282418334201 85.5077492999081 83.4892874213664 83.114311268123 84.0409542836122 83.6088976263018 81.2743346932674 81.8304802964711 83.4962332988785 83.6510042529565 82.497883473494 81.9322564229068 81.9341007151631 80.9806736217104 80.0454583055976 80.1952875385228 81.6752555241408 83.1044766298369 82.7355921845996 82.8944258556255 85.0266855276361 88.3281842621075 86.2212456530892 83.3618661755807 83.6374850930806 88.1636519277788 94.919835742341 98.9405359852708 100.44665505549 100.196515574243 100.881995295389 98.5314782299036 92.1399410307402 87.5513052286106 86.0485198434256 86.2301151981671 85.2647022093964 84.0729509869593 82.5341105182064
94.5420474971541 92.2774572571593 91.0590397444459 89.7500505490725 88.8459720418199 90.0002685457836 90.9467274811955 91.3182491680553 90.6742944710731 90.7190492645586 90.4495153208018 89.1451108105083 88.6548685713727 88.8557456709131 86.2069658166599 85.1853356947846 84.8176048459832 84.1732768130137 84.6640190256485 84.7410825707407 84.5378765214331 83.1561278500687 84.0729966686595 81.6052932943341 80.1946904905879 80.7571130020355 83.0117680367501 83.7966859805623 82.6057406867648 82.5286196431577 81.8173804632335 81.2581780155362 79.7561456102467 79.8869874366251 82.7642439494708 86.3929966181273 87.9744563270142 89.4777675745454 92.0470670479659 93.1804859369712 88.5525035986265 86.330478449073 88.3307348710818 93.5702970536133 98.0679352482332 100.428747583354 102.186241774093 100.073666811612 98.1247180446732 95.6401150035269 92.436016886992 90.9367604305904 89.4253542199407 87.9097846512124 87.3021060864333 85.8567702709037 83.4660371939601
94.2173561374705 92.0982696744629 -9999 -9999 -9999 87.6571109521958 90.3950748250166 91.0212571096882 90.6342711861896 90.028037612844 90.0070771905466 89.8876237557341 89.226997760774 87.3582153477688 83.8121661589316 82.4842695880935 83.4000008402321 83.6265264890831 83.3211282959803 83.8689591145061 84.4239979624271 83.309203595262 82.7505679161065 81.914438993429 81.1817162157837 81.9541838013046 83.3904426145465 83.5821652020994 83.1532466133159 83.3553600872849 83.6286197628294 83.2101050209301 82.574456563153 82.9980740137314 86.0218853612717 90.471643913676 93.2559246531591 96.0163570035321 98.7435520205882 96.0376139134743 92.20811525795 91.4126780666357 92.809290841752 95.9259267644086 99.4685387570835 99.2090667709992 99.4318972897575 98.2840860611135 95.0334701154651 89.8503767294321 87.0283500412504 85.6505940891947 84.8304970145183 85.7158185694786 87.9314961039669 87.5763500491861 84.6841399511632
-9999 -9999 -9999 -9999 -9999 88.7902571094649 89.3089477009817 89.2693138420594 90.2486583054581 89.5095094544612 89.869087637253 89.5344728595565 87.9127679227015 85.9215644008867 83.8857489255325 82.5573078267722 82.5818214795241 82.995770264186 82.5261770579636 83.0541102845627 83.6943552859132 83.3446710079083 83.2921473386045 82.8286046096071 82.2415396197018 83.1530124877735 84.3498795266108 84.4330987702085 83.8841262523513 83.816460845663 84.930875896113 85.5642309185454 86.4632712890607 88.4563601262983 90.9188694726792 93.3996832793723 95.8835869496707 97.9095137676868 100.125486276027 98.2608434441529 95.286567632108 94.4658475785759 94.1820637340671 95.5981434783194 96.5112646901351 95.3276031830387 92.716748243267 90.536180642633 87.2228184452996 83.7399448975221 82.6855616844395 82.6575096790943 83.6984082356516 86.3386638164385 91.7309519700822 91.1353038905764 88.0966610270627
-9999 -9999 -9999 -9999 -9999 89.5529108631721 89.2435444948959 88.4764463352631 88.8672489194165 88.8814942718695 88.2237060841172 88.5751240843609 88.3722173753992 86.3975348723423 83.330829354211 81.6051655163622 82.3975948041603 82.9443726871276 82.6432242656065 82.9649435073346 83.4020846582403 83.3358370736478 83.4775851053508 83.7950528380753 83.9858977990017 84.1847054898805 84.1014898837109 85.2841166074373 84.3887338092949 85.1183098884107 85.9184778416224 86.955287156189 88.0469491366764 90.0605809352554 92.4144684231915 94.6437336039804 96.1658685571331 96.526006840398 98.3110182097005 98.7520879724622 97.0494675440493 95.8221445233145 94.7793045170285 95.1333996677157 92.989029196752 90.5924143749464 88.5341652327972 86.2249408968158 83.9761471383329 82.7634459804503 82.9254154036557 83.8483859391055 86.8596307632527 86.4319077846248 107.428827334197 97.7022161185616 93.195214533138
-9999 -9999 -9999 -9999 -9999 89.7621236774805 88.3275038202875 87.7595077891782 87.9803915947793 86.9363111152263 85.2907271037619 87.5241462527415 89.7685589766306 87.3625745932908 83.9422412703689 82.7631521423772 83.5186471391657 83.6614377860132 83.2836635197403 83.4541694876098 83.7144014949755 83.6399219477584 83.7575454353969 84.0843791019949 83.9624523038078 84.7084115122438 84.4981449601854 85.2107697037385 86.199055190801 86.0771498721836 86.5828764512472 87.4177373488759 88.6578663690425 90.7663331836498 92.8902819679213 94.6305634513978 95.5582712829551 96.6526407633491 97.8403707493643 98.3689528771322 97.730012440754 96.5054316258888 95.1847110068337 94.9336968420778 93.2974233643666 90.7388867500247 88.4228731117809 87.1716154516976 86.3179523832413 85.8707221601842 86.2380278720755 88.5715262095743 93.2246449445703 96.2570256000163 100.62098009934 96.2184865301118 90.4198514654131
-9999 -9999 -9999 -9999 90.5722138925587 89.2746872157121 87.2417927185884 86.5799802686089 86.3801351145798 84.6793387520543 83.2398528264798 84.1125842626537 88.2354575989086 89.0901986032744 86.4918654593869 85.9483832778094 85.9035308095984 84.8820325150813 84.3411230999689 84.3493804377564 84.409847825323 84.1322654241252 83.9930750553539 83.979035038785 83.8987055295027 83.8075384515895 84.5320228339576 84.4329561630141 86.5695443960029 86.9005295752694 86.8471537327827 87.4408146986887 88.6498503553779 90.5869230796861 92.4823618602141 93.8019684701437 95.9105629205115 97.1567827053031 98.2032471262468 98.2740785619129 97.5256079613963 96.3553137994978 95.3061176333081 93.9889961300567 93.7737425286818 91.7309331024494 89.5215576034903 87.5463434320607 88.4804100320056 92.0286152456509 93.6631621233443 92.4212460074785 90.386644680473 89.9441151164 91.613784129981 91.3227177890313 88.8047643252908
-9999 -9999 -9999 90.4686200203071 90.4047871981082 88.5858022912169 87.0033575765651 86.2755575159243 85.6749124923254 84.4964378718557 82.4166985325039 84.2417315544385 88.7796852649505 89.8953141090883 88.7867755778309 87.6762219060799 86.6903899906994 86.0878599331386 85.625203386028 85.3832179135813 85.2142930971759 84.8500047186025 84.7170642397582 84.5964286847471 84.3631757808676 84.0029759557781 83.9060556736366 84.3593944204991 85.6389358771862 86.2781223996343 87.2667091436036 87.0771807474888 88.3405026846867 89.8618839478697 91.9107227537212 93.5843799898804 95.105488603967 95.9026140081483 96.9005829696294 97.0112332712895 96.694023255402 96.4473922277362 94.8437528949547 94.3649226795074 94.6307305723924 93.9504070409833 92.5410516805485 90.6027433739058 92.032540995337 96.8013407668381 99.21789421291 95.3621120381814 90.085230494058 88.9634286627505 90.4995998567589 92.5227838764861 91.7055763905842
-9999 -9999 -9999 90.194435959816 90.0117645409335 88.7770682227145 88.3177374427453 87.4894503118312 86.0236593019443 84.514740034014 84.5776185025962 87.0195435659063 89.7708995030949 90.9198711832389 90.5583256888718 89.2062214914438 88.0214781237237 87.5388439872432 87.0137137393379 86.4345880402637 86.2048436250218 85.7809820019075 85.3525392971209 85.1185246998961 84.6637494121256 84.0452126038232 83.6397881692692 83.9869778943231 85.3876828802982 85.7604407158245 86.7895501277932 87.6153982727603 87.7392338124185 88.2427153030131 90.4862694842026 92.5234200169476 93.8972260742665 94.803380642867 95.2814507206383 95.4448543283234 94.8123594145568 95.2568561251401 94.9422917997441 93.9554007751713 94.1824493635594 95.6403543531299 96.3838235447903 96.6966811820992 97.7601096394534 100.082499306597 101.30883175958 99.366437293488 96.0892019708512 95.1977016247646 96.0507636861579 96.206310306262 94.1575614813944
-9999 -9999 -9999 89.1891990503777 88.4182002029566 89.78130538142 90.3217805010268 89.3009865569731 87.7407741461646 84.4206023784622 84.8361509212091 88.3790821258244 90.7782146456835 91.9504750364488 92.3670861801591 91.0202033502225 89.3186652379292 89.1197267694968 88.6755279849418 87.6599964319674 86.8618498637742 86.3550808489456 85.2549124014777 84.8712087161433 84.3680069214769 83.6300460253073 83.7487948074142 83.9747130012331 84.8220528012479 87.1583226460006 87.3459917869321 87.1378581173017 86.8165269479203 87.4173668976377 89.8270119915153 91.4961167831268 92.0624099532254 92.9790227008621 93.9321908132984 95.2285517433434 95.9529276420997 95.9302423617279 95.5706553768108 94.9739975929637 95.3952682500203 96.3107898577043 97.8653094038792 99.2455759198836 100.302103241104 101.214135013412 102.202530163379 102.325784021469 101.212739947861 101.031267807079 100.848523555428 99.4013533899022 97.7080730967123
