taller 3/murcia anomalia maxent/bio15.asc
NCOLS 321 
NROWS 253 
XLLCORNER -2.504166067 
YLLCORNER 36.745833473 
CELLSIZE 0.008333334 
NODATA_value -9999 
[rows 75 to 99 of 253, columns 0 to 56 of 321]
-9999 -9999 -9999 -9999 -9999 -9999 -9999 -9999 -9999 -9999 -9999 -9999 -9999 -9999 -9999 -9999 -9999 -9999 -9999 -9999 -9999 -9999 -9999 -9999 -9999 -9999 -9999 -9999 -9999 -9999 -9999 -9999 -9999 -9999 -9999 -9999 -9999 -9999 -9999 -9999 74.3974196407071 74.7261990926715 75.3965379643326 76.245950174229 77.2620340430543 78.54584578761 79.4746752152336 80.1525597426945 80.6878919744127 80.9485032881127 80.9154226037482 80.9903902258134 81.4253028488683 82.0814561573486 82.5672325766875 83.1456588587517 84.3423568855909
-9999 -9999 -9999 -9999 -9999 -9999 -9999 -9999 -9999 -9999 -9999 -9999 -9999 -9999 -9999 -9999 -9999 -9999 -9999 -9999 -9999 -9999 -9999 -9999 -9999 -9999 -9999 -9999 -9999 -9999 -9999 -9999 -9999 -9999 -9999 -9999 -9999 75.1201268309241 74.5020048494186 74.4850989346264 74.6818945479655 75.1867348522898 75.9136652609762 76.8995019722196 78.0472205211787 79.2757209360533 80.2848738222043 81.0000340940496 81.4148958078276 81.7729187973656 81.8194537022905 81.8422153936373 81.7647388641979 81.8314875152041 82.0769402893397 83.0144104877097 84.4000707197965
-9999 -9999 -9999 -9999 -9999 -9999 -9999 -9999 -9999 -9999 -9999 -9999 -9999 -9999 -9999 -9999 -9999 -9999 -9999 -9999 -9999 -9999 -9999 -9999 -9999 -9999 -9999 -9999 -9999 -9999 -9999 -9999 -9999 -9999 -9999 -9999 74.6392207051284 75.1201268309241 75.1849963822191 75.1976561449579 75.2439526507133 75.649147918812 76.409482073976 77.5234450716665 78.8520453048923 80.121566823582 81.1933688232038 81.881738020681 82.2402798538685 82.4836984824662 82.5456244467999 82.5781741904498 82.4021551956632 82.2409872416759 82.622780388274 83.8392568426238 85.5292638289126
-9999 -9999 -9999 -9999 -9999 -9999 -9999 -9999 -9999 -9999 -9999 -9999 -9999 -9999 -9999 -9999 -9999 -9999 -9999 -9999 -9999 -9999 -9999 -9999 -9999 -9999 -9999 -9999 -9999 -9999 -9999 -9999 -9999 -9999 -9999 75.258621396604 75.5021266306496 76.0787489064453 75.877134208217 75.7098743798763 75.695662713205 76.0626413791503 76.9473573075012 78.2675356662792 79.7279437783535 81.1175918725147 82.1179162501312 82.7881670543897 83.1271359022425 83.1860997935955 83.1984978582231 83.2230327803956 83.2556472684941 83.5182508272028 83.9030334420789 84.5486011357415 85.4675434738922
-9999 -9999 -9999 -9999 -9999 -9999 -9999 -9999 -9999 -9999 -9999 -9999 -9999 -9999 -9999 -9999 -9999 -9999 -9999 -9999 -9999 -9999 -9999 -9999 -9999 -9999 -9999 -9999 -9999 -9999 -9999 -9999 -9999 77.1710358481422 76.3754042438315 76.6507216914455 76.7395417066435 76.3791483490157 76.4661216309327 76.2069620990184 76.1787576678648 76.4545473408452 77.2010747629113 78.5434638924408 80.2436404591726 81.6644148664396 82.6715925762366 83.2749115863859 83.5953638618218 83.6898315694273 83.6585579109206 83.5687481583322 83.3912981996719 83.3647184464082 83.7858767353151 84.4621691042947 84.8761622117639
-9999 -9999 -9999 -9999 -9999 -9999 -9999 -9999 -9999 -9999 -9999 -9999 -9999 -9999 -9999 -9999 -9999 -9999 -9999 -9999 -9999 -9999 -9999 -9999 -9999 -9999 -9999 -9999 -9999 -9999 -9999 -9999 -9999 78.4000660845145 78.0675372695199 77.6971607917515 77.2260820896308 76.9721311221233 76.6288006185545 76.7796614451404 76.8489541978498 77.1258967967239 77.6761167284441 78.6753273771925 80.1524256615092 81.6350923486059 82.6883048179146 83.3127037530739 83.6353714498127 83.7840548374072 83.6921742506643 83.3261871272839 82.6678506147383 82.1768455862109 82.6957729872233 83.8152031951148 84.3923864392979
-9999 -9999 -9999 -9999 -9999 -9999 -9999 -9999 -9999 -9999 -9999 -9999 -9999 -9999 -9999 -9999 -9999 -9999 -9999 -9999 -9999 -9999 -9999 -9999 -9999 -9999 -9999 -9999 -9999 -9999 -9999 -9999 -9999 79.2636368166051 78.7477015220332 77.9079141748022 77.5077266606391 77.4400750273302 77.2092613006895 77.4962228730885 77.5873659079577 77.878366910171 78.4192863609819 79.1544786192339 80.2416055812385 81.4977526932014 82.4698509136573 83.0890190262821 83.4740088612119 83.5477742917799 83.0155016921676 82.3641247196474 81.8799048705434 81.3934067097666 81.9082658753739 83.319448306732 84.4485174529446
-9999 -9999 -9999 -9999 -9999 -9999 -9999 -9999 -9999 -9999 -9999 -9999 -9999 -9999 -9999 -9999 -9999 -9999 -9999 -9999 -9999 -9999 -9999 -9999 -9999 -9999 -9999 -9999 -9999 -9999 -9999 -9999 78.9687766130621 79.2636368166052 79.3705232435487 78.7768271096132 78.6216415879398 78.3845143032193 78.1733501180792 77.9451903072544 78.1905447997088 78.1732094426924 78.5675049462705 79.3070818464371 79.9589587943354 80.7539106802175 81.6398783023606 82.5341736315527 83.1132858494202 83.0706114048999 82.3020131614647 81.7062417096123 81.7262883952939 81.7173668562195 82.3152881841724 83.4637805784759 84.2140965799652
-9999 -9999 -9999 -9999 -9999 -9999 -9999 -9999 -9999 -9999 -9999 -9999 -9999 -9999 -9999 -9999 -9999 -9999 -9999 -9999 -9999 -9999 -9999 -9999 -9999 -9999 -9999 -9999 -9999 -9999 -9999 79.3291830070982 78.9687766130621 79.6493295521505 80.0493432150991 79.751819058502 79.5786808228206 79.0695557304362 78.685891989409 78.539893200355 78.2337268737608 78.4642895944432 78.6669644138877 78.9878967956901 79.3815822554944 80.15636211179 81.1076589396884 81.9926030216199 82.6810842212688 82.6811636756199 81.9878140862496 81.6429042243418 82.3067080789282 82.6568416298004 82.7995496316218 83.2691652895163 83.9780120355097
-9999 -9999 -9999 -9999 -9999 -9999 -9999 -9999 -9999 -9999 -9999 -9999 -9999 -9999 -9999 -9999 -9999 -9999 -9999 -9999 -9999 -9999 -9999 -9999 -9999 -9999 -9999 -9999 -9999 -9999 -9999 79.3291830070982 79.9370237210983 80.4575745461889 80.2231175685323 79.922523461263 79.8280195702281 79.2890973303541 78.4481023041049 78.2689569846612 78.1190749275929 78.1801041779544 78.4139015344713 78.8198381196005 79.319001265003 79.9734505583715 80.7238055201636 81.215818156272 81.6815234976008 82.4580665893858 82.5844280606189 82.686405226098 83.5140504959094 83.9743247693707 83.9995029935288 84.4582649602691 85.5117050444266
-9999 -9999 -9999 -9999 -9999 -9999 -9999 -9999 -9999 -9999 -9999 -9999 -9999 -9999 -9999 -9999 -9999 -9999 -9999 -9999 -9999 -9999 -9999 -9999 -9999 -9999 -9999 -9999 -9999 -9999 79.7473390509583 79.9798376194126 80.8590572002276 81.0275691142509 80.5318548588734 80.1377306950281 80.0157355433945 79.5967869257845 78.7017903773865 78.2981692425307 78.1189176260679 77.792734364444 78.310131055611 78.9219468842129 79.5664571089446 80.1055414096273 80.7635724758138 81.0485784903808 81.1780559169584 81.9841053645831 83.1854611670472 83.8831623091292 84.6179124646092 85.398278283889 86.027025311651 86.5651018333381 87.550387367973
-9999 -9999 -9999 -9999 -9999 -9999 -9999 -9999 -9999 -9999 -9999 -9999 -9999 -9999 -9999 -9999 -9999 -9999 -9999 -9999 -9999 -9999 -9999 -9999 -9999 -9999 -9999 -9999 -9999 -9999 80.125604815508 80.3156565975003 81.287298000331 81.707296919426 81.1975538844407 80.5381295573833 80.3138134651065 80.1346369159781 79.5948938737509 79.1699795880011 78.8249699996329 78.5429626522527 78.4622977110871 79.2596321490752 79.8503151124317 80.3850938421021 80.8309200186598 81.2324966300051 81.646864028516 82.263536327727 83.3961734390447 84.2299250387641 84.9770203289604 86.0415467074243 87.2734067122521 88.2145416895545 89.4231405790644
-9999 -9999 -9999 -9999 -9999 -9999 -9999 -9999 -9999 -9999 -9999 -9999 -9999 -9999 -9999 -9999 -9999 -9999 -9999 -9999 -9999 -9999 -9999 -9999 -9999 -9999 -9999 -9999 -9999 -9999 80.0460594245671 80.8832196261617 81.8907431892529 82.4874656754459 82.1323100750753 81.5153082092542 81.2524513607288 80.9322773107067 80.3853861420697 80.1229864754612 79.7239796132694 79.2377777419894 79.0507326064497 79.6183822769079 79.9281373914878 80.3009283526188 80.6005681726862 81.2380684678918 82.035110502053 82.8917802705258 84.1945504717393 85.0358308920561 86.0967483246565 87.20151524304 88.8287284989416 90.515554089107 92.1530079418437
-9999 -9999 -9999 -9999 -9999 -9999 -9999 -9999 -9999 -9999 -9999 -9999 -9999 -9999 -9999 -9999 -9999 -9999 -9999 -9999 -9999 -9999 -9999 -9999 -9999 -9999 -9999 -9999 -9999 80.1365291224317 80.8627764069114 81.8443511679414 82.7599264771873 83.43173572586 83.4622448666169 83.071110054925 82.6889810591387 82.1036251370244 81.4382107745074 81.0172087513742 80.503733618395 79.9541507557429 79.855614161634 79.7856786765757 80.2618868532922 80.5141086927192 80.9190507816181 81.7961013799252 82.6434746097065 83.5649953619488 85.1973220399342 86.2627130364874 87.6021961589441 89.0919483740438 90.4757572020327 92.3690354585852 94.2439532485478
-9999 -9999 -9999 -9999 -9999 -9999 -9999 -9999 -9999 -9999 -9999 -9999 -9999 -9999 -9999 -9999 -9999 -9999 -9999 -9999 -9999 -9999 -9999 -9999 -9999 -9999 -9999 -9999 80.2776186247989 80.9104529311203 81.8181764659073 82.6882094591815 83.5658970935644 84.3174813995806 84.6438569904004 84.440978695553 83.8771669587645 83.2399207639893 82.6116113848157 81.9921554106901 81.3445241980327 80.8120978880602 80.6258314907253 80.5131279754698 80.5004028690798 81.354374015605 81.9913222509502 82.8017710450598 83.6316818731285 84.6092581552126 86.0019431708538 87.2631745671553 88.7219817000195 90.343777729071 92.0967598850887 94.1468778946407 96.3804779686048
-9999 -9999 -9999 -9999 -9999 -9999 -9999 -9999 -9999 -9999 -9999 -9999 -9999 -9999 -9999 -9999 -9999 -9999 -9999 -9999 -9999 -9999 -9999 -9999 -9999 -9999 -9999 80.4383880939811 80.9108686542274 81.6934020634232 82.4969998246892 83.285977011571 84.2317766303365 85.0291581530116 85.4772930017771 85.5352809979965 85.0587651219431 84.3737399141583 83.619906117692 82.7192598938153 81.9003884460934 81.1976417091131 80.7577128623107 80.7968859213201 81.0638947086209 82.1006679081061 82.6799427062214 83.0006665728223 83.6298340010051 84.6856603216074 86.3124848716752 87.5853180265178 89.1587859199071 90.7825511922124 92.9317260390569 95.7322256790845 98.5209658081133
-9999 -9999 -9999 -9999 -9999 -9999 -9999 -9999 -9999 -9999 -9999 -9999 -9999 -9999 -9999 -9999 -9999 -9999 -9999 -9999 -9999 -9999 -9999 -9999 -9999 -9999 80.9333333166087 81.2702087481787 81.5537896515656 82.1308198615409 82.808868108877 83.6098768358763 84.5485327660004 85.4170065857512 86.0773454414067 86.4176259742883 86.1367755674099 85.428569701059 84.5126745000761 83.4516447283061 82.4890165085484 81.7097616618536 81.1677797808711 81.1693202468141 81.5641031607933 81.5751486918931 82.4237374567325 82.8660813416491 83.6732289891378 84.8694455513516 86.7746352493106 88.2603547353548 90.1158775993213 92.0138519453267 94.635539898022 97.7822553676838 100.856209644853
-9999 -9999 -9999 -9999 -9999 -9999 -9999 -9999 -9999 -9999 -9999 -9999 -9999 -9999 -9999 -9999 -9999 -9999 -9999 -9999 -9999 -9999 -9999 -9999 81.1240911377709 81.2921204245128 81.4904452102564 81.7653380873501 82.0661906769259 82.3510057771328 82.8483838594031 83.6407639837058 84.6776026452908 85.6830190772611 86.5260062311012 87.004342949841 86.7705960991272 85.9960005535963 85.0212337544993 83.928537123587 82.9136345597134 82.1876491881106 81.6762210116373 81.4843319079572 81.5379104116385 81.9743189146117 82.3321449281834 83.6929406800969 84.8010558746403 85.6982283190646 87.091328960368 89.4200436160099 91.5581405148979 93.8370262314097 96.6159651781 99.7702382759352 103.182996305482
-9999 -9999 -9999 -9999 -9999 -9999 -9999 -9999 -9999 -9999 -9999 -9999 -9999 -9999 -9999 -9999 -9999 -9999 -9999 -9999 -9999 -9999 81.284069571284 81.4990546862886 81.7817801811886 81.9923762807723 82.0900969458755 82.1800611774817 82.360172089068 82.7108288092875 83.1616949525093 83.9146682662492 84.6508296058028 85.6193181692464 86.4909188868515 86.9711530941536 86.7933373357582 86.1107481212128 85.1950416889296 84.2121294198746 83.3387349104925 82.7698596189485 82.3280711286061 82.1112920587782 81.9520323002534 82.075314601146 82.7670767252252 83.9721706168868 84.6440723917426 85.7610559516654 87.1955459018589 89.4879239341649 92.0033967628717 94.7759565756445 97.5654055457842 100.998214093729 104.941448428598
-9999 -9999 -9999 -9999 -9999 -9999 -9999 -9999 -9999 -9999 -9999 -9999 -9999 -9999 -9999 -9999 -9999 -9999 -9999 -9999 -9999 81.8300708139555 81.944426013619 82.2292498481544 82.6493926646221 82.7750010864112 82.6941505288566 82.7362140425764 83.0574800358226 83.3145018124231 83.68954243872 84.2512379932903 84.6652713485499 85.2708932616799 85.919644209577 86.287284075466 86.2367594760226 85.7543127173983 85.0552713723875 84.3482395455915 83.6958211052139 83.2505083039603 82.9244163029805 82.7369833244608 82.6275696755894 82.7362271066556 83.1642859919261 83.5956342689574 84.4077048411072 85.8470239818811 87.6195972057992 90.2514442878558 92.8205031864415 96.0134087771629 99.0896584240366 102.525741343903 106.456230836556
-9999 -9999 -9999 -9999 -9999 -9999 -9999 -9999 -9999 -9999 -9999 -9999 -9999 -9999 -9999 -9999 -9999 -9999 -9999 -9999 -9999 82.3377317744772 82.7606532382855 83.2906123600932 83.6523669571904 83.6526225362392 83.4795258550337 83.4629173546045 83.6686327875709 83.5920029720119 83.7757256579839 84.1421353111269 84.6500458612336 85.0848312973019 85.4705502230099 85.5843015858135 85.5457718245035 85.2104184473046 84.7832461967947 84.4312134808704 84.0204754267424 83.6839089249291 83.4811642348619 83.346978005919 83.2501537789355 83.4491656368534 83.509201591078 83.9449732814782 84.3498044063257 85.8104517869658 89.0279189265262 91.386890814624 93.5515740142694 96.8377032603344 100.10495759859 103.40256031338 106.973576794121
-9999 -9999 -9999 -9999 -9999 -9999 -9999 -9999 -9999 -9999 -9999 -9999 -9999 -9999 -9999 -9999 -9999 -9999 -9999 -9999 82.6169384348484 83.0559802384382 83.5908857894339 84.1150945404093 84.5142649273011 84.5452281101851 84.3242291123728 84.1590512990212 84.0551619826083 83.9114278134579 83.9914430946722 84.2464797065507 84.6205079056786 85.0522905701723 85.2262735424093 85.3949050820727 85.2377688131466 85.0071279142813 84.7716591073176 84.4638867372773 84.2790875622414 84.2155579630553 83.8757801720582 83.7665423643205 83.6343538392785 83.9275308870691 84.3953179306166 84.6196585589607 85.3122625788449 86.5652372762894 88.4142524178309 91.5486919002709 93.5255682267606 96.1414177235247 99.3113868712099 102.484004790156 105.894696541856
-9999 -9999 -9999 -9999 -9999 -9999 -9999 -9999 -9999 -9999 -9999 -9999 -9999 -9999 -9999 -9999 -9999 -9999 -9999 -9999 83.1272805474784 83.6026398283026 84.1447460536955 84.7407529180499 85.2711606507205 85.495685847827 85.3757175249087 85.0154989131207 84.6096851979843 84.3478749629533 84.3968751920226 84.7232653972222 85.107366650584 85.5605997958178 85.9236311657888 85.9939994175331 85.922367101098 85.6904900709871 85.3748758865053 84.8840985327734 84.5854568740442 84.5989529113003 84.3978566951026 84.3165995835508 84.4479404614852 84.5391392477808 84.7636022905713 85.1155798592498 85.8464215681745 87.17386112814 88.5379294993515 90.1545831465336 91.665101195655 93.8544829254105 96.7236683772556 100.459870738386 103.32686272724
-9999 -9999 -9999 -9999 -9999 -9999 -9999 -9999 -9999 -9999 -9999 -9999 -9999 -9999 -9999 -9999 -9999 -9999 -9999 83.140812358314 83.5877495490492 84.0919235039977 84.654688281413 85.2613136803613 85.8594630617666 86.2606990898109 86.3262811018539 86.0234603318318 85.4640752805044 85.058747285196 85.0848106788766 85.5068753552578 86.1711891642714 87.0060308571291 87.54261411327 87.6472060744616 87.5474131271202 87.2155683014066 86.7487366660485 86.0098175163704 85.5941782586301 85.5195033272935 85.2983623931958 85.1927239333516 85.117404681457 85.0923054521008 85.2032545702505 85.3008357499429 85.815960387928 87.8515274252768 88.453645500085 88.9861955013672 90.0034146067252 91.1974220178844 93.891344237531 97.9179935059145 100.380267911193
-9999 -9999 -9999 -9999 -9999 -9999 -9999 -9999 -9999 -9999 -9999 -9999 -9999 -9999 -9999 -9999 -9999 -9999 -9999 -9999 84.0081295495499 84.5349354953726 85.0678809410705 85.6218534022307 86.2070296895677 86.6841302943749 86.8534603136716 86.6280035773514 86.0664609313277 85.6410920723465 85.7022681093537 86.4667476322024 87.7026138183042 89.0429416162936 89.9827712072524 90.2257160802799 89.9783046692275 89.291970706948 88.3755133323043 87.4953607452076 87.862284391268 86.4494479543199 87.0873709004943 86.9357407722046 87.0930360392813 87.0946726497115 86.9360903557139 86.489076450966 86.3742843178679 86.2977508101245 86.5629408806343 87.3281607921032 88.4689077315131 91.2298259153743 93.66402754927 97.0200964006933 99.4882267876345
