taller 3/murcia anomalia maxent/bio12.asc
NCOLS 321 
NROWS 253 
XLLCORNER -2.504166067 
YLLCORNER 36.745833473 
CELLSIZE 0.008333334 
NODATA_value -9999 
[rows 100 to 124 of 253, columns 57 to 113 of 321]
261.880095063499 266.081069906479 266.652145632504 263.306967451409 258.951509229135 254.220156152277 249.323930983293 244.863454227176 240.402699064913 232.291844373169 227.691271701345 222.485195375417 215.480801162739 211.285247846723 209.160387197832 208.073870334556 207.410536653492 207.573142368657 211.871212969839 217.149505939403 216.848259954944 211.724166896591 203.545180620528 196.199305617089 192.559480900091 187.871294786797 188.804045146126 192.221779828687 193.176392108443 190.397464328713 183.024019314555 170.87353548833 166.713275504255 163.756045578127 160.268044674766 154.910166249554 148.473646494098 144.270825940945 141.657147022631 139.921409980915 136.791670765135 134.865839477241 135.975717249801 132.897108574824 128.321590938407 127.084153714743 126.353615240068 125.437267308646 121.500092857535 117.514381141879 115.958161551675 114.68729363177 113.596871559254 111.598029054777 110.496580253927 109.392221729927 107.834350727074
256.242032772036 254.855223733128 251.683849462436 246.93092852002 244.065877244147 242.070874816663 241.423853557743 234.656945543312 231.741019785102 228.299047237398 224.105504906862 216.985526150565 212.323313917971 208.833074503772 207.782953398697 207.071623861313 206.27009047172 205.643853328985 207.695724817148 210.298058039102 209.399793698525 203.858864468239 196.541248933394 191.611848314761 189.752337116708 188.053297396968 189.815336386552 192.662887645544 189.363332986914 181.341408821982 169.230607245949 164.075285353195 160.413345496747 156.651550982418 153.826378830176 151.36638208005 147.398671476067 144.645070794738 144.010770633632 142.414075785756 137.48108735471 134.411095348416 133.566405935278 129.31238856146 126.468343302669 125.375360132954 123.258906369128 121.468676231443 117.731424928161 116.624720421356 114.64262774615 112.780080650619 112.347104208847 111.570294245904 110.938476240101 109.429341802623 107.117516029921
238.132601987341 236.814166660644 235.984075400535 236.148132946392 234.576716184229 232.709616595296 228.506202164754 227.539279865984 225.648440863457 222.817602144371 218.915520887648 212.65515662629 208.621462636023 206.380819007402 206.081143043842 205.305117909376 204.801590462795 203.51116101397 203.650191892695 203.650545687101 200.117225226378 193.441813232917 191.109366618523 190.508939812525 189.125858568038 186.249459620001 183.432448239823 179.316468413143 174.818620319916 165.459176018629 160.602104248699 158.194355758271 155.872832668523 154.349566714636 152.248862958924 150.392330942522 149.568425882324 148.66499949584 145.610661446982 142.254558606924 138.263323636736 132.656872303299 131.598702067205 128.310067956584 125.735142403281 124.232525145519 121.203022041792 119.588847671709 115.710459642742 114.724278081927 113.149002567088 111.602059524951 110.837459550655 111.088348280442 111.812219293519 110.114212194271 106.995004669799
223.631807781032 222.600291787536 223.807614562576 225.553432376064 225.216287532288 220.558451183239 219.652676282009 219.001060689323 217.382662608895 215.429071970037 212.992181586271 207.209294320476 204.936980031699 204.509959309729 203.863543713257 202.622549940275 201.096872397659 200.187128067067 200.257548845812 198.357472252528 193.542915342455 185.848103680004 182.645491226712 181.280473787888 178.048928747495 175.215444468118 169.193915729137 164.001682709586 158.450667452349 157.111854584531 155.697652043062 154.552376192256 155.021482430441 155.30086481456 152.649368542948 152.626997771512 156.385051838269 150.194934525251 142.179435336394 140.294917991217 135.350885887326 130.635196984241 131.878771905745 129.151786966105 123.854384672883 120.284368076579 117.939775221427 115.498174457582 114.104915064804 112.519969763222 110.2148652423 109.19088654043 109.206318290526 109.009356014264 109.706051948457 108.174113198895 105.383815157843
212.844052889869 212.837724461235 211.821796927601 209.613982099081 212.120091144763 213.419578936221 213.618737300131 212.283195936918 210.335079111712 208.319464587034 203.732008616953 202.23884009447 201.308049311665 202.013293508942 201.655956979 199.888222026081 196.761970689044 194.938525931596 193.005067515699 187.722925527167 183.058583832597 176.438911523779 170.325918490515 165.67785844166 161.822600777668 159.430437495816 156.55974995938 152.183629583724 152.42627033499 153.619699128531 154.596623374301 153.506343516561 153.379358561924 156.558846652172 157.457120294567 155.310408213642 155.188033358664 143.047264944116 136.052118359031 133.633915213436 131.521533125454 129.62899548165 129.990699440555 128.80297721057 123.731639617687 118.601106520532 115.097707618634 113.772051888396 112.623842874883 110.842640525391 108.959965275244 107.830462819053 108.046724597502 107.379212879144 106.602087448772 104.933893373399 103.89354387486
197.714627591518 200.769776877438 200.018663683544 201.423739274334 204.91505450326 206.143704842946 206.533100075568 207.043013652665 206.127727253226 203.662245906147 198.896681624009 197.866629062697 199.714159679731 200.545335481482 198.421504045359 196.356133065585 192.849098646424 188.27069790199 178.678146473334 172.376299810795 170.366081977167 164.276800396725 158.044609296272 152.779826627435 149.077663084698 147.76969062395 148.331840496218 147.926922859251 149.071503355334 152.935672938889 155.994359945465 153.928428899697 149.541833443595 154.476697754509 159.48465010573 156.333248627107 141.941016482964 132.23183426917 129.4595057535 130.02936597536 130.436986104356 129.242371938718 126.661725060122 124.171177362642 121.934560730018 117.127768278856 113.851739419351 112.471770294434 111.501196574289 110.258309940506 108.257675618858 106.811605595621 105.728631238519 106.189500063663 105.030532458376 103.862124198537 103.341521747343
189.170740363901 192.670107938321 194.365720734026 196.976927695401 201.586362233468 200.151710562656 200.139587276441 201.47929438444 203.454397434764 201.586897399385 196.522885814048 195.495867586846 196.165619434881 196.208644301054 190.892887780099 187.944231171453 183.313430877327 174.589021672021 170.443977061938 164.54466512201 158.518254849397 152.753942838705 147.204976677508 142.248534892299 139.325593930568 137.042845451471 140.438478189667 143.071917123252 146.259110324637 152.143947438221 153.50943867714 149.441351066465 148.586847155215 153.142285845135 155.581826143254 146.567761798198 135.364033148055 130.497905750128 129.544541637967 129.845952009025 130.384384442806 128.668618882769 126.096062380579 120.768293215338 116.553104166888 115.942770292887 113.588428907669 112.715930147521 110.928722094505 109.481080695509 107.525814787644 105.712413021997 104.53346427655 103.766408852999 103.247001403549 102.822477382249 102.847967618961
180.638685350576 182.187176765554 190.033027977075 192.995029532637 195.515131863353 193.310576685854 196.079484091497 196.106719569219 198.481851821123 199.274935044739 195.964152262026 193.010314359334 190.749946061798 187.765018864399 182.092744041078 179.192578297347 171.538398214543 167.21185661512 162.770725647324 157.786724829395 152.588533565349 147.15673215099 141.23330623804 136.033005375695 131.817842413475 130.633282666857 133.368005513603 137.679746467817 143.030517277607 147.995370260876 147.537062960402 145.017000576471 145.571589187513 148.015684274319 142.402196543438 136.475216881285 131.940899041976 130.528335065688 134.680632053608 134.372579143754 130.884319451139 130.458776138098 124.804931830531 117.96786585694 115.653261964489 115.018977910127 112.619600074435 112.356742041825 111.406226251444 108.32010774557 106.732464676333 105.169323887849 103.808926936705 103.008373324696 102.441757716735 102.667558761874 102.572296620241
176.022786643519 179.686352829395 182.15808985423 185.472215067406 188.809218963975 189.806308690971 186.81683561276 192.068345049989 194.519851096291 197.262308151567 195.396201633375 189.358033040131 186.847489286202 177.748799839755 171.723966775492 168.389443013359 166.468074477508 162.119159447391 157.182963728851 153.569122748452 148.865382565258 142.113172314875 135.723170750614 130.984770895155 128.376142999621 128.193067121956 130.465403373722 133.503775717492 136.915413900285 139.702741444852 140.343132130568 140.279469195111 140.365314727797 137.661241328028 132.435947369765 128.996786453401 130.427224935206 134.904044677759 139.701999035463 140.188955226836 136.934699918083 136.177414226733 126.041238889518 117.761397764629 113.455399133984 111.440951051992 110.812530293869 110.568944694205 108.820846279002 107.285194734142 105.421549286668 104.083494202674 103.071395747708 101.98892103098 101.761651173233 102.31945042648 102.302019353078
173.571281700503 177.017055552873 179.3815984735 182.092034365142 184.997425517464 184.96539955115 183.619124819347 185.581303224504 186.939081563859 188.056755436246 185.885370864791 182.281573959619 178.401664679195 174.456065575147 167.56120390927 162.897860258359 160.311600724338 156.785728047034 152.200064982103 150.407709727803 145.655818082674 137.8614114998 131.982852945211 128.012856603126 126.067974536587 126.838142987556 128.475541957545 129.246612917126 130.138639644691 131.690745870017 133.221225632784 134.486126619341 132.103108805289 127.71163354509 125.662099451053 125.435812684683 133.085102953385 136.602176461766 138.6209393564 141.715981966959 141.85288569533 138.506634182848 127.285013175896 118.866629761804 112.831828408568 109.766975977182 108.270767283432 107.106765522242 106.336581893436 105.256510444588 104.248265003839 103.250205522738 101.891337625057 101.323775048619 101.30674535551 101.713727228323 102.034474117231
171.746268113974 175.798357828244 176.941321668565 179.329783917709 180.811488183434 180.121763317888 181.952249315716 183.365964025205 184.484067378517 184.691418278627 182.261443305693 179.655069122923 174.227095563371 168.387421162893 163.222914103706 159.475138530997 154.188656970777 150.507710298099 147.448521997345 145.308442280045 140.148300945185 133.655367341155 128.021081205343 124.617139248507 123.488515418608 123.666362784345 123.985673495935 123.635250841644 123.998109804855 125.240763807068 126.640742740864 126.291059359005 123.436850596663 122.284841279426 123.816632982266 127.081825263104 134.414196065061 136.837282853453 140.174389263613 144.249983457704 141.881338336455 131.939788445282 123.101532624027 118.071361129825 113.287222896434 108.910568451725 106.778392226121 106.061405741565 105.067752501808 104.687188332602 104.377157234215 103.099122148234 101.648721092359 101.205228850676 102.454139802028 104.135257407188 106.950094098321
168.250263372286 172.018413787401 175.429132844953 176.267711373047 177.296858430005 176.882355181697 178.400325914248 179.840298492598 179.144724914762 178.658122214318 178.790976617545 176.369141834992 172.617560374977 162.719326327146 159.757778331824 155.210528291834 150.625145911257 145.295395508591 142.01522979163 138.740043881209 134.371114771282 128.245853397955 125.645282619595 122.280052483373 120.224236970391 118.081730946285 116.301947317108 115.772159172079 115.698280004686 118.128948127126 117.933629114659 118.09149948448 118.638355651993 120.80812447238 122.150813102006 127.479349626948 132.030326281635 133.945947841946 141.07325499268 146.586833098727 138.86873314519 125.759379311734 120.092983796822 116.024353566004 111.077063053205 108.021392424594 107.394337546946 106.408007235057 104.551902595026 104.209108395993 104.110547223379 103.582004351223 103.405967913271 107.140947676446 109.05553363965 109.716011671788 116.456557590864
165.239599627515 171.622149626389 171.105888731811 173.304971845319 172.590663667382 172.058608509533 171.859035003848 173.176204745755 173.879177721396 174.945473030838 174.28372826234 170.602872465225 164.539941523058 157.034562055497 153.566211477243 150.145375922342 145.847828290985 141.392840552802 137.094476393014 133.949140649245 130.83003585496 124.84518726802 122.495979455324 120.912828067095 117.587794360822 112.953659507945 109.442292905857 107.929109618637 108.03345547814 111.53581873807 113.2050567622 116.23843233322 118.529636584233 117.304504945081 122.053521591689 126.026330010423 130.012668883044 133.457406055256 140.155519995609 142.202695098615 134.067109097857 122.744647836838 119.585649782528 116.769815747128 110.781518941469 107.294260358792 107.48225415453 105.752145015384 103.988329875055 104.224787134647 104.286968888361 104.001072579993 106.865429306547 112.335463162421 113.536730169806 115.34284452489 125.500447733228
163.45428758566 168.616328628689 167.143148244415 165.910761469869 167.52757152302 167.863552303522 168.771565742695 168.210764857447 168.099196380882 169.29982015865 167.829443913331 163.535793543523 158.540126482025 151.698680698672 148.287016188939 145.144435548928 141.756514205052 137.164400478652 133.811642936065 130.993928219549 127.249156952737 121.754867014593 119.381013597965 117.726325146748 114.258133080725 109.578089558565 105.421624671865 102.698139635458 104.538896827032 107.924167975686 112.259489867646 115.267980370916 116.553766798768 116.822014589228 121.203630900642 124.32918617509 128.214788166292 133.316011248417 133.903842327494 130.818467300818 125.332772946101 120.591328843301 121.156064483806 118.341896135378 111.600801171207 107.927129091868 106.658493641721 105.445440644892 104.013447357116 103.15842292294 103.078168541675 106.10391258949 110.568283682134 113.240624251722 117.583432641426 125.995307387071 134.733361290467
161.292651219923 165.077507040794 164.356309772704 161.023218406819 165.322417308451 163.680100500165 164.100673622816 163.042721413899 161.564358539896 160.957045426417 159.703481358752 157.973687750697 154.057786901136 149.148941338276 146.515190247055 141.207990862032 135.245177286942 130.775804326704 127.866961723177 124.953690132776 123.526206544094 122.717914282173 120.250859447264 116.202355375816 112.080072065409 109.563698268525 105.970742449571 103.990232480014 106.186795512264 109.009939810502 112.455223924809 114.398559720134 112.872573629861 115.556593717823 117.565957418885 119.981202257877 124.547252120634 128.933603908322 123.34150061501 116.101206065869 115.362834361515 117.048355840119 120.063927883548 114.205782918781 106.872567212909 104.253803146707 104.077461222259 103.584125572332 102.289845618823 101.496267358287 105.809781818894 116.852372081567 123.37990984139 124.804520077284 130.008658337183 136.282545606912 140.373826482657
159.190432305875 161.353513124683 161.119965960766 159.021277918296 157.33851264145 158.981501465462 156.20713545534 157.685675200504 155.896952114352 155.106486120532 154.146836914616 152.69758571507 150.705395535906 145.282567499266 143.748657082491 138.022283658633 130.73076061647 127.650257183936 120.805883606502 118.167316709934 117.72276425031 119.579528733668 118.383678142691 116.97230297317 115.618588031646 113.090835221299 106.66092202157 105.799165646253 108.249722477012 110.543990222133 110.783725297062 111.290478709784 114.528770561486 115.121988337707 113.02924969774 113.510370806098 117.180197520471 119.585881109703 113.391735390817 105.46138873823 109.314436311859 114.819732835662 112.777930051022 105.825628123499 99.5558927449235 98.7189930297873 98.9557440211504 100.623301461537 101.477248677691 105.016608996692 113.386713040209 121.999545527188 127.345346291754 129.584900110325 133.868890188501 138.178053922637 143.643776519955
157.40801712898 156.353429306346 157.403670086736 158.581652586189 158.197425590886 158.685646592252 153.439229997424 150.205184761532 148.523711848886 151.497708746034 149.475998485837 142.107835802217 138.599369122061 138.638511277547 139.687706687211 136.544936675454 124.703175094485 119.298713668668 115.517222175793 109.381586534132 109.624673050082 109.552433427227 112.352858738641 113.697820305115 116.253192023266 113.22433892013 107.912985945741 106.04295913113 108.489626132326 108.594935172178 108.316493006986 110.325912058762 115.067056117244 116.566074557739 110.97995664433 105.845247607988 105.343739839499 104.670303288175 101.412558111666 99.2133864638506 105.337479214664 108.775769530191 104.517376351473 98.9359209141554 96.4405601929869 96.3892848684929 98.0439616967128 101.777918390823 106.513795216314 110.910401763405 117.16452400245 121.943473387061 127.388398980832 133.28507534693 136.648228621083 140.620462899139 146.82292615444
155.070244287935 155.32098847292 -9999 -9999 -9999 156.71683701252 151.501819051108 147.567712737656 146.090664951651 144.814621137719 140.058270710697 136.594887060914 133.524478799208 131.677924725811 132.985978386558 130.592361488568 120.96756353515 110.784203725193 106.917134223821 104.515624811979 103.599734311205 104.465421952523 107.198299695833 109.771516079537 111.827881714434 110.972291403269 105.928444099017 106.111899274646 106.723499029907 106.521137603184 104.790367317331 105.979283663019 108.026040831779 108.54034870355 104.572049655283 99.6723302492159 97.9263388498588 96.1168035265628 93.5875058301207 95.964379121937 99.9959883727125 99.8961246411428 98.3623980191864 96.1729375650369 95.7885562351701 97.3860105289501 100.201335403644 104.126378180303 111.377750226479 121.015350627428 129.574212550016 136.979782580542 144.020829659116 146.170556668902 143.534902570775 144.238963956924 149.780420670931
-9999 -9999 -9999 -9999 -9999 144.87191254551 145.677779635959 143.416631780966 144.079319598674 138.234528568333 134.323195400366 130.293939303443 127.284238548157 125.068251909933 128.095613418968 124.472935720646 112.830053996449 105.964529215483 102.283571884434 99.6374471888824 98.8263474465587 99.8750752273757 102.591326814942 105.196879412243 107.277896508465 106.028125096344 104.922995147079 103.481342205391 104.783834336705 102.887841823073 101.838425738775 101.561386156582 100.863352572381 98.9154099712489 96.9389561554089 95.4286998855532 94.2259333135448 93.3683750608525 91.5454936674122 93.0577091338311 95.3737206534856 95.9538818674019 96.3853007745252 96.8327423630401 98.253945879584 102.552458291195 108.398822504415 114.461535381409 123.7246856646 136.823852488328 146.072970667372 151.679294779942 150.276207502619 145.405226473316 144.261878485405 144.03093005885 143.602732880337
-9999 -9999 -9999 -9999 -9999 141.462974826217 143.007514173255 142.721989388886 140.12680738373 137.640931425359 136.137746644909 130.568439436976 124.525993727741 121.845478337811 122.00841900373 119.06859975108 108.478488742742 100.677514127169 96.4923156414461 94.1743969797628 94.0726925629103 95.8004197905148 98.8699466146904 101.679420483785 102.418653917422 102.924807206518 104.33779563635 104.305701985318 102.896147030016 100.760062836591 100.027870745073 98.6233377660579 97.8680466658581 96.0053263346492 94.1940304132718 92.9173205477175 92.5367280829526 93.2549260212486 92.0462789017199 91.1917482401582 92.2883184931928 93.3119682785096 94.6792900902191 96.5486360926999 100.352783930995 106.384386494312 114.386822651854 121.943468492449 131.63810497602 140.998703319464 146.320953723257 145.856208767671 137.924743980243 136.281048908469 130.880608656614 134.695408255578 132.697459905873
-9999 -9999 -9999 -9999 -9999 141.283985907679 142.417726170699 141.82599610776 139.605425553526 140.444719027642 142.452087295781 132.30354712367 120.65650424311 119.19517482132 118.404632856483 112.924395936474 102.760221505822 95.4986516775306 91.412107518741 89.4254878285208 89.9464441280797 92.5341299829459 96.1073294317016 98.8846286770205 101.354245819633 103.405889940809 103.960262789441 103.759380229977 100.20685467519 98.5412457191227 98.2502978906427 97.52296400761 95.6794568749494 93.7793291989275 92.1811244926754 91.2273855159163 91.2737462947613 91.4961460014409 90.4772735032199 89.7021604093317 90.3327222262792 91.5826025586934 92.986784577043 96.0706317686749 100.068473252713 106.414808224611 113.56285654873 119.714401112455 125.076099902618 129.351574876192 131.590318895703 128.887514955621 122.650090584825 121.758707622183 124.023796125987 129.664918777567 135.481672004405
-9999 -9999 -9999 -9999 136.907462161815 140.466678506179 142.204495940361 142.105259881457 141.164456337434 144.23899456206 147.744482244654 132.646646073552 118.20974837946 116.349215932657 108.963797855104 102.247982441075 97.2307971704966 91.9810092141481 88.2284807876155 86.4956564188834 87.5129032612554 90.3791424207646 94.1551171709637 97.8192125040085 100.530987740621 102.851478145014 102.844613261429 100.849241564363 99.5318315213725 96.6264912721312 97.0413017365308 96.5620460896951 94.0591663424414 91.9489469562403 90.5265498698018 89.7872743402628 88.5355796096661 87.7014739489897 87.9448606103259 87.6949624672192 88.3878107225254 89.9253402498812 91.0058028091392 93.9183821816454 97.63903945435 103.208999382668 110.278062703662 117.776955221677 119.099455260518 115.27969843691 114.339089611377 116.516493977611 118.369756366343 117.924187424551 120.853278137662 126.854077058446 133.230658934348
-9999 -9999 -9999 136.191399764533 135.475337367252 139.188198951919 140.429096541784 140.351556434452 140.700688728077 142.733588988699 143.014924101581 132.65971765012 118.645423203134 111.350570280843 106.637592264874 100.852974670216 95.4460804748929 90.4100924607403 87.1298525609543 85.938046727604 87.0186739846539 90.1107657904205 93.7065907344991 97.1328850092695 99.9930086998005 102.734909477416 101.823574218814 99.9481001556745 98.9268620679841 94.8035326346006 95.465864523426 94.4415722586377 93.0177033453479 91.6479474369611 89.7755903478829 88.3547862642795 87.1095465170997 86.4760765606265 85.4578582841479 85.1331721807686 86.7949023190745 86.9581063535025 87.8022350343485 91.4704307105681 94.2723401452129 98.0398629148105 103.60740303897 110.066184649604 110.992990909908 106.640955769879 104.817842744688 108.546792001823 113.506956687845 112.981092574051 113.42208100659 116.534443478609 121.557046899872
-9999 -9999 -9999 135.162313828555 134.849290289858 134.410677752908 134.813996392881 135.034778738801 134.628265952664 137.421761902038 136.525611657262 127.56193259908 118.916994097727 111.950485952137 106.589735286469 101.374320735182 96.6070967428318 91.6900341067922 88.5957614992325 87.5868199167871 88.4325223855112 91.1297050517505 94.5723374248566 97.796144041715 100.616261121053 103.732833693728 103.185903569914 100.644056279856 98.1576542296845 95.7921465288 93.0960733191504 92.3965174207906 92.2663251710381 91.9757338231437 89.5182358832155 87.4209514276861 86.1076420821528 85.193217225914 84.5595005518626 84.1264493525033 83.096491283498 83.9827470611494 85.2264274787799 87.6135283353358 90.6794555520794 93.1536985704112 96.1008641679671 98.7895762311246 100.92631946898 100.984187690353 100.721139351101 102.263330726405 104.23848372725 104.175232638085 104.84757274876 108.55720758014 114.913512311581
-9999 -9999 -9999 135.790793980782 136.732297671707 131.08964290327 128.887614291929 128.319571210631 130.760986622332 138.260684408258 136.814299070804 126.544919361651 119.436720620197 113.081094815366 107.326779614505 103.341172703099 99.1810474725719 94.3919417474452 91.4095997065119 90.6108452608673 91.8876806687646 94.1607899979721 97.9157718982458 100.889749049085 103.244591738129 104.145989531883 104.228686293153 103.216752425866 99.0476112519799 95.296313259216 92.310698069269 91.6780237697817 91.9215390923644 91.2771299175329 88.3265727297663 86.455308273042 85.9163549590122 84.9120808990116 83.737071478949 82.1841377306366 80.2100277138462 80.7572472486711 81.7710404541134 83.4668718354107 86.0569323612744 88.2018350688861 90.9528918092735 93.3950496514897 95.8580264496205 97.5116669483779 98.0583065963375 98.4214693450216 99.1526749208108 99.4007951763784 100.615074750141 104.430651699106 108.889465793226
