taller 3/murcia anomalia maxent/bio15.asc
NCOLS 321 
NROWS 253 
XLLCORNER -2.504166067 
YLLCORNER 36.745833473 
CELLSIZE 0.008333334 
NODATA_value -9999 
[rows 125 to 149 of 253, columns 171 to 227 of 321]
129.265124297762 134.109076177398 138.754004653715 143.197733859839 146.639202440321 148.956451644647 150.626850193301 151.797494959703 151.817655689494 152.459074235688 151.592034196844 151.627272889246 150.193673997739 147.803325365421 147.34798515122 146.687229043019 146.097624358031 144.092555512864 143.630416951805 143.163426720787 142.755715123343 142.415827401796 141.631271424132 138.813714618772 136.233950509669 133.733611216602 131.681650730038 130.309593184279 129.660168327654 129.566825873191 129.895393515694 130.506363740993 131.320361187329 132.534195052477 -9999 -9999 136.267900426909 136.159746314099 135.227469457753 -9999 -9999 -9999 -9999 -9999 -9999 -9999 -9999 -9999 -9999 -9999 -9999 -9999 -9999 -9999 -9999 -9999 -9999
134.406021201299 137.927725396102 141.337367091916 144.92845197118 147.924198622808 150.208010304424 151.984699894328 153.177891701186 154.292519023672 154.413024446515 154.247507623978 153.903266526131 150.889302989172 150.65783943188 150.013922693419 149.114350797156 146.748570987212 146.40581669547 146.082826051186 146.062758603514 146.103567555558 146.16624482214 144.752150978707 142.045361718533 138.533545688474 135.120048188751 132.379919191469 130.55492904741 129.611509804744 129.332295012507 129.531110539366 130.069199734233 130.815523802836 -9999 -9999 -9999 -9999 136.159746314099 134.834221221652 -9999 -9999 -9999 -9999 -9999 -9999 -9999 -9999 -9999 -9999 -9999 -9999 -9999 -9999 -9999 -9999 -9999 -9999
139.99303881737 141.808665427749 144.627011656566 147.36359298235 149.885262530305 151.845519360151 153.725533295184 155.289658526875 156.548380590858 157.531619504235 156.687554247925 156.509252256585 154.028164239072 153.297845786497 152.562535810156 151.724050990695 149.096446817544 148.610342961172 148.612470258846 149.473354146409 150.556221455855 150.625781411485 149.357453512146 145.803378338956 141.158907802192 136.66675452649 133.145518721645 130.824351931368 129.57838316156 129.132484891463 129.166919580897 129.6094914794 130.72144945958 -9999 -9999 -9999 -9999 -9999 -9999 134.412111885674 -9999 -9999 -9999 -9999 -9999 -9999 -9999 -9999 -9999 -9999 -9999 -9999 -9999 -9999 -9999 -9999 -9999
144.760571053233 145.7405685033 147.924154523497 150.213586888324 152.121816002291 154.143076860519 156.035021464069 157.662207642203 158.962860420155 160.024844307385 159.454784989373 158.399265622646 156.889972113899 156.365264235031 155.474731039059 154.301784301858 151.469064708294 150.569236134797 150.6773883262 151.937832411256 153.478704733255 154.643448012253 153.33983066922 149.215652399899 143.572875736938 138.133099097541 133.918496337845 131.134398486413 129.624727573452 128.975959562436 128.767270884823 128.718409711853 129.153590354605 130.867259538152 -9999 -9999 -9999 -9999 -9999 -9999 -9999 -9999 -9999 -9999 -9999 -9999 -9999 -9999 -9999 -9999 -9999 -9999 -9999 -9999 -9999 -9999 -9999
147.974487164467 149.106318505213 150.96308600091 152.848161910208 154.939251802505 156.794064418772 158.578918296392 160.214938883967 161.316308507438 162.35896982607 162.089184972889 161.096991646628 160.172596360807 159.834140847942 158.703129567688 157.12368338252 153.913425446594 152.460647727102 152.223249574913 152.880212698226 155.197340670053 156.603941238174 155.301865740901 150.980313339775 145.017303917779 139.128015363354 134.503893452539 131.478500279953 129.781731341331 128.99072917725 128.652018520704 128.351169150275 128.21204635328 -9999 -9999 -9999 -9999 -9999 -9999 -9999 -9999 -9999 -9999 -9999 -9999 -9999 -9999 -9999 -9999 -9999 -9999 -9999 -9999 -9999 -9999 -9999 -9999
150.763750386492 151.710318668024 153.514043409827 155.612941637621 157.7747072585 159.701417546683 161.176267460588 162.930369064586 163.94622009189 164.900983438906 164.276016301296 163.729230291169 163.873498938985 163.283954978168 162.234262662553 159.279942680677 156.44628712264 154.343410353043 152.381711230004 153.124147032708 154.891615696305 155.896804858581 154.532504246595 150.486552273571 144.898574822561 139.338023110435 134.866779680368 131.834042841873 130.058864754644 129.230527723155 128.942824917995 128.859044293152 -9999 -9999 -9999 -9999 -9999 -9999 -9999 -9999 -9999 -9999 -9999 -9999 -9999 -9999 -9999 -9999 -9999 -9999 -9999 -9999 -9999 -9999 -9999 -9999 -9999
153.50160710429 153.801489516282 155.612835382643 157.990240542728 160.281844494153 162.662471447231 164.363751555424 165.532956567889 166.599885919774 165.700560369136 166.410235421969 166.092993690634 166.641119966468 166.789721804028 165.704900812715 162.665107171737 159.340450773511 155.047477501918 153.07010358018 152.698493583256 153.257439803278 153.411800641618 151.875513185935 148.379631749091 143.656376634828 138.891295282914 134.949275738777 132.127502396375 130.414024206979 129.605497136053 -9999 -9999 -9999 -9999 -9999 -9999 -9999 -9999 -9999 -9999 -9999 -9999 -9999 -9999 -9999 -9999 -9999 -9999 -9999 -9999 -9999 -9999 -9999 -9999 -9999 -9999 -9999
154.783480439469 156.483139414868 158.564539164925 160.870822436489 163.325208069247 165.591631922558 167.202866884111 168.003091902212 168.901494070846 168.295815041566 168.43022795714 168.087950008268 168.658821569086 169.091985827536 168.283831635836 165.378831429714 161.715529817357 156.923481700426 153.726565507246 152.087486061728 151.317699619778 150.504096880266 148.712350884931 145.705139022924 141.907177003113 138.036835718012 134.490249317122 132.07878277226 -9999 -9999 -9999 -9999 -9999 -9999 -9999 -9999 -9999 -9999 -9999 -9999 -9999 -9999 -9999 -9999 -9999 -9999 -9999 -9999 -9999 -9999 -9999 -9999 -9999 -9999 -9999 -9999 -9999
156.937510517045 158.918967124526 161.092669301655 163.45881669309 165.950035278225 168.082585417725 169.974066113128 171.045136522696 170.729557268599 170.922229052356 170.427828249516 169.846163563029 169.817790225253 170.179232822418 169.799487177733 167.220974963834 163.177855308221 158.869644311754 154.368433791368 151.516192038231 149.34890427324 147.696243741738 145.589594414898 142.880576186105 139.795909848879 136.707427877368 134.016064941637 131.989802034196 -9999 -9999 -9999 -9999 -9999 -9999 -9999 -9999 -9999 -9999 -9999 -9999 -9999 -9999 -9999 -9999 -9999 -9999 -9999 -9999 -9999 -9999 -9999 -9999 -9999 -9999 -9999 -9999 -9999
158.874951159194 161.14310070182 163.476745445801 165.984875543625 168.325927477106 170.666097592411 172.4905855207 173.283488736867 174.173790306594 174.352694103061 173.587130559377 172.154664640118 170.940564811135 170.634017343914 169.933618470264 167.806016642005 163.657170904892 159.293679648108 155.422364845125 150.658688058937 147.912953916215 145.460814018045 143.027002448502 140.478159287754 137.861863515376 135.362207527963 133.212558061605 -9999 -9999 -9999 -9999 -9999 -9999 -9999 -9999 -9999 -9999 -9999 -9999 -9999 -9999 -9999 -9999 -9999 -9999 -9999 -9999 -9999 -9999 -9999 -9999 -9999 -9999 -9999 -9999 -9999 -9999
160.733003998071 163.141312365334 165.62344797775 167.747920084986 170.384040347965 172.8833175837 175.071510439381 175.886290357474 176.754505099757 177.610574003306 177.597470656759 175.886442710493 173.472108386271 171.425645377978 169.937563698822 167.595250287603 163.432371424907 159.090625456137 154.976076042291 149.680829217984 146.37651849228 143.441247596851 140.746011920314 138.206859866563 135.809687325109 133.687560625822 -9999 -9999 -9999 -9999 -9999 -9999 -9999 -9999 -9999 -9999 -9999 -9999 -9999 -9999 -9999 -9999 -9999 -9999 -9999 -9999 -9999 -9999 -9999 -9999 -9999 -9999 -9999 -9999 -9999 -9999 -9999
162.443083916411 164.459452644066 166.95073033869 169.523770117284 172.297419121414 175.089624205423 176.705807504393 178.050336183574 179.843767152986 180.739185871019 181.075382804546 179.871482102433 176.531389949224 173.258437332614 170.331420911791 167.353529525496 163.072821097966 158.644204917463 152.977119507906 148.378749906096 144.64934539492 141.326207962117 138.398171744512 135.807913911571 133.557490133808 131.714778262454 -9999 -9999 -9999 -9999 -9999 -9999 -9999 -9999 -9999 -9999 -9999 -9999 -9999 -9999 -9999 -9999 -9999 -9999 -9999 -9999 -9999 -9999 -9999 -9999 -9999 -9999 -9999 -9999 -9999 -9999 -9999
163.905857316837 165.65872542504 168.329949913373 171.113490583366 174.020608977962 176.043300887157 178.123238854229 181.024954455342 182.910207421675 182.79847714613 182.490930188682 181.852775961484 178.783821206727 174.893827623874 170.955452448642 166.515530336242 162.244589874471 157.689787333483 151.334605954139 146.562517206428 142.502207305692 138.828014462528 135.654740503916 133.002608995527 130.86344479587 129.257481585299 128.191554461335 -9999 -9999 -9999 -9999 -9999 -9999 -9999 -9999 -9999 -9999 -9999 -9999 -9999 -9999 -9999 -9999 -9999 -9999 -9999 -9999 -9999 -9999 -9999 -9999 -9999 -9999 -9999 -9999 -9999 -9999
165.217714544328 167.117653340322 169.578485259967 172.396104012538 175.370417712864 177.188091896188 180.104724685304 183.96090838029 187.34160446908 188.207766738447 184.822876292538 182.969166869367 179.780809724084 175.51881939255 171.068547514852 165.905154692994 161.0975517533 155.98261924487 149.455069876497 144.334393857035 139.914470171563 135.932056896905 132.530936215608 129.775686707568 127.692137796617 126.300356866125 125.567467691221 125.379878767942 -9999 -9999 -9999 -9999 -9999 -9999 -9999 -9999 -9999 -9999 -9999 -9999 -9999 -9999 -9999 -9999 -9999 -9999 -9999 -9999 -9999 -9999 -9999 -9999 -9999 -9999 -9999 -9999 -9999
165.671033617721 168.182749347199 170.449594366091 173.355989034271 174.569608439261 177.029075878733 181.174687553816 185.810558376173 190.857194464517 194.293451209671 190.077846637198 184.628274298524 179.985385147985 175.211371656997 170.36506523615 164.724055205889 159.466945887717 153.971444602421 147.136774494259 141.717845386303 136.924313090053 132.685781475757 129.038588945035 126.16767658341 124.140939096185 122.965021972921 122.57369522142 122.669046288941 123.25817364618 -9999 -9999 -9999 -9999 -9999 -9999 -9999 -9999 -9999 -9999 -9999 -9999 -9999 -9999 -9999 -9999 -9999 -9999 -9999 -9999 -9999 -9999 -9999 -9999 -9999 -9999 -9999 -9999
164.947272652037 168.467367176916 170.7225385011 173.525995473523 173.232473005378 176.882889571862 180.828188424822 185.260287575873 189.612075528024 191.736784182684 189.112443775485 184.19360725285 178.892038648061 173.795763662239 168.80640266168 162.89756005687 157.333858104875 151.581277753447 144.516702441462 138.826871511662 133.739065542743 129.2059768163 125.323324006764 122.365167504451 120.430165438672 119.496318812244 119.460579163589 119.985445281576 121.029907557711 122.373026631574 -9999 -9999 -9999 -9999 -9999 -9999 -9999 -9999 -9999 -9999 -9999 -9999 -9999 -9999 -9999 -9999 -9999 -9999 -9999 -9999 -9999 -9999 -9999 -9999 -9999 -9999 -9999
165.256840857377 168.689535603015 170.443045505655 169.078048935058 172.071279294334 175.420973630358 178.952447991023 182.545839742636 185.541550708566 186.617730786589 184.974782702226 181.250653346615 176.285668384785 171.322009597858 166.342914919496 160.450274055981 154.817313824023 148.888603953411 141.707992800494 135.799320300655 130.474094285921 125.720464413725 121.763334102798 118.785615272384 116.994686176495 116.339746384669 116.658334007523 117.676028483408 119.10346430896 120.703221645745 -9999 -9999 -9999 -9999 -9999 -9999 -9999 -9999 -9999 -9999 -9999 -9999 -9999 -9999 -9999 -9999 -9999 -9999 -9999 -9999 -9999 -9999 -9999 -9999 -9999 -9999 -9999
165.05089536928 166.792797698629 167.021941076209 167.787249015683 170.288038922369 173.054548173598 175.963406921437 178.538397863656 180.394091754255 180.875927708117 179.5875740105 176.759261502558 172.521573980419 168.160281341226 163.238452563763 157.164657852215 151.994436402763 146.026178433963 138.821412685711 132.868367180143 127.494649475332 122.747825030863 118.850871276322 116.027046993393 114.504694689481 114.164259218312 114.711289751989 115.914695844305 117.535111129538 119.35201866794 121.189177118489 122.899015605164 -9999 -9999 -9999 -9999 -9999 -9999 -9999 -9999 -9999 -9999 -9999 -9999 -9999 -9999 -9999 -9999 -9999 -9999 -9999 -9999 -9999 -9999 -9999 -9999 -9999
164.597134825774 163.470743038975 163.578218160489 166.445393629167 168.416502459949 170.407808512329 172.379915877631 173.951143424409 175.008443245405 175.056453977799 173.870496894683 171.631744610157 168.712832044723 164.340594163685 159.889031406439 154.131820062967 149.125773153843 143.238744572392 136.046630089801 130.305374735455 125.062379694462 120.495802037752 116.857611959187 114.412793828235 113.413917255963 113.470692050425 113.965738509553 114.995333948901 116.561332672021 118.449866746408 120.395661582331 122.221698708986 123.89286538276 125.066347614537 -9999 -9999 -9999 -9999 -9999 -9999 -9999 -9999 -9999 -9999 -9999 -9999 -9999 -9999 -9999 -9999 -9999 -9999 -9999 -9999 -9999 -9999 -9999
161.733274310585 159.529856489939 162.067238236105 163.570092739093 166.291943504026 167.739103124816 169.008774079809 169.640443901182 169.983578066705 169.565623684534 168.526708254461 166.674907494276 164.272391636656 160.517470942396 155.696856766619 151.201244590906 146.010883261305 140.476932709764 133.652263303971 128.25778926501 123.212354892238 118.881667477281 115.710641182627 113.808639067115 113.376995891386 113.833856748749 114.051483774555 114.75098124574 116.163222305441 117.980035319749 119.895909359535 121.773013029516 123.488009805066 125.066347614537 126.522038509472 127.755989159812 128.924167590157 130.026463342007 -9999 -9999 -9999 -9999 135.208725980545 135.077977062395 -9999 -9999 -9999 -9999 -9999 -9999 -9999 -9999 -9999 -9999 -9999 -9999 -9999
157.022747788439 158.143087733652 159.833277224718 161.674509125713 163.193765519477 165.349175103917 165.996831917093 165.835876678294 165.407361315036 164.896379020217 163.960318145975 162.290616554475 159.313954094945 156.788656597061 152.870587254272 148.721376536034 143.791429969687 137.320858496424 131.825921262634 126.712341510897 121.826163217347 117.78097437718 115.118037847317 113.617425046913 113.256580949483 113.706485179521 113.997346768536 114.754013218951 116.074061268338 117.434083076573 119.266918749306 121.431962386077 123.132077023932 124.743054062412 126.294964083116 127.755989159812 128.924167590157 130.026463342007 131.162453822889 -9999 -9999 -9999 134.91490175081 135.345379412619 136.245312512271 136.925534735798 -9999 -9999 -9999 -9999 -9999 -9999 -9999 -9999 -9999 -9999 -9999
154.248424583401 156.374889339388 158.652454138775 160.013284827656 161.248425640906 162.258553720206 162.819237548464 162.891377649057 162.235800723968 161.57090393515 160.292547150899 158.956000432963 156.291895236825 153.954701182909 150.507335873167 146.734759840133 142.280345106739 136.125623877235 130.733066272892 125.545585080889 120.684077654925 117.082329976701 114.829793145003 113.525251093952 112.853586496853 112.958714887584 113.669611189801 114.652779401309 115.975886248369 117.234395686377 118.977309185241 121.101535738228 122.805098798264 124.547973476593 126.215547456835 127.705680280164 128.930160396525 130.119643969335 131.275102970919 132.292003454821 133.301580923008 134.168396837043 134.91490175081 135.605458847141 136.245312512272 136.925534735798 137.581017810921 -9999 -9999 -9999 -9999 -9999 -9999 -9999 -9999 -9999 -9999
153.126400954879 155.35020009033 157.69092454621 158.832306174406 159.880955183627 160.546554453141 160.828513021992 160.710409482725 160.773042265532 160.001382846287 158.794617110492 157.711706699307 155.368705176693 153.163231558311 149.915698376678 146.35283688585 141.949745819275 135.951443853081 130.552388944883 125.098721007831 120.148935256447 116.738702353192 114.647163398994 113.496892643883 113.020429766358 112.96099173973 113.454537913003 114.354810261528 115.884389996415 117.581857988723 118.926585114343 120.444293625816 122.287503691666 124.408609665684 126.340559399886 127.746166494611 128.973331106077 130.09026103056 131.165090658559 132.291470854591 133.301580923008 134.168396837043 134.967492599885 135.780707058359 136.565975335676 -9999 -9999 -9999 -9999 -9999 -9999 -9999 -9999 -9999 -9999 -9999 -9999
153.203645049166 154.808096044387 156.581181132894 157.540243552087 158.649987817243 159.227022699759 159.567160139062 160.044166771329 160.076750953208 160.044612325859 159.533250472632 158.020093691239 156.18042474455 154.034643882601 151.247387259004 147.272771229883 142.624961482324 136.589679237539 130.883675199327 125.375201864353 120.504262316101 116.830375258644 114.625616473168 113.384347288342 112.698287562409 112.375590367605 112.784215883705 113.854887962355 115.556704036547 117.267139956672 118.499399704555 120.098657847649 122.194360316901 124.541648730586 126.493523922635 127.860933735826 128.988860791371 129.91829517243 131.046797676734 132.222285025078 133.16037202409 134.006309265443 134.546277985666 135.685074240068 -9999 -9999 -9999 -9999 -9999 -9999 -9999 -9999 -9999 -9999 -9999 -9999 -9999
154.369259785267 154.854463395036 154.457842046879 156.163601252691 157.181061426968 157.72634119857 157.794485691317 157.006568306863 158.012115443279 160.770902488347 161.408209595597 158.869737314545 156.324446364897 154.332340597503 150.979737603334 146.886322450403 142.145889454198 136.2700480802 130.837093497012 126.039353406494 121.574001633219 117.664702145845 114.856539551466 113.036129209464 112.301880968214 112.140528812013 112.83620985024 113.996243233598 115.507320386027 117.478742317821 119.151861495693 121.060575124864 123.202845295596 125.138576678054 126.667658047498 127.789249750932 128.332635936773 129.458544853593 131.293993019094 132.699916086608 133.79882002896 134.640323525391 134.700694133778 -9999 -9999 -9999 -9999 -9999 -9999 -9999 -9999 -9999 -9999 -9999 -9999 -9999 -9999
