taller 3/murcia anomalia maxent/bio12.asc
NCOLS 321 
NROWS 253 
XLLCORNER -2.504166067 
YLLCORNER 36.745833473 
CELLSIZE 0.008333334 
NODATA_value -9999 
[rows 125 to 149 of 253, columns 171 to 227 of 321]
129.118238760628 132.631382961781 137.592033947546 141.531117079434 144.621908075235 147.275741477088 149.569860853998 151.872143495705 152.968984938444 155.228924945891 158.795870949576 160.893296799295 164.536987055071 168.546583232208 170.077301317271 171.754109444314 173.510337867002 176.519613283847 178.822108901751 181.266837862321 183.15308144993 183.614502785571 183.092364374402 184.869918465165 185.400450877366 186.10155099605 187.108799002675 188.272171891522 189.256734989651 190.0311067215 190.387404393841 190.354550133437 190.048686642128 189.565655916676 -9999 -9999 188.07677553456 188.308971248149 187.986390801928 -9999 -9999 -9999 -9999 -9999 -9999 -9999 -9999 -9999 -9999 -9999 -9999 -9999 -9999 -9999 -9999 -9999 -9999
131.956449901696 134.506634233064 138.623873122569 142.287921923453 145.58887380892 148.601622039009 151.360589168001 152.865978153975 155.486827319991 157.819644304716 161.220012088697 163.650491248717 167.616446901567 170.14173273604 171.696511965729 173.815841259959 176.739767368524 178.359724426529 180.738142769606 183.087401990021 184.967433591987 185.130754141111 185.320117212587 185.369342209492 185.747696477716 186.387916263736 187.374153403507 188.626970655948 189.902904485502 191.066646283743 191.84895087955 192.195299020391 192.152268021992 -9999 -9999 -9999 -9999 188.308971248149 188.333158177901 -9999 -9999 -9999 -9999 -9999 -9999 -9999 -9999 -9999 -9999 -9999 -9999 -9999 -9999 -9999 -9999 -9999 -9999
134.884034677708 137.358477327741 140.311692037656 143.761006718371 147.16624866494 149.183243174816 152.254127131018 155.194023972391 158.033570199136 160.722213395451 164.04442890479 166.403337736105 169.923195776636 172.356561837728 173.645312535788 174.848358399379 178.007539457766 179.597403150287 181.658095185718 183.396563760307 184.680606224131 185.673535648253 185.311284911781 185.375853462262 185.696384039726 186.379480116274 187.434331683356 188.856034137883 190.473112457318 192.034985463982 193.364287327846 193.999276328761 193.086887495101 -9999 -9999 -9999 -9999 -9999 -9999 188.231927274317 -9999 -9999 -9999 -9999 -9999 -9999 -9999 -9999 -9999 -9999 -9999 -9999 -9999 -9999 -9999 -9999 -9999
136.855361421309 139.476222713398 142.195109587609 145.473442187963 147.811702285935 151.356136384613 154.679785062651 157.85347779579 160.89708976608 163.659067710931 166.813532743961 169.750671768606 172.925603481543 174.204750407271 175.154167719796 176.073804294723 178.758025431529 180.323735321243 182.119986168124 183.834686846441 185.516413946266 185.626296036288 185.278960472006 185.062602914662 185.320565127233 186.049598257219 187.249487518368 188.905628175031 190.788285635402 192.830060682342 195.007181899058 197.077804139446 197.352331909058 194.034045334024 -9999 -9999 -9999 -9999 -9999 -9999 -9999 -9999 -9999 -9999 -9999 -9999 -9999 -9999 -9999 -9999 -9999 -9999 -9999 -9999 -9999 -9999 -9999
138.104342956513 140.942153403184 143.967065771487 146.118269902595 149.814534328132 153.699069897205 157.363524398584 160.731519084581 164.162623033529 166.990012441668 169.758375601639 172.586542689631 174.89196861278 175.646254303391 176.399378714466 176.96349969812 179.110206971928 180.377946856685 181.929382544588 184.406413263167 185.095956878729 185.246164849485 184.929739958833 184.598890002101 184.720803955896 185.561634710684 186.93846122308 188.615432347467 190.656914383238 193.03857900585 195.753469752822 198.956437413973 201.141464801497 -9999 -9999 -9999 -9999 -9999 -9999 -9999 -9999 -9999 -9999 -9999 -9999 -9999 -9999 -9999 -9999 -9999 -9999 -9999 -9999 -9999 -9999 -9999 -9999
138.310347776396 140.793848271225 144.379266715327 148.140915055889 152.0432918881 156.108213789756 160.338243541453 163.72707018331 167.178355383721 169.924788360579 172.371514529887 174.978423372729 176.199746000332 177.065270565441 177.257703602721 178.187536054274 179.674621015185 179.987940495637 182.754078200583 183.638745026838 184.177790990917 184.368266011849 184.193477127229 184.019627731357 184.275581557796 185.098399967926 186.394977456263 188.031681147482 190.092398710272 192.383009296838 194.840672392381 197.383435194871 -9999 -9999 -9999 -9999 -9999 -9999 -9999 -9999 -9999 -9999 -9999 -9999 -9999 -9999 -9999 -9999 -9999 -9999 -9999 -9999 -9999 -9999 -9999 -9999 -9999
139.102467202899 142.11077745577 146.379219430439 150.569264574343 154.757643876942 158.704112202578 162.869870669081 166.900566694931 170.144636973665 173.25671369675 174.923952424308 177.046176630747 177.634241625263 177.800582763086 177.796833891306 178.240462567261 179.091830792877 181.305206961893 182.035204437702 182.65223266678 183.09594292829 183.291952296833 183.319798268582 183.37490528611 183.787625890062 184.593545064285 185.720192714506 187.252276926602 189.105155124323 191.056573890232 -9999 -9999 -9999 -9999 -9999 -9999 -9999 -9999 -9999 -9999 -9999 -9999 -9999 -9999 -9999 -9999 -9999 -9999 -9999 -9999 -9999 -9999 -9999 -9999 -9999 -9999 -9999
139.003511505334 143.776107508754 148.53336618387 153.218077949043 157.715987060735 162.111012822831 166.601154277186 169.716652966494 172.935152718678 175.725091686572 177.203582586814 178.283002360167 178.294434337757 178.192242310571 178.088869624566 178.529122032265 178.705029590531 180.428109776735 181.372443717997 181.859326370733 182.243370547988 182.450531122588 182.620497916704 182.845681755678 183.276566081663 184.020031457263 185.409870237616 186.658128005421 -9999 -9999 -9999 -9999 -9999 -9999 -9999 -9999 -9999 -9999 -9999 -9999 -9999 -9999 -9999 -9999 -9999 -9999 -9999 -9999 -9999 -9999 -9999 -9999 -9999 -9999 -9999 -9999 -9999
140.523930248068 145.344106984521 150.35319099369 155.344841540881 160.140797998491 164.964715444179 169.390100603467 172.650501866882 176.491397201054 178.720051419325 179.560510696887 179.078597603362 178.179330958724 177.849579696673 177.681640742676 178.017391534857 178.756658923882 179.442125221499 180.592392552027 181.339451929475 182.149149075881 182.326516780828 182.562223547436 182.846522486658 183.208484530045 183.804659700776 184.657490738439 185.675041449369 -9999 -9999 -9999 -9999 -9999 -9999 -9999 -9999 -9999 -9999 -9999 -9999 -9999 -9999 -9999 -9999 -9999 -9999 -9999 -9999 -9999 -9999 -9999 -9999 -9999 -9999 -9999 -9999 -9999
142.788979082339 147.385327316108 152.3955244107 157.464603457941 162.668224771585 167.552823193468 172.416556554241 176.352578534448 179.556591399256 182.087611046274 182.641057202677 181.032876164441 178.723260393811 177.66873368028 177.75930325077 177.66728558396 178.6333688356 179.179250183324 179.415985027297 181.978589426721 182.29780699328 182.000890998781 182.281672034998 182.507924343494 182.785578822106 183.240518930864 183.894893614417 -9999 -9999 -9999 -9999 -9999 -9999 -9999 -9999 -9999 -9999 -9999 -9999 -9999 -9999 -9999 -9999 -9999 -9999 -9999 -9999 -9999 -9999 -9999 -9999 -9999 -9999 -9999 -9999 -9999 -9999
145.231201784725 149.654804608257 154.520440419819 160.124138323721 165.181696304551 170.12829140496 174.87396788172 179.470980674516 183.965487583995 187.116705741696 187.854537301632 185.633819745588 181.737918949409 179.622934066442 178.621899715623 178.278885106031 178.720603017175 179.017238920836 179.110705632646 181.540359872413 181.768489978629 182.034406996778 182.272636555878 182.488176820165 182.804490448959 183.200872486239 -9999 -9999 -9999 -9999 -9999 -9999 -9999 -9999 -9999 -9999 -9999 -9999 -9999 -9999 -9999 -9999 -9999 -9999 -9999 -9999 -9999 -9999 -9999 -9999 -9999 -9999 -9999 -9999 -9999 -9999 -9999
147.624702933993 152.372674796232 157.1042844209 162.145936331208 167.096270772178 171.858435564704 176.426571978659 181.724208250154 186.162311161746 191.478710431702 194.42293865486 191.212243613496 186.082910387302 182.07656510828 179.981453657894 178.761570074477 178.976452991724 178.488574446177 180.109600681703 181.056808963591 181.197135563373 181.392169034364 181.55481175446 181.745855283226 182.032970260112 182.397673590278 -9999 -9999 -9999 -9999 -9999 -9999 -9999 -9999 -9999 -9999 -9999 -9999 -9999 -9999 -9999 -9999 -9999 -9999 -9999 -9999 -9999 -9999 -9999 -9999 -9999 -9999 -9999 -9999 -9999 -9999 -9999
149.744913304903 154.539225346036 158.891440253129 163.545190028982 168.259529499608 172.725680990419 177.884895056409 181.429158478838 185.394290050683 192.387548261393 198.150862953872 193.634318884486 187.640451262619 183.236885176378 180.584816716697 179.782774126498 178.898195024066 178.581198927321 180.114915077786 180.600903757575 180.727462168174 180.895482510769 181.032137526109 181.141589891985 181.330926218669 181.627309527427 181.98134777824 -9999 -9999 -9999 -9999 -9999 -9999 -9999 -9999 -9999 -9999 -9999 -9999 -9999 -9999 -9999 -9999 -9999 -9999 -9999 -9999 -9999 -9999 -9999 -9999 -9999 -9999 -9999 -9999 -9999 -9999
151.350102512342 155.721189858755 159.962266911854 164.272642603117 168.671211093034 173.23979892134 177.306331711448 179.731557738426 181.028911987283 182.898035976014 189.459766687883 189.048446245316 185.734459953408 182.638280000734 180.184636288278 179.430000830852 178.489614417635 178.354916425707 179.687288098047 180.176457813114 180.307757564539 180.413579278878 180.466170261019 180.492197586287 180.602192908774 180.817558056679 181.091262074824 181.408828455872 -9999 -9999 -9999 -9999 -9999 -9999 -9999 -9999 -9999 -9999 -9999 -9999 -9999 -9999 -9999 -9999 -9999 -9999 -9999 -9999 -9999 -9999 -9999 -9999 -9999 -9999 -9999 -9999 -9999
153.129894893913 156.380012255572 160.486943014456 164.255583474717 168.815475694059 173.317104558257 176.118520613813 177.884830676794 177.826639759157 176.451284113073 179.54440350072 182.567645957485 182.282202875909 180.720811409864 178.946167016227 178.521056432678 177.777399723404 177.77548742279 179.229264841145 179.737122395154 179.843222432578 179.927630847744 179.88846587145 179.762997123943 179.693528426333 179.797348209276 180.048080544181 180.852177955865 181.453095857688 -9999 -9999 -9999 -9999 -9999 -9999 -9999 -9999 -9999 -9999 -9999 -9999 -9999 -9999 -9999 -9999 -9999 -9999 -9999 -9999 -9999 -9999 -9999 -9999 -9999 -9999 -9999 -9999
151.452260041415 157.110103738043 160.688466394962 163.957124980628 169.073129955779 171.888986943685 174.458258532356 176.182899115043 176.773069166799 176.770207741089 177.777426680056 178.949489661891 179.165127691246 178.385355747174 177.139691702231 177.167177302974 176.790011336043 177.028756517614 178.020389998481 179.341884416531 179.51790243012 179.593282581129 179.436631451234 179.01474973097 178.585792211305 178.502195198584 178.792270261523 179.787670830894 180.515774936918 180.854842874311 -9999 -9999 -9999 -9999 -9999 -9999 -9999 -9999 -9999 -9999 -9999 -9999 -9999 -9999 -9999 -9999 -9999 -9999 -9999 -9999 -9999 -9999 -9999 -9999 -9999 -9999 -9999
151.540616023893 157.160385764361 160.614537581564 165.596818886455 168.019284890449 170.271848899363 172.368917075663 174.030753707993 175.096631406545 175.699113879275 175.994958161561 176.15749236392 176.236500990742 175.804050696506 175.090191421024 175.546943608718 175.572851333167 176.240755834403 177.53899364513 179.108267021414 179.5747764526 179.562385015598 179.159945551329 178.272375182689 177.297044176863 176.905985118346 177.234429842163 178.106144271439 179.176012790406 180.142230820731 -9999 -9999 -9999 -9999 -9999 -9999 -9999 -9999 -9999 -9999 -9999 -9999 -9999 -9999 -9999 -9999 -9999 -9999 -9999 -9999 -9999 -9999 -9999 -9999 -9999 -9999 -9999
151.572528060445 154.829056258608 162.287262099498 164.670842016443 166.607089186886 168.342700948991 169.847303122651 171.252328542336 172.308410213449 172.931338755984 173.08702271505 172.970577395184 173.018218772036 172.687603732684 172.81981809086 173.557358180276 174.350280648386 175.579944434679 177.394575388762 179.319601586272 179.935729108072 179.949299730018 179.103319655457 177.392055513803 175.54509468296 174.692831810349 175.226372502697 176.712785085318 178.434624952791 179.780742258034 180.638402035604 181.279664911517 -9999 -9999 -9999 -9999 -9999 -9999 -9999 -9999 -9999 -9999 -9999 -9999 -9999 -9999 -9999 -9999 -9999 -9999 -9999 -9999 -9999 -9999 -9999 -9999 -9999
151.361245858914 155.949579176968 158.900107237846 163.18853603466 164.594184328148 165.894646756163 166.988813452215 168.008630297609 168.664813766334 169.085284310186 169.229996883164 169.18287055587 168.99471438191 169.578974193905 170.299468588055 171.689554383688 173.172580867002 175.084761317144 177.90744992727 179.909500269311 180.890526248045 180.978081748215 179.728145543209 176.948681021786 173.448646432449 171.73286656576 172.970709696467 175.760174980328 178.377150521339 179.968213069332 180.821019631521 181.378240195973 181.743632499777 182.268944591105 -9999 -9999 -9999 -9999 -9999 -9999 -9999 -9999 -9999 -9999 -9999 -9999 -9999 -9999 -9999 -9999 -9999 -9999 -9999 -9999 -9999 -9999 -9999
150.601959539607 156.62680923594 157.869778186174 160.418106297089 162.532445149877 163.15190190641 163.575303068663 164.186037573769 164.403120250992 164.638806958695 164.632204398565 164.80934266956 165.108811225304 166.269514217516 168.252201782508 169.859174230809 171.998371916239 175.202031517355 178.556622309042 180.531306484774 182.635817504393 183.637286505962 182.339782564743 178.363648152909 172.890479646581 170.044453995611 172.342261287233 176.397626564034 179.462863848291 181.056075434531 181.786767644092 182.021421587687 182.205996435671 182.268944591106 182.216942106517 182.276979909861 182.356255766365 182.320756226379 -9999 -9999 -9999 -9999 181.771682212145 182.05625229166 -9999 -9999 -9999 -9999 -9999 -9999 -9999 -9999 -9999 -9999 -9999 -9999 -9999
153.161463346837 155.981899587722 158.395397788482 158.813825347057 159.146359252448 160.170060456179 160.034457397001 160.238346743573 160.216188158142 159.904943241571 159.742877225713 160.266864240846 161.731104655534 162.974759441487 165.506154447105 167.964350737619 170.955382428319 175.717714807777 179.259255610922 181.936680430147 185.324993559887 187.904185298033 187.793150530318 184.373239630026 178.424859868914 174.776189315537 176.857268759775 180.209875897565 182.57868408335 185.067493702442 185.162115763503 183.612581803302 183.524380492475 183.295245808782 182.830295301801 182.276979909861 182.356255766365 182.320756226379 181.878759285325 -9999 -9999 -9999 180.980758866654 181.48711213263 181.249802886646 181.172532475935 -9999 -9999 -9999 -9999 -9999 -9999 -9999 -9999 -9999 -9999 -9999
152.87894556618 153.607726340884 156.905425645141 157.135132073284 156.956585210574 156.447499998905 155.81383115796 156.344836192742 155.772377978383 155.154497611139 155.308415961878 155.834574375931 157.745713501718 159.795834365943 162.926089591247 166.165850255709 169.64422375716 175.053318626263 179.560413558015 183.774897355969 188.999864549916 192.930471190005 195.330697280759 196.572863707416 195.446054228653 191.265070533721 188.542501566813 188.289535657687 188.258088672564 189.410374423955 188.613323554305 186.318516403571 185.666137580979 184.602785075765 183.526934319798 182.769359989696 182.608265081421 182.267626237354 181.778011364836 181.513483606506 181.60482224547 181.454236948589 180.980758866654 181.093657805887 181.249802886646 181.172532475935 181.084290352832 -9999 -9999 -9999 -9999 -9999 -9999 -9999 -9999 -9999 -9999
152.38103777307 152.593919697207 155.337435206595 155.283947917151 154.700931049568 153.925971116118 152.974101916513 151.9777359795 151.394425569937 150.702260911764 150.791905477603 151.04841870791 152.859467677308 155.287982631047 159.016436706904 162.884328293418 167.30104367178 173.380120331369 178.854649397635 184.833761033403 191.873669192348 197.398300332034 202.674664687215 208.953890949344 213.221313325908 209.747011193082 202.9026330113 198.746493980422 194.901270255912 192.16598883007 191.973415949267 191.332274444126 189.371541524264 186.349608141302 184.038458235415 183.40274472077 183.120806802836 182.956255987178 182.694788407283 182.051582757734 181.60482224547 181.454236948589 181.37195094691 181.11411601868 180.832486486455 -9999 -9999 -9999 -9999 -9999 -9999 -9999 -9999 -9999 -9999 -9999 -9999
150.624790274376 151.221775090134 154.237887966792 153.942428233929 152.953684090417 151.913391710574 150.635797159428 148.944326503457 147.792613286144 147.431428507728 146.976917846953 146.821035849253 147.549749703779 149.943762079099 153.731720780246 158.640765758826 164.072732675939 170.955014191299 177.783514183208 184.771124133521 192.341236625908 200.102808303409 207.149979998422 214.960654193348 221.044861590096 220.699511459136 214.865552742945 208.790759251971 202.468774588463 198.310115960398 197.686045784913 195.808443924991 192.01380540698 187.598427305623 184.901306215868 184.1774082919 184.075774539972 184.437523357681 183.910394344212 183.043972235965 182.797841775764 182.696668417569 183.45920937223 182.131070169159 -9999 -9999 -9999 -9999 -9999 -9999 -9999 -9999 -9999 -9999 -9999 -9999 -9999
147.808842144716 149.409594533427 151.503792281609 153.218201553726 152.114063057834 150.958750482243 149.956417238923 149.839022545427 148.332418480046 146.196300545255 145.983076666607 144.340079780127 143.475004041268 145.789753264292 150.977959330841 157.059628550848 163.258687694242 170.795191843063 178.038524489936 184.245161120815 191.25078279209 199.95303422509 208.936355152665 217.892385006759 223.06719572717 223.801237083692 219.143623290613 213.640775564942 208.15435506854 201.951672572228 198.538796126569 194.757270350811 190.545032801887 187.515607941273 186.055094703268 185.939893656101 187.736256401634 187.25144135276 184.141152151323 182.457453832826 181.655359935915 181.538750660134 183.81532688628 -9999 -9999 -9999 -9999 -9999 -9999 -9999 -9999 -9999 -9999 -9999 -9999 -9999 -9999
