taller 3/murcia anomalia maxent/bio12.asc
NCOLS 321 
NROWS 253 
XLLCORNER -2.504166067 
YLLCORNER 36.745833473 
CELLSIZE 0.008333334 
NODATA_value -9999 
[rows 150 to 174 of 253, columns 57 to 113 of 321]
-9999 -9999 -9999 -9999 -9999 -9999 -9999 -9999 143.129064638687 144.065952649631 140.984039557359 138.904634598521 135.764888301108 133.324206271967 130.671072389296 128.12294792455 126.9383326289 124.954445963824 123.150978617173 121.333131390955 119.380636953572 116.172416256036 112.483504212508 110.734046298194 110.538255896438 109.841471678614 109.039087236539 107.395032185043 103.155356179223 97.9110533752614 93.1441205722291 89.2584037082412 84.989179255051 81.0983240977447 77.1133136654258 72.2669383461835 69.1074622180745 66.5090900558483 64.3847090203218 62.6312270419663 61.3279038608041 60.4765566607327 59.9271209040855 59.8442996021964 59.9125966781665 61.3155857860122 61.2892740112262 61.8244882744929 62.7078431021334 63.6391692407872 65.4786391122604 66.2718242114673 66.9771062333909 68.9521165558924 68.6414195815765 68.8609359079587 72.5984355025166
-9999 -9999 -9999 -9999 -9999 -9999 -9999 -9999 -9999 142.192176627743 140.627589456909 137.748478079426 136.036266693811 134.998957179685 132.31158788008 129.256720201383 126.667350263394 124.585139100854 122.672742089158 120.82437503927 117.777800712859 116.231658772743 114.197696120197 112.739738517845 112.636717832176 112.973261058044 112.400468852421 110.90683961923 106.431977401458 100.479927200047 95.5121526882882 90.973093321536 86.6808985824228 82.4114597719029 77.1432524030965 73.7060319489015 70.7709617850173 68.0987496363471 66.0668386817288 64.2663114185524 62.9546781961569 62.0248142902301 61.624164544156 62.2366009831302 62.5774923538641 62.4418173533847 63.196241216256 63.5952399715784 64.6719323945945 66.1415153057801 69.034950738932 70.8172504613347 71.7427089214806 73.8555208535407 74.3320723065908 73.1405349984828 72.1489625083489
-9999 -9999 -9999 -9999 -9999 -9999 -9999 -9999 -9999 -9999 138.450164119293 135.536428724899 135.289761988268 134.009043394667 131.308511335721 128.862280478755 125.801750506293 122.21632546189 120.197975653048 119.204479252458 117.066555754854 114.339739036035 114.710688478816 115.214556942055 113.768900230555 113.373322123045 112.452163819162 110.789460452045 107.021192930379 102.031296711424 97.9219376182155 92.5212033472427 87.6784973207129 82.0793641329841 78.164070130294 74.6972039265264 71.8692386626005 69.4166974348276 67.4697665300057 66.1866004214843 64.955803111629 64.1247835581698 63.8761416069258 64.174061218501 64.6758033920533 64.5891827153329 64.7297073095982 65.0998300073826 67.8117685089511 71.5366411206488 74.8204721708347 76.1388916384114 76.7530065611834 78.5049252054183 78.1404348508644 74.9385809127219 71.7247558131191
-9999 -9999 -9999 -9999 -9999 -9999 -9999 -9999 -9999 -9999 138.674129502668 134.634407834634 133.17929421692 131.969750614505 129.498424667186 126.360943732119 123.946774619588 121.42082165429 120.781175884039 119.784851162551 117.617837087653 113.867380352038 113.398255035189 113.381151860949 112.942495254391 112.841881106254 111.836040000155 109.464661548943 107.125017092224 103.975741094838 99.4444401116226 93.8366434377247 88.6290376772146 82.7349021300483 78.7155581047264 75.3273937188867 72.447152643211 70.1485588357215 68.9545648459268 67.4172586387368 66.2581084577246 65.5551896933836 65.4915823401831 65.9021869950412 65.9421689251773 66.710412054041 67.2981813227398 68.9471459007673 73.2027093920236 76.5461232099491 78.1060046618165 78.6431998488956 80.0658341828062 80.5124285345251 79.5015310855769 76.981610890466 75.1935045196339
-9999 -9999 -9999 -9999 -9999 -9999 -9999 -9999 -9999 -9999 -9999 135.482999976117 133.588893971785 132.019419780779 131.270014491686 128.514126743051 125.794455060696 124.71157348078 124.437612304379 124.249351553178 122.279854251688 118.063792779279 114.978757916772 113.499670377405 111.820069330581 110.977792788349 110.467131914185 109.092266812267 107.603501227697 104.629783461334 100.071219349299 94.4184703957363 87.7880215459831 82.9697057395626 78.9686540744175 75.6324474550767 72.8652521662871 71.129141429036 69.637268290363 68.2590588913236 67.2266351669327 66.7309986043193 66.8189148969291 67.3997987482984 67.7886694726051 69.3100655777342 71.0433928495968 72.6925271616428 75.5674732032416 76.685155711717 77.9099792802253 79.6812875365722 80.3348405163565 80.425196374231 81.1577836375823 81.4530867079019 80.1551269706174
-9999 -9999 -9999 -9999 -9999 -9999 -9999 -9999 -9999 -9999 -9999 -9999 136.798082990116 136.007116845178 134.653272901159 132.939498944623 130.292820590955 128.278534346414 126.653536024207 125.999480948947 123.476572781738 119.588242780004 116.838412927551 115.080923507972 111.94640335657 108.970522994762 108.507641917858 107.915443268503 106.36606119891 103.625277973981 99.7511904733191 94.7078561305972 88.7101408592896 83.6915567764206 79.9329778807379 75.396979208612 72.8253906200556 71.2309136640909 69.7170870340447 68.6924788777982 67.9832203742184 67.9642938596252 68.3920930706602 69.9087220588413 70.5939654055573 73.1323339656723 75.1747432440202 75.23807032112 76.7217052861016 79.1978239952404 81.3449669980334 82.223142906057 82.3383132607822 84.1308657156615 86.0677482707755 86.0490794249556 83.983066521383
-9999 -9999 -9999 -9999 -9999 -9999 -9999 -9999 -9999 -9999 -9999 -9999 -9999 140.883154084552 139.306292025693 137.399666332626 133.585518411063 130.540599941046 127.189268048591 124.451150282437 121.442019844516 118.830625330024 116.369526415167 113.304112318193 109.504646235957 107.065095456202 106.1709989683 105.480613351578 103.813713730301 101.215197086564 97.3254317579327 92.8758458753447 87.5747709545842 83.4953496808154 77.3218539348824 74.3823671162892 72.0858014004423 70.4440845704457 69.5198938122142 68.756529951784 68.8105713752414 69.3139870218058 70.7288185335613 72.8705181156449 76.2026362856833 77.5273465477842 78.5750146126231 78.1269814105851 79.3941631256402 82.3159641358248 84.4157970969519 85.4460964565284 86.8580066815569 87.9055717507743 87.3491195415372 86.3802795070374 84.0289230890769
-9999 -9999 -9999 -9999 -9999 -9999 -9999 -9999 -9999 -9999 -9999 -9999 -9999 -9999 148.606319584928 142.362999548849 135.687655558324 132.15160001878 127.400777160728 123.809565759012 120.554500997993 117.328861854204 114.422008063084 109.596663791071 106.676542426249 104.949413144425 103.796740684461 102.541198791232 100.985820025346 99.0922705403536 96.2618874342328 91.1761130854603 85.4846855903111 81.3530671715859 77.6378702474902 74.8617256141572 70.8319506689306 69.5066271943434 68.9261070646827 68.8477605869735 69.7760603926121 70.7973970049791 72.3712880381421 75.6621226226594 79.4741053887326 81.2609138072522 82.3393745422362 81.6604718052018 82.5143832342833 84.4974906170723 87.2661095102147 90.5082185991859 90.6229059911509 87.7838588126609 85.8649911605704 86.895698598523 86.9709868160071
-9999 -9999 -9999 -9999 -9999 -9999 -9999 -9999 -9999 -9999 -9999 -9999 -9999 -9999 -9999 145.428632250765 138.516245036222 132.956656950518 127.962676101238 123.989136773311 121.329815440144 117.554446330551 111.537508514338 107.302278681604 105.609653615233 103.7039615343 102.176514435142 100.388068844965 98.594418488748 99.242060646045 97.0286459299949 90.4553324258378 83.6911146034469 78.6195166453565 75.0413239287643 72.4908130576549 70.6514473089173 68.5821916258985 67.716616618232 68.5902368688014 69.4342619281794 71.2094074113849 73.7065654654288 77.2390858712862 81.1717866587251 83.7279819563636 85.8080912886625 84.978856574775 85.1004543010359 88.9454418494458 91.5991960280107 91.2150622542014 88.8020090476734 86.9395655855395 85.0850091392896 86.1776231466044 87.3345614036608
-9999 -9999 -9999 -9999 -9999 -9999 -9999 -9999 -9999 -9999 -9999 -9999 -9999 -9999 -9999 -9999 136.211788545712 131.52976509979 127.228638394334 124.399694739514 121.675487086834 115.479190728017 109.536846671382 105.662027644376 103.416520591449 101.404108577375 100.136909113675 100.309606315942 100.004395657042 102.345578339001 99.6824199839077 90.9965310455864 81.3747214966258 75.6452177070303 72.2008682737033 69.7622191553095 68.1721321267526 67.4940573776341 67.2278551013862 67.6927298509456 68.8826071287993 71.253776453642 75.1195918784514 79.6264041111725 82.7366772943513 85.3954735521684 84.9729612204706 83.7382484618716 84.3871504967045 89.5242569532916 91.0672411039364 87.6396227754491 87.7461603042685 88.0046043665703 85.9820401711039 86.6677250941367 85.3725875821291
-9999 -9999 -9999 -9999 -9999 -9999 -9999 -9999 -9999 -9999 -9999 -9999 -9999 -9999 -9999 -9999 131.780890856122 129.319268553622 125.50680129595 121.92819026449 117.532507333239 111.106037565687 106.674466470902 103.743907989161 101.272852607259 99.4231434693673 99.3515682137728 99.9579490485855 99.1208555178916 98.6224604401891 94.9025500817165 86.621579717649 78.7713230313745 73.0879898335233 69.8163844956432 67.3658260616679 65.8510858576009 65.545397567474 66.3205942637913 66.9027716856255 68.5832504943379 71.550326522514 76.3865419226745 81.1071349596444 84.0113914865994 85.0951810324618 81.5506225539486 80.3958832454698 81.1547913078849 83.8759226531566 84.8580219725983 84.1144169557344 86.5907690148561 89.1441056696778 91.7699648000167 93.0500053666214 91.4261054723024
-9999 -9999 -9999 -9999 -9999 -9999 -9999 -9999 -9999 -9999 -9999 -9999 -9999 -9999 -9999 -9999 -9999 127.590134845495 122.198315519524 116.7159620062 111.781250870561 107.804213512713 104.269175826621 101.624837880174 99.6608455431919 98.8435340379254 99.037629666206 97.9298057061921 92.9202465438924 89.2969320472969 85.2619761796448 80.1096457638981 75.5665110920562 70.9158592181477 67.9923814659067 65.9530214368816 64.406624843282 63.6677332664921 64.4431351094627 66.0808898730931 68.4795519116002 72.9960656888775 77.7407712628266 81.8259399688315 84.0098169807777 82.7781978109644 79.9072606948113 77.6567147398046 77.4336990937584 78.6455393687306 80.8006293264148 83.5083431729296 85.6519195942639 90.0231389692854 96.0189121782592 95.6786126714757 91.8513128265608
-9999 -9999 -9999 -9999 -9999 -9999 -9999 -9999 -9999 -9999 -9999 -9999 -9999 -9999 -9999 -9999 -9999 -9999 117.53781040058 112.728164882264 108.450077672997 105.110570440726 102.06122802533 100.732319889982 100.409469791483 100.438406148554 99.6254360748238 94.4522430869581 89.4399317474014 84.6045907214468 80.7097128708536 76.9499323935748 73.2537057042191 69.9436248742466 66.9892983783746 65.0891385368708 62.9328631672272 61.7880126131058 62.5820593589853 65.6041520508238 70.2971973548526 75.8836513027628 79.0854298072602 80.9710341144163 81.8041474341917 80.3064755143273 80.0080544599398 77.3522310160344 75.0629808207316 77.1295681220775 80.8233005898758 84.5292030078408 86.9726965589837 90.6315586129427 95.6221638805464 95.1933695139585 89.8086664279373
-9999 -9999 -9999 -9999 -9999 -9999 -9999 -9999 -9999 -9999 -9999 -9999 -9999 -9999 -9999 -9999 -9999 -9999 -9999 109.14189276736 106.110613134894 103.401722447992 102.712577875056 105.097335314239 108.844772185933 105.173693447889 98.8842287326785 92.2638397525379 87.3024249103139 82.8091510223668 78.3523341696431 74.753227555396 71.7508806573538 69.2435804197595 67.6219930175353 64.8524647363299 61.8703327484424 60.8840388080212 62.6121057313306 67.2404879491338 74.1225798876113 78.3203084565677 78.8552131690128 77.8368581854478 77.074193405479 76.6620851431284 76.8187155876527 74.9619793410448 74.6982543685965 77.4572111623539 80.2773207825447 82.925497745119 86.4022846495311 91.6167943935675 95.742882849569 96.2766601418156 92.7081558971274
-9999 -9999 -9999 -9999 -9999 -9999 -9999 -9999 -9999 -9999 -9999 -9999 -9999 -9999 -9999 -9999 -9999 -9999 -9999 -9999 104.225000314357 104.000822588469 106.630125279248 112.496931430697 115.415043698496 107.100810013899 97.5885077038494 89.9278635739345 84.4761398403275 80.7855430901795 76.85398653006 73.4492455974414 70.66462478486 69.0935665385469 67.9645970309354 65.5726309977153 61.8969439214865 61.320734950757 64.0270743186967 69.9617198660093 76.9735554082301 78.3985993067233 78.6848714658851 77.7643474012685 74.0457871708534 72.3961712030968 70.7682973519501 71.1653937132484 74.1892502721995 77.1851790143862 79.5267030434933 83.7292009081821 89.0776438257125 91.8062668705132 93.0307415761192 95.1997734600801 91.8436576749831
-9999 -9999 -9999 -9999 -9999 -9999 -9999 -9999 -9999 -9999 -9999 -9999 -9999 -9999 -9999 -9999 -9999 -9999 -9999 -9999 104.805395872434 105.639159147952 109.392209296637 113.631777326241 111.618926742965 102.442717913884 93.2566776199922 86.7375067032305 82.1197326958361 78.519812908346 74.954950579289 72.220388281766 70.641423151022 70.1222051363292 68.5123289620702 65.03622377645 62.4703394346691 62.6859218566052 65.677684001245 72.8673641540438 78.5479077330156 75.9920901407339 75.5400906504535 77.1201986962627 75.291945115045 71.6430969890005 69.2392757440607 69.5658170506656 72.7433893356274 76.0351389991733 79.9154596066741 86.7293882191878 90.9909270748644 88.5206810817155 87.418988485493 90.3682154943869 87.487024357141
-9999 -9999 -9999 -9999 -9999 -9999 -9999 -9999 -9999 -9999 -9999 -9999 -9999 -9999 -9999 -9999 -9999 -9999 -9999 -9999 -9999 103.971632596917 108.24590473588 109.289170181694 103.618367985208 95.5262127710444 88.0813306164791 83.1991577632102 79.445184389501 76.2064789465169 73.107552399857 71.3763237255833 70.7524296836666 70.2963932845367 67.7855713961523 64.4281111559799 63.2225621823385 64.8580134715457 68.4305209478031 74.8392226716463 77.3308119596392 73.2144116554033 71.0641882539984 72.5276277805879 71.4868440335268 68.0461700484983 67.6244314788513 68.9906748049708 70.9679615379493 75.9561987633315 82.1347215686029 86.7867236744474 86.2298862169024 83.2049054517195 82.423672863569 84.0539318857868 82.6849805899431
-9999 -9999 -9999 -9999 -9999 -9999 -9999 -9999 -9999 -9999 -9999 -9999 -9999 -9999 -9999 -9999 -9999 -9999 -9999 -9999 -9999 -9999 102.526416949393 101.545883936021 97.6024506677342 91.2054958865146 85.9529731110685 80.5207058731493 77.3563205341616 74.5224057680048 71.8696500058741 71.2624882330921 70.4454574085218 68.5857214808786 66.2793421917532 64.3353644304645 64.1152919001539 67.2000264714778 71.2934925485954 75.7821692355063 75.7174235325487 70.9037882872854 67.5809916917352 67.3141744580802 65.9400329788434 64.5019364153458 65.6854082964211 67.2720091454336 70.0616745020243 74.981056465228 81.0341418880378 82.6029755445104 80.1896403787438 79.2868950663624 79.1444591020448 78.8185279479845 78.3329498432786
-9999 -9999 -9999 -9999 -9999 -9999 -9999 -9999 -9999 -9999 -9999 -9999 -9999 -9999 -9999 -9999 -9999 -9999 -9999 -9999 -9999 -9999 -9999 93.934214647608 91.7517138645584 87.340221688915 -9999 -9999 -9999 73.8787674444692 72.2232197943412 72.2135925470583 70.8387933298814 68.111577424665 65.9146433934945 64.8543607885039 65.7461462130374 69.1118550262465 73.7856709052012 76.4897598034966 75.8141005095221 69.9335916863644 65.6033060561977 64.0140374300348 63.0337134074955 63.4581463911682 64.1544985217291 64.3563755113913 67.3562351019188 72.0046010737897 76.0481321823622 77.3993727334959 77.0212475350102 77.2672880640695 77.8854216582695 77.0004258541075 75.9612328198353
-9999 -9999 -9999 -9999 -9999 -9999 -9999 -9999 -9999 -9999 -9999 -9999 -9999 -9999 -9999 -9999 -9999 -9999 -9999 -9999 -9999 -9999 -9999 -9999 -9999 84.891953161311 -9999 -9999 -9999 -9999 -9999 -9999 -9999 -9999 -9999 64.9148954196703 66.0361253563027 69.8969054759695 73.6536410452693 75.1559920191153 74.2578313782353 68.807708666473 64.0563690791662 60.8730845936719 60.121872485039 61.6579882315586 62.2534208760364 61.1048837588605 63.3653593021517 68.2672648853964 71.6863426458137 73.7800288960495 75.6531866994759 76.708602730085 76.8146477346262 75.7630660018719 74.2855940724747
-9999 -9999 -9999 -9999 -9999 -9999 -9999 -9999 -9999 -9999 -9999 -9999 -9999 -9999 -9999 -9999 -9999 -9999 -9999 -9999 -9999 -9999 -9999 -9999 -9999 -9999 -9999 -9999 -9999 -9999 -9999 -9999 -9999 -9999 -9999 -9999 -9999 67.7767492709991 70.5377630863821 71.8382648351173 72.6701559021266 68.2266093990577 61.151174940706 57.8287565751423 57.3165487794806 57.7585212872591 57.7227738991532 56.8965513286835 59.1967091545279 63.8315858728728 68.2340851816811 72.2729949305668 75.6356584113869 77.2287634687567 76.4583585700219 74.3863614047899 72.9019689739442
-9999 -9999 -9999 -9999 -9999 -9999 -9999 -9999 -9999 -9999 -9999 -9999 -9999 -9999 -9999 -9999 -9999 -9999 -9999 -9999 -9999 -9999 -9999 -9999 -9999 -9999 -9999 -9999 -9999 -9999 -9999 -9999 -9999 -9999 -9999 -9999 -9999 -9999 68.8802402282939 68.5849097314339 68.0488362370353 63.7188288906167 56.6781880458186 54.30372097342 54.0128177137517 53.7844965034176 51.5328866522587 50.9601204960825 54.8687531796437 61.1086515958164 66.6005737504251 71.5623607389318 76.05119457301 78.6774244135315 76.6275866096903 73.5620924356495 72.1063538935133
-9999 -9999 -9999 -9999 -9999 -9999 -9999 -9999 -9999 -9999 -9999 -9999 -9999 -9999 -9999 -9999 -9999 -9999 -9999 -9999 -9999 -9999 -9999 -9999 -9999 -9999 -9999 -9999 -9999 -9999 -9999 -9999 -9999 -9999 -9999 -9999 -9999 -9999 -9999 -9999 61.5597024740957 57.7220257080576 53.4036535556372 51.0888566664816 49.8139172947713 48.3990468971796 45.2379575963889 44.8444551247272 50.1357050440065 58.261628980668 65.2234747826615 69.9948245048942 74.1709696837865 81.0812097024572 74.8656079440834 71.458489130505 70.5473158002997
-9999 -9999 -9999 -9999 -9999 -9999 -9999 -9999 -9999 -9999 -9999 -9999 -9999 -9999 -9999 -9999 -9999 -9999 -9999 -9999 -9999 -9999 -9999 -9999 -9999 -9999 -9999 -9999 -9999 -9999 -9999 -9999 -9999 -9999 -9999 -9999 -9999 -9999 -9999 -9999 -9999 -9999 52.1580558296333 48.5312822125851 45.7219661419975 43.0390848712449 40.5841950543513 41.2297046797091 46.8969773406046 55.6003615444924 63.076285528931 67.0858003999487 67.2996318596262 62.5812163324403 67.6183265329404 68.4784274912421 -9999
-9999 -9999 -9999 -9999 -9999 -9999 -9999 -9999 -9999 -9999 -9999 -9999 -9999 -9999 -9999 -9999 -9999 -9999 -9999 -9999 -9999 -9999 -9999 -9999 -9999 -9999 -9999 -9999 -9999 -9999 -9999 -9999 -9999 -9999 -9999 -9999 -9999 -9999 -9999 -9999 -9999 -9999 -9999 -9999 43.9733839015766 41.4610892811659 40.0466544573553 41.2842680103619 46.3385243838117 53.8660200628955 60.4594975414133 64.0171942612904 -9999 -9999 -9999 -9999 -9999
