taller 3/murcia anomalia maxent/bio15.asc
NCOLS 321 
NROWS 253 
XLLCORNER -2.504166067 
YLLCORNER 36.745833473 
CELLSIZE 0.008333334 
NODATA_value -9999 
[rows 25 to 49 of 253, columns 114 to 170 of 321]
-9999 -9999 -9999 -9999 -9999 -9999 -9999 -9999 -9999 -9999 -9999 -9999 65.8309376433297 65.7915369643062 66.3944227225848 67.000984391203 68.2119412131525 67.8589377468692 68.1599788094634 68.0936093981175 68.0823809761974 68.3475456204445 68.6989612927331 69.178798501543 69.6833298893754 70.6389109160561 71.0080233393099 71.1404863859207 71.4983914960591 74.2961987725658 75.184390578854 76.3739982382644 78.1052444689393 79.8028109375099 81.2916493542753 82.8160618621126 84.3750592090207 85.7183760562651 87.3146616233685 88.7350997237707 89.6161322071511 92.5108939849982 94.9445110293827 96.6336118846315 97.8653000565038 98.6544837447843 98.8396777968916 98.2132607584808 96.6682195241792 94.3281977136112 91.5812991423079 88.7387685459124 86.3708407793202 84.9558995426138 84.1106598223541 83.4262437288074 83.3324628067306
-9999 -9999 -9999 -9999 -9999 -9999 -9999 -9999 -9999 -9999 -9999 -9999 65.9843436318977 65.8719994185062 66.2174508506308 67.0578626655535 68.4074550792521 68.0451541841672 68.7654293115347 68.5859331339847 68.5466972146724 68.6608504630905 68.9171079236007 69.2149492151909 69.6851505910983 69.8923120465619 70.7762704902844 70.9869007726292 71.253569942911 71.8351613597067 74.3567619519007 75.5328500098995 76.6589468709913 78.4928470171965 80.5550932251671 82.2257175636471 84.0661285991386 85.8188722154824 87.230332962522 87.1784851468989 87.4264215880583 91.2906747059981 95.1391834466077 97.6562302215392 99.6306296741328 101.050362431621 101.49171192184 101.131185372093 99.7520869065869 96.9187225173751 93.2520983714973 89.6478849626019 87.1097417894898 85.7777513411417 85.1324604616605 84.6503658999265 84.381228487949
-9999 -9999 -9999 -9999 -9999 -9999 -9999 -9999 -9999 -9999 -9999 -9999 66.2191449701321 66.101722769354 66.6515773821043 67.0934764867401 68.5077222315741 68.3010042442877 68.0966844902247 68.8642084755679 68.7543184907573 68.898327314923 69.0258039809075 69.2599600986143 69.4578206616113 69.5933865079463 69.6279037608698 70.446053869975 70.7197137890405 70.9536431942091 73.2201484669627 74.181986532255 75.3458639844124 76.9205922186975 78.822770111112 81.2896668172959 83.6073542910517 85.2319873414382 86.105303107065 86.0491326906979 87.2847742425809 91.6199556866286 95.0183057251291 97.5214404396069 99.8995800333463 102.107074345165 103.226465752156 103.327788207845 102.575130598318 99.9540314857807 95.6191456866711 90.903361091339 87.6286666228977 86.1805586094193 85.7873791710329 85.7094345381052 85.6388409133952
-9999 -9999 -9999 -9999 -9999 -9999 -9999 -9999 -9999 -9999 -9999 -9999 66.4342346904617 66.341710171389 66.8783324692408 67.0034029182726 68.46652353608 68.3143259350196 68.3701528423523 69.1948592719444 69.0744795214044 68.975429335013 69.0124284059933 69.0387949135957 69.119594650249 69.2553938453321 69.2799292568062 69.4016917853439 70.1415329585949 70.4823280402743 70.956122536598 73.098972449471 74.0883880251245 75.2654605387929 77.1424576872796 79.5520208676891 82.9264710125489 84.7431090934894 85.6400086200413 86.4963571993437 88.2263568561378 90.9699624081448 93.5275752738782 95.7758682090055 97.7007169042743 100.298424379739 102.333225957774 105.008035039432 106.219663615374 103.600089645641 98.4048667413299 92.5475934613337 88.4516373860356 86.7599365791772 86.5173669966769 86.6794738086529 87.0447185975821
-9999 -9999 -9999 -9999 -9999 -9999 -9999 -9999 -9999 -9999 -9999 -9999 66.6261313932508 66.5304486888884 67.072451130343 67.039613809264 68.3450622297786 68.3823511519007 68.385479865914 69.2803017893511 69.1202239133633 68.9001800732751 68.7783191394852 68.6082330734162 68.5513812320777 68.7420231101326 68.9763387267969 69.1582909342204 70.5774304897896 70.7364004945866 70.8925575634983 71.905161186343 72.7980603056835 74.1358304020569 76.1335232173224 79.2508278619609 81.8799076814288 84.1473952830472 85.2546211397023 86.1566925708438 87.3353802151487 89.6225886454155 92.7053637061811 95.6522504541653 98.4136112207866 101.267519830206 103.855850181432 108.180639173918 109.858454717748 106.281358224694 99.864104059726 93.6701666471081 89.6612194502654 87.9887727444027 87.6992612369516 87.8095277608523 88.1195235342348
-9999 -9999 -9999 -9999 -9999 -9999 -9999 -9999 -9999 -9999 -9999 -9999 67.179337607721 66.7255929380586 67.188001078187 67.1369451618742 68.1287019377521 68.2537893373385 68.2418861498581 68.1267358432184 68.898038708559 68.6628024658501 68.3518190362757 68.1673935060138 68.0587477882102 68.1457526316028 68.7176340377505 68.9298424826409 70.1172788368185 70.1255266708426 70.3206254305944 70.9232321666337 72.4495953047317 74.2002785850751 76.4768795713554 78.8679781214994 81.0451549009574 82.8549520196104 83.8866274290714 85.136770796212 87.4589710152475 90.8872062296037 94.5870485258976 98.1910803475777 102.115116968174 105.232248593306 107.991393623596 110.869339519356 110.313031605774 105.935497139805 99.9058152669272 94.882070757274 91.732058059696 90.0708161754478 89.402395301404 89.2159280302291 89.309723213673
-9999 -9999 -9999 -9999 -9999 -9999 -9999 -9999 -9999 -9999 -9999 67.1860310263892 67.1793376077211 67.6445894519098 67.2722637635993 68.1858457660475 68.0983602506473 68.0978734421846 68.1512130480801 68.0117022108628 68.5444991910963 68.132886527869 67.9123676894003 67.963303930975 67.8294074728503 67.8365764305152 68.4488591905614 68.5769372325407 68.7044195781923 69.6884183317652 69.9329214498493 70.6115337109487 71.9474214421303 74.2300959126145 76.0662645352886 77.9300077544345 79.4513662421171 80.8372272079874 81.9577743158366 84.375841249497 87.8582616252633 90.7315117590261 94.3380234820765 98.1360624937804 102.092849744363 105.078241277451 107.620851466297 109.449372024061 108.039204011093 104.802412981049 100.796973473239 96.9861410620655 94.2114393832391 92.333455732141 91.3077792753249 90.8524000560196 90.709707956459
-9999 -9999 -9999 -9999 -9999 -9999 -9999 -9999 -9999 -9999 -9999 67.1711195440683 67.1939792536843 67.629621624445 67.6543028256977 68.2970861828336 68.0415352532285 68.0833834713764 68.0160402578581 67.7836498567999 68.3167738684574 68.0639348974627 67.8917657283159 68.0082787642018 67.987267008129 68.0153256556347 68.2920876070238 68.4819165163619 68.5787602805479 69.5359234561044 69.6647604986748 70.320707462976 71.4148653496882 72.7332696106849 74.8850286916546 76.8649157040408 78.2047353541524 79.4902333898411 81.2031743568406 84.2581996996701 87.315020020074 89.2094105387641 91.8576591736791 95.254289927239 99.0073375505801 102.399795990591 105.534958713948 107.41924538758 106.610312266884 104.863642530581 102.063674382781 98.8573561721568 96.2375718660759 94.2371259520329 93.0522966856929 92.4574113666151 92.5461750858848
-9999 -9999 -9999 -9999 -9999 -9999 -9999 -9999 -9999 -9999 67.4982062503426 67.367057889446 67.016137376043 67.7859975428397 67.6665282819893 68.3011420817994 68.0384469199504 68.0613828980446 67.8793917195336 67.8344900778501 67.734445743852 68.3311726233841 68.2101928679667 68.2368298132717 68.2802996565945 68.227702500279 68.208387171313 68.210659797695 68.4165273594724 68.5517309403326 69.7485842812181 70.3928541889893 70.8735919279575 71.9954056014776 74.7623988749612 76.6759525527707 77.7564875135356 79.1648412126917 81.6503401768546 83.7260471426526 86.146319530933 87.9544353991762 90.2584561867646 93.7678593655527 97.0655541032656 100.642857562306 103.935567856688 105.501761070253 105.34256000764 104.038580932478 101.744959762429 99.3440390748953 97.2922644042892 95.5608605489658 94.4107968502419 93.746840792643 93.8872304872258
-9999 -9999 -9999 -9999 -9999 -9999 -9999 -9999 -9999 67.6470750996411 67.3886712973405 67.3075848910088 67.9919303087834 67.8575983645456 68.4219843581189 68.1887381874942 67.9351175327236 67.9006621936203 67.9134205893724 67.8295275271358 67.8288425997966 68.5049030661056 68.3893683452694 68.3631225374388 68.1841733334232 68.1140812472144 67.9068163709476 67.9066461204786 68.2729550582804 68.527317549284 69.3058841037525 69.963984856411 70.9752477899828 72.5466161716044 74.8991178332435 76.8720288105227 77.6473045189465 78.9014297767871 80.7427553831349 82.4591804835084 84.7938788019622 87.3279677393606 90.0306677695234 93.3696538758652 96.1612434494071 98.8962243788988 100.857967652619 101.724285347515 101.878286918774 101.28963903443 100.152187671328 98.7610197798176 97.3371446471576 96.0637598639629 95.1829056254561 94.6418019076141 94.9014042261971
-9999 -9999 -9999 -9999 -9999 -9999 -9999 -9999 67.8586089164584 67.6439685914471 67.3107904542484 67.5404413323234 68.1101950289883 67.759445443746 68.2040661213468 67.7634676130719 67.4759707671347 67.2572371956667 67.5443882797983 67.7317314681447 67.9236982849259 68.6077017923952 68.4649236711448 68.2852675376654 68.1089263058131 68.081195021028 68.0785653923965 68.0884046082402 68.2130704612796 68.2159382937014 69.0902802656135 70.1346089572975 71.9717541555217 73.5682040779762 74.8624390389722 75.7076211772225 76.7226723205476 77.9892297031914 80.0086922867276 81.8929646063517 83.8864202000772 86.7744798812647 89.0149815330617 91.8822132768248 94.1533943474342 95.9175474009372 96.8813466880994 97.2758007867252 97.4540323628628 98.0879943558219 98.6932601931778 98.1944851174062 97.1380384127618 96.2821590144297 95.6871381401749 95.2721344575235 95.659859818488
-9999 -9999 -9999 -9999 -9999 -9999 -9999 67.6945426684605 67.4994231645409 67.3161847771761 66.9238890292622 66.6938513716828 67.6392953150531 67.2978878621305 67.6672635261264 67.2191920798534 66.8161907302305 66.4914005921383 66.9805005387192 67.6008423670645 67.825589177107 68.6086399978701 68.4530246260835 68.1711636434578 68.0503855783516 68.1689542424059 67.9149281938503 67.689730798276 67.8237089593401 68.1454578143266 68.9229491328183 71.123435310902 72.2630121347589 73.383358394197 74.1479606234444 74.7615116493564 75.3911620894222 77.4631561257221 79.6972148812114 81.4683496387409 83.1579246987431 84.8828934228071 86.0695845006442 87.9326401757518 90.939787677124 92.3718830660824 93.5949582012839 94.5665413958056 95.2804488346064 96.8617648304243 97.9320446991005 97.7254803028135 96.9578971394155 96.3637116703517 95.6148987121896 94.6185802794077 95.1087841896387
-9999 -9999 -9999 -9999 -9999 -9999 67.5565350293302 67.4214953704412 67.1924750367794 66.8649652871636 66.4790331083122 67.1597194346097 66.8431801192489 67.2671446051236 66.8654630281265 66.7678892176982 66.7787996570977 66.7216774444056 67.0852949136589 67.6526083565936 67.9262681482281 67.6895969420141 68.0739687884375 67.9460452900565 68.109540668133 68.3491449483834 67.9729402435764 67.7165686510568 68.1670002442648 68.8697243673172 69.5816368152532 71.09065685051 71.5882521040243 72.1326351089345 73.0848696384119 74.3199713966772 75.3993334125489 76.9109659706669 79.0286674700116 79.8331993537245 80.3541634309696 82.7725332158882 84.5635350847066 86.3727992142809 89.1471578436911 90.8803948263911 92.468722422693 94.0250785106773 95.3273382044172 96.7307625278947 97.1659829554376 96.9418482760517 96.4120821606611 95.843553837183 94.7505399828833 94.3983317571297 94.607213435023
-9999 -9999 -9999 -9999 -9999 -9999 67.1935201211416 66.9741260432634 66.63900934318 66.2064276386485 65.8152238025105 66.4762319020925 66.2781590882243 66.7451269739296 66.6352502884239 66.964281693462 67.4291274467237 67.5906116134267 67.7737231586756 67.9813432477164 67.7334724189377 67.4239948379406 68.2313584349372 68.4131706482307 68.5606377222746 68.5488448474417 68.460986035834 68.5122517569445 69.010915026421 69.6222716404702 69.8626036603115 70.8213547844049 71.2169435373739 71.7696161214364 72.81165347839 74.1857107211667 75.1809223349545 75.6699582444147 76.0258793023922 77.0697666834495 78.6394387468415 82.523261062469 85.0448557019504 86.9353252709601 88.7399182215083 90.8650966163113 92.3807980553111 93.606105108129 94.6831454859085 95.5631594588306 96.078857460849 95.7644890296605 94.9796031369841 94.3652274002695 94.0119571555818 94.6470791770996 95.0886072256384
-9999 -9999 -9999 -9999 -9999 -9999 66.8579614979232 66.7447235433975 66.2722453056276 65.7197553141223 66.3275060185218 66.4215582539913 66.5897397034675 67.1751692538238 67.3646132494184 67.6958786332046 67.8992133825448 67.957568551975 68.1238044622176 68.2571390300196 67.9747909918769 67.9850470961726 68.9031137990513 69.152609923216 69.1213249859999 69.0539544754291 69.1150799000603 69.2701104250287 69.5272081855444 69.8532102888013 69.8960922527575 70.079600269512 71.2922013552759 72.030680618485 72.6876744347144 73.1228977530985 73.4372681089651 73.4442991236421 74.5194652477404 76.7735988200697 79.8509182500803 82.5396706859423 85.5508975811535 87.189384298826 88.6114995765575 89.8076281511762 91.2970373499803 92.3893814549324 93.3290532364614 93.9884558645519 94.2896139347323 93.9602962598127 93.3086086477147 93.2356498174087 93.1163983363414 93.0464168742454 93.1981828534959
-9999 -9999 -9999 -9999 -9999 -9999 -9999 66.7447235433975 66.1531937899944 65.7253896937815 66.3422090982204 66.5213548422578 67.3156183660277 67.4523378308797 67.3919779409101 67.7096433263886 67.7731098447701 67.8361901261214 67.9468190544671 68.1768224904565 68.4963780554755 68.771396089026 69.2159249000934 69.4262759114697 69.3541215543757 69.581766128435 69.8715783026701 70.0116066213181 70.1250359693086 70.1165476538284 70.0470256460428 70.0797192098508 70.9281461075936 71.322041246709 71.5289239022834 71.4036749395382 71.9393193914467 73.1425195962179 75.4197702875777 78.782243373525 80.9472853657601 83.0997766255967 85.2574059605 86.5427157141186 87.6873008069266 88.6404478127642 89.5554140578373 90.8334733217641 91.7194067865204 92.2227987526084 92.3680701880317 92.2477805750412 92.0517077198161 91.1460211360714 89.7267169668691 90.2464950331645 92.6265591537206
-9999 -9999 -9999 -9999 -9999 -9999 -9999 66.1232629368168 66.1517140523477 66.6909255589163 66.5455035313227 66.6404892282791 66.9550133133362 67.0716562022533 67.0643928853135 67.5055735295066 67.5132353077988 67.0459821232413 66.931817378424 67.2017312950995 67.8356675085222 68.6321531895461 69.4056176020727 69.7498260010148 69.9335563817694 70.2223417651925 70.4800046097477 70.5476622032355 70.4371152401699 70.2601794724785 70.0781321394349 69.8666566768374 70.3339765595884 70.20671345476 69.9918372170459 70.3795017148739 71.8655308075815 74.4120874476264 76.9306362049583 79.1237924322442 81.0692760352316 83.1119708322483 85.1640488481905 86.1438357541055 86.780046039157 87.4192764444531 87.956837447173 88.6769191328041 89.8269309490367 90.2866023841541 90.4641855822287 89.9826728416995 88.7385698135003 87.6808506288635 88.0763619314095 90.8962179983232 94.7703964206902
-9999 -9999 -9999 -9999 -9999 -9999 -9999 -9999 66.2329857062521 65.7581370847365 66.2603533425111 66.3354585393362 66.5459425476292 66.4891033778342 66.6426021858678 66.8635787233744 66.8183047469395 66.4910311602295 66.3634383155259 66.7415437129559 67.4438837055853 68.313544445484 69.4493796977457 70.1968966966054 70.7281277388372 70.9587617564304 71.1412827230184 71.1485388673828 70.6838413917925 70.3033781761574 70.1232505215855 69.7555967791612 69.1545072635103 69.175883376996 69.3742708614543 70.6131474478763 72.9516149142261 75.2954093440138 77.5619173003688 79.5425928125564 81.2813688298166 83.1811182971774 83.9287952917293 84.4912707778577 85.8745647519112 85.9628175174212 86.0840461868145 86.565077331735 87.5841661158975 88.0686836817369 87.7052021673875 87.0479690796308 85.4232371674473 85.9333201488467 89.5172433082505 93.3765351718791 95.7704737448387
-9999 -9999 -9999 -9999 -9999 -9999 -9999 -9999 65.9142384404271 65.5645761143998 66.2041823895204 65.9765484830873 65.9703254385081 65.9234438392041 66.01285301283 66.3443816915305 66.3686887696973 66.5587803377009 66.7942561182678 67.2182953346074 67.8221531557821 68.7272033664826 69.6878586396235 70.5630171684691 71.1560061070455 71.661749158525 71.9311434620641 71.8645862527261 71.335820827357 70.8519148025943 70.5743202228701 70.0120321982935 69.3681124836238 69.4946721973376 69.9495676948372 71.6902297104965 73.907430896003 75.7814296150158 77.8526375292016 79.8519888317284 81.5251533911095 82.3350622314131 83.7883036426923 83.8016608124227 83.5792071671651 83.702704153858 83.8058611314659 85.3161044893824 86.6294913093179 86.4943620034145 86.2952942698126 85.1526642582535 84.1428244743464 85.8637130345679 90.3963197457799 94.7335667445537 96.2920462555487
-9999 -9999 -9999 -9999 -9999 -9999 -9999 -9999 66.8224685296025 66.4056817209971 66.1202057827641 66.2709403291836 65.9443006763612 66.0600230150373 66.3360893169388 66.3391881461894 66.5948334125804 67.1372143195024 67.4961507088717 67.9048761868667 68.5103068088056 69.3651944783523 69.9781666708196 70.8385850483276 71.7822151126445 72.5230669238299 72.8611401521115 72.7049271595112 72.3344362859542 71.8240934463356 71.380522690845 70.772978300982 70.5748895885035 71.2619460711905 71.5417820414429 72.6956783906625 74.1357199333001 75.5689889903253 77.3889793293865 79.4463951462878 81.4019373559827 81.6436770759685 81.5809265090391 81.7386199546279 82.5797397672692 83.3238291254012 83.7282410330033 84.6116749285093 85.6170761992852 86.5518550450896 86.4516386628861 85.7055604136569 84.7142971354585 86.6081717679773 91.5559527572031 95.0513958317323 95.7469390782095
-9999 -9999 -9999 -9999 -9999 -9999 -9999 -9999 67.4532009156962 67.2668195000508 66.7955949737084 66.7612060333516 66.6400432794176 66.7931401805685 66.8401266590995 66.7792258553473 67.0356299891088 67.4145592421147 67.7663293827506 68.1916540005063 68.953678978676 69.7952184184975 70.5466714396341 71.3484539284817 72.4073474181464 73.5085114840416 74.1641657538333 73.7360176630649 73.1815232044597 72.6262816718296 72.2065729464553 71.7967203894114 71.6682538053691 71.9016098060557 72.8409799924313 73.7814202599236 74.6601345848511 75.4404852358864 76.9923466627513 79.6244140770236 81.4726417428106 80.4272525240286 80.0241225372942 81.4832978052284 83.3085852622239 83.9399321045484 84.3888990408934 85.0055186541631 85.611853477658 86.0097724980189 85.4204055233779 84.9264157979454 85.4292543351896 88.2534651929969 92.2972932506813 94.0827662008062 95.0632380006647
-9999 -9999 -9999 -9999 -9999 -9999 -9999 -9999 67.5796669313821 67.6610574800359 66.832950587325 66.8907646505916 67.3230993841973 67.1785693156917 66.8752161024049 66.9808067055353 66.7771989800731 66.8362648140643 67.2315113726191 67.8378401804368 68.7379191122874 69.8822736347651 70.9964843917108 71.9300349449362 72.7719496103995 73.8899147057014 76.0242017318623 74.2325675854863 73.5593044557521 73.1231370688844 72.7522535762102 72.4317978016171 72.4724928847417 72.7012778675927 73.1668244521358 74.8756231898415 75.9932452581007 76.573043273755 78.3012371164009 81.3213613933879 82.3777586008412 82.0197692728238 82.3358912013886 84.3553340034922 85.4178742540977 85.3779944516879 85.6577939886634 85.8875647981796 85.7753513400871 85.476037461536 84.3308629297098 83.6172502887366 83.7212141385163 85.3272969351903 88.9109513395865 91.7089365183601 95.0076655433916
-9999 -9999 -9999 -9999 -9999 -9999 -9999 -9999 67.4750636253 67.5028975619027 66.9707676984713 66.9924719912022 67.6987695820187 67.4766277099679 66.9515605181719 66.5495324524252 66.2209358122652 65.9941069581703 66.3487007217707 67.1554298885622 68.0163540135311 69.0822842674934 70.6476323071952 71.9520208716806 72.7072506802798 72.8549647956077 72.1024412401775 73.155420855724 73.422547756006 73.2225441476394 72.9115913014882 72.8158516687652 72.827293858902 73.1392393704667 73.7172750884085 75.6063402909922 77.0679284372164 78.36118342467 80.3258385860828 82.6359888656942 84.1720426005568 84.7432169312714 85.564665964 86.3749189813883 86.8106899337131 86.931458148498 86.4223654261494 85.6522013031181 84.8868453499495 83.131276590034 80.9692935514737 80.1101473693813 80.8824330434588 82.9063525138465 88.2024733239135 91.8364154846108 94.4206177204345
-9999 -9999 -9999 -9999 -9999 -9999 -9999 -9999 67.2762487527464 67.4501703422678 67.3196209147039 67.38901105282 67.7626695427088 66.8943307909792 66.362861417909 65.8878602519926 65.617327651456 65.8987018650644 66.3529105908572 67.1128017217694 67.8917216125528 68.8300844266537 70.1276246560431 71.3063682377572 72.233571290413 72.7985151891561 72.8849692546732 73.027102876873 73.0684596509376 72.937448517404 72.7051066518589 72.6469347436578 72.6855356741298 73.0830333075737 73.8950547053124 75.0475911504358 76.98827402459 78.0825885459728 80.2984582773265 82.727881047544 84.3580824092351 85.4411239715956 85.9955241488502 86.103985781382 85.5626179209117 84.4901603656944 82.7502468008745 81.6246903539261 81.6811672396067 80.6025160499578 79.3920007566106 79.0745010167427 80.1091724841024 82.6269457957179 86.285119868801 91.6171476950905 94.3152062852317
-9999 -9999 -9999 -9999 -9999 -9999 -9999 -9999 67.4764278999553 67.1223628858149 67.5909787376446 68.0018030147984 68.0411045986861 67.0078167694019 66.3198976164039 65.7221631993497 65.6481363916479 66.1889197824127 67.2931892075021 67.8766509098271 68.364677071449 69.2159882621241 70.1691399944293 71.1807237862906 72.3820573869978 72.915820786962 72.8903872152927 72.3333747064697 72.2238864267433 72.1966934973139 72.1191167743218 72.1089748661695 72.3210514003959 72.7444540278167 73.6782643325689 74.9900133097718 77.0766777837488 77.5123668243113 78.3312699398707 80.0961444962652 82.8307445980635 84.879602450855 84.4148947498176 82.6649347973179 80.9606769983596 79.1611706331855 77.3741660357385 76.8040026866611 77.0868493729473 77.4298259056154 78.6222936125709 80.0331621009897 81.4732139220893 84.0601727834658 87.2089453295059 92.1183683090608 94.5540553474961
