taller 3/murcia anomalia maxent/bio12.asc
NCOLS 321 
NROWS 253 
XLLCORNER -2.504166067 
YLLCORNER 36.745833473 
CELLSIZE 0.008333334 
NODATA_value -9999 
[rows 50 to 74 of 253, columns 114 to 170 of 321]
-9999 -9999 -9999 -9999 -9999 -9999 -9999 -9999 167.961837775146 170.785820037401 165.822135649971 162.798843507337 161.817528004524 161.334500534892 161.49776476918 162.326644498374 161.578510282293 157.739121486873 152.771212746561 148.53080610545 146.874449412331 144.027094126481 140.67481591402 137.811819151483 135.944670571191 136.574932766003 141.104072682565 147.228863062429 146.555620331599 146.038775797818 147.223316487049 144.379513301337 143.880392318322 144.331936966148 144.936894240105 145.4357737148 144.65173357804 146.598095219963 154.525782099004 159.901250486214 158.224443749892 158.257626854019 162.926913723267 171.420619776863 180.573415472498 189.859786125917 197.831152376743 199.208527624099 194.996981848154 189.222647254701 182.123917487331 177.083392111636 172.872600237106 167.424239607878 164.016580160503 160.526526419955 157.205555014886
-9999 -9999 -9999 -9999 -9999 -9999 -9999 -9999 166.948708468207 163.111596899014 160.554108076948 159.726199339767 158.844853671733 157.832531187425 156.438983260082 154.698934412198 152.696699868255 151.132325447457 148.51965491359 145.063371289203 142.714581078994 139.741149293573 138.116771428848 137.367324179636 138.244448932764 140.954334512944 148.052270724738 154.861245722542 156.173970646182 157.126054385047 154.631282828765 148.580979903059 145.635934748318 146.628075609285 149.828915785392 150.807663716949 146.901207434323 144.611287740841 147.62823575651 152.635731304228 153.530997397584 155.607270565307 159.606020310968 166.497559771391 175.534520320306 186.894146752135 192.746132262068 194.526866967961 192.876690406385 186.173155181647 180.793946461391 177.128572952263 172.394653549403 166.257151225332 162.770404939449 158.901860093238 -9999
-9999 -9999 -9999 -9999 -9999 -9999 -9999 -9999 -9999 159.790775105522 159.515268273813 158.629029690831 157.227253989418 155.54879690837 154.013479981723 151.80086827846 149.967970386237 147.393609751694 145.27355405764 143.142632958705 141.29273021773 140.107180879186 139.946085546336 139.773680131535 141.305748634597 145.059953156294 151.745141757253 159.136802373927 161.420482524253 161.338014578076 156.452303177613 150.843735117506 150.190886490574 151.414461398083 156.222235285061 154.59638276466 147.672888259289 143.550512057129 141.916153685712 145.43218191337 147.496765939664 151.213346144117 156.067474589782 161.485582855621 167.999522223356 176.004424248766 178.782831922507 180.540183981575 181.692639783171 176.641030857222 172.3336806135 170.078548980265 166.102810151595 161.283383991593 159.05004645584 156.319721958585 -9999
-9999 -9999 -9999 -9999 -9999 -9999 -9999 -9999 -9999 159.790775105522 158.905387724713 157.945471860963 156.527741531946 156.044179504856 151.986518661542 150.337707154075 148.787748291577 146.112458102448 144.341784194636 143.139995261442 142.18717478458 141.734858471935 142.049461509273 143.418198648931 144.484226957518 146.47842698065 149.741280718845 154.084794639278 157.257811295007 156.950017789835 154.744652513183 152.41032842977 154.911684350203 159.504915190361 162.166375249008 153.786266985809 143.626074813588 140.432796477896 139.56193092702 142.791805272358 144.535205146685 148.018019628622 152.035109304858 155.720743125398 159.974837774081 163.913836830749 165.82596377321 167.009156205693 167.228694431023 164.404262462028 162.049456827384 160.621525336273 158.205526508229 156.052024924698 154.293743486026 153.399129378298 -9999
-9999 -9999 -9999 -9999 -9999 -9999 -9999 -9999 -9999 159.161571724087 160.066020849851 158.269811623807 155.841651398351 156.82109281057 153.051220943677 149.673025318547 148.221030953417 146.01957313594 145.141725816221 144.618691091843 144.136538015552 143.774628998282 144.165551170068 145.413717503978 146.680409409078 146.142707472732 146.563789404417 148.061517936587 151.747790628063 154.077242842049 154.253970459335 154.100657815493 156.384730216556 160.162875303758 161.590415062286 153.38415425829 142.37385425166 139.478717670632 139.07856404478 139.430340227577 142.584118168404 145.952010327096 149.430679104446 152.748275360859 155.884210725812 158.15939833968 158.481232432211 158.42604463278 158.535481862822 157.908489841645 157.082907873485 155.777919457971 154.04125365564 152.735519803575 151.73213656683 151.540915797643 -9999
-9999 -9999 -9999 -9999 -9999 -9999 -9999 -9999 160.304859873715 161.448148023343 163.041545692347 158.521306975121 155.623355710941 155.718444173852 152.524458939647 150.351897991751 149.027436971345 146.726090522308 146.408436085891 146.246374087816 146.168385839326 146.175014135084 146.431342085137 146.722925236529 147.134464167076 147.910489452633 147.766299984843 148.447950920084 149.904263685134 153.020245137875 153.426362520755 153.68886272363 152.408524465789 154.968827731101 155.940485474694 148.091633486041 139.343116467579 137.669709107278 139.554026592213 140.891944184468 143.795909505708 144.40597981884 147.377741130123 150.366746402307 152.526317977145 153.519837684802 154.014332951362 154.361285603503 154.292235238868 153.83373203407 153.142341444407 152.252403964573 151.212360583493 150.571814215531 150.427187593743 150.811786963882 -9999
-9999 -9999 -9999 -9999 -9999 -9999 -9999 -9999 161.616467986682 161.78478795002 160.534515815967 155.464339265785 153.253902828026 152.897371262122 152.216586168991 149.978047657979 149.503028203875 147.882280971113 147.929736483422 148.060966653678 148.326865682634 148.751316453075 149.341215645765 149.787760743799 150.035621410643 151.30030786747 154.999158915469 157.299616126963 157.35144333048 158.018736235453 155.587708735755 149.12719415469 149.189520360373 150.116082016387 149.52672611665 141.686627481044 136.209410259762 136.907414990437 139.394770842487 141.396066843187 144.418319996203 145.933041456088 148.001244075711 149.728016788657 150.656787546149 150.355346051554 151.396926508753 151.662647713146 151.613045201271 152.077807432654 151.744993516599 150.176852315014 149.402681012288 149.501560835628 150.141997141323 150.488389550091 -9999
-9999 -9999 -9999 -9999 -9999 -9999 -9999 -9999 159.594315302141 157.403842654263 154.054690908236 152.511790102751 151.53391147456 151.254743497618 151.145111127397 149.896604012506 150.212351501999 150.615941850179 149.609593837721 150.197850955861 151.072420195472 152.073820981148 153.437822143542 155.402582475756 157.874848668631 159.00124636679 160.47292479985 161.073665403393 159.378183940607 156.289600252341 152.383165719901 149.078850530711 146.999860069336 148.057679601735 144.974160977693 137.270060341683 136.096939988483 138.531199213502 140.780536159397 143.945114810676 146.539787937752 148.404529030434 149.075536367382 148.180490920054 148.075765763694 149.104167333359 148.979677474428 149.112829093791 150.089213975734 150.22704454575 149.844001322098 149.615040422185 149.862039638926 149.759297416 149.260699222624 150.214934205916 -9999
-9999 -9999 -9999 -9999 -9999 -9999 -9999 159.117759176274 154.998459398183 152.707908640436 150.659400535883 150.431468527616 150.162165140959 150.469441703916 150.865046171925 150.666065864174 151.345965783391 152.155636041372 152.566589470895 152.393905174767 154.022613425005 156.234437645877 160.797055051907 164.600143326496 163.760537821625 162.800504891292 158.882875955407 154.559447794098 151.679556181352 148.566300116427 147.679623010696 149.098667157342 148.91556694912 148.203236708918 142.691886748315 136.326396324935 138.824273869434 142.112599078011 145.275950683049 148.083126685945 149.564651719037 149.236307347723 149.366149073218 147.651255867515 146.550283780782 147.001297723899 148.013507035557 148.036443420486 148.220607975923 148.356693901576 148.206344317651 148.413077401886 149.233175603976 148.984466584649 149.908144169517 150.50103922315 -9999
-9999 -9999 -9999 157.718794843135 152.507646739328 154.241680337132 153.749085070927 152.957001196103 150.291086005939 148.832105941283 149.138599030322 148.82176074656 149.159274477414 150.00710761744 150.848964921885 151.005294574419 152.220738728039 153.579403191929 154.663120835042 155.53916851244 159.799411027156 162.339966320075 164.973001693565 166.211510881878 162.023561211111 159.71276129951 156.026071252315 150.714178635848 147.225420503458 145.962506025989 147.696103735926 150.766009142463 151.082054963004 144.724173695172 139.83444639842 138.597666762421 143.892753280949 146.757489425092 148.321443088002 149.226236689076 149.199965054893 147.209363016059 147.294292242672 146.004759643776 144.775006080404 145.436231507497 146.176101850127 147.011408185736 147.08618860433 147.013568662455 147.205771091413 147.219596553225 147.616644277634 147.82499585581 149.57565624961 149.612040698369 -9999
-9999 164.907954596861 159.117598385405 157.718794843135 152.507646739328 150.206861140761 148.635205235954 147.490415048416 145.845709641205 146.083386139785 146.673177195936 147.346589512288 148.18959087885 149.434611543857 149.996066829398 151.345322838442 152.712983895491 154.781656029512 158.194842900593 160.517170271648 163.422063198962 163.09543555179 161.175538177675 158.326314068443 157.825518891945 157.35206250212 153.917827693359 148.996313524028 145.947736975372 145.493409940663 148.712450408822 149.074579712856 145.2682377441 142.242165642779 139.424878093017 142.290273395298 146.645658388511 148.089030004219 147.189398411396 146.136533923256 145.495010796749 145.174670689126 144.73663101684 143.128235032565 143.467467495227 144.075663022274 144.886094650886 145.786818691752 145.880727311354 146.385671149328 146.813431321037 146.612840357388 146.866685730035 148.128957940138 148.42705801039 148.032774928198 149.196493062669
168.513813466467 164.907954596861 159.117598385404 153.375672713019 149.419642093847 146.655264965909 144.462112501281 143.074373643835 141.876443466844 143.262882913406 144.851993887997 146.396259411723 147.496997408815 148.88946291406 150.095115945313 152.142095885964 153.867826103969 156.413137510401 160.074499208664 163.773780559674 160.164773824519 158.542060236224 156.991071653491 156.709389041546 155.454123647725 154.393177481168 151.443571332565 147.304089371427 144.362218841787 143.804306345971 144.915664507218 143.10554380527 140.827713607653 142.475612321471 147.329116926184 145.388361208197 145.823805616198 145.049383541205 143.866206460791 143.195305889538 142.004356553765 141.970879077751 142.338843643229 142.580817616716 145.274251303171 145.979125719056 146.545719453466 144.826675384093 146.356661518764 146.42800697946 146.877875723734 146.949852492773 148.316948263761 148.459616093224 148.82081467088 148.800027742919 149.196493062669
181.901401162606 172.119672336074 158.550310802501 152.161234375297 148.035660931404 144.921230894011 141.832643870932 140.095220307813 139.209408834943 141.220001599482 143.717489991379 146.118816880296 147.311092121146 147.830954301944 150.155559290378 152.347299024438 155.323800617913 157.974632410796 159.168888792697 159.459788964184 157.340529038056 156.306452375786 154.979837551416 155.554239482875 153.81590329787 152.684667296614 149.934190467719 145.782650323987 142.794225044472 141.669870059878 140.888408131956 140.303647087453 141.157264438431 143.498320611372 148.904018773537 149.498324207166 146.178550588957 141.022182673157 140.058238334543 140.268970908824 139.858928433189 140.759319998241 143.099437706732 144.016635760486 145.487732596595 146.749695571299 147.636385754686 148.379158778097 147.575417711966 148.803720097572 148.375000513919 150.285034550305 150.859621985689 150.321365292369 151.078326146348 151.649519096173 151.213775432037
181.901401162606 178.086860676233 161.611754087784 154.271443899555 148.532141688056 144.837500737416 141.553458773588 139.209000342191 138.725234648501 140.788587903686 143.507239512992 146.869874114997 148.01131498556 147.904918820866 149.839699312301 151.779975850101 154.986709376886 156.155802199867 156.138087023911 155.959382660421 155.178164952234 155.02707518089 154.883295610685 153.793899792675 157.086187303749 154.361623977109 149.411712048604 144.439151490201 141.843949940712 140.99968155245 140.555043917581 140.565675408901 141.340221306881 144.486556105985 145.475466770716 145.279418191612 143.325022178995 142.557196926223 138.747366919478 139.154025043388 142.498691617266 141.271470712919 143.916847035753 145.125641935499 146.097775204566 148.296225311477 149.063905195028 150.444151323692 152.06813857527 152.755848246867 154.009006730839 154.822174222178 154.229576557801 154.712479304243 158.313553924069 157.972611345361 153.765175223907
176.771130161362 171.526823983847 163.362564689284 155.571971459096 149.804057976722 146.671967118952 143.57518134611 140.507157698062 139.998213154495 142.1798784716 145.517324143651 148.996349708238 149.588370779074 148.323355859815 149.628074164615 151.454642402853 153.044452981044 152.927709456741 153.628823766229 153.181519864854 154.278640903994 154.275126473068 153.156732220615 155.242378355763 159.679751281086 156.124771939102 150.603800023344 144.005986076995 141.23700882648 140.51229334217 141.695690206037 140.473958374092 140.976392136101 143.379505522053 142.19110863341 142.596172986866 143.476547436773 142.811619306842 143.921063582915 142.473124264116 143.734941505234 143.934656954739 145.094149038061 146.610847736356 148.529204710689 149.709207323361 151.097945547284 152.246740515737 154.615261093809 155.245245631604 156.331534278637 157.817694537724 160.223304804296 166.519496443372 167.67974843193 164.984869915226 157.457498718952
171.050615266002 167.297251567298 164.012413760249 158.316094178912 153.200759479381 149.952978654916 146.513415455809 143.938678126925 142.925256678134 145.131419126765 147.992367199901 150.726110983423 150.57092149688 149.283332621962 149.767908843482 151.213676717906 151.388592064517 152.059871722074 153.052860136333 152.748776225984 153.557469597777 153.730690411265 153.615032763695 158.097244711348 162.070263345435 155.533809873144 150.83445107927 145.997423898178 143.141187761523 142.577868995736 141.329591134725 141.407117664307 142.343189134869 142.708651705906 141.760808509331 142.440719348649 144.208686461845 145.717246498384 144.975923006741 144.928097716076 145.41774998318 145.8907143881 147.122378958441 148.516292817786 150.871278365905 153.5955482591 154.639147745376 155.719404752502 157.443876150585 157.782556459639 158.517150034334 162.809145308577 173.607828112992 175.161480606903 168.813603118858 162.851764675136 156.257721889856
168.189013674008 166.007472223941 162.671371186622 159.894613304041 156.613494748486 153.479722950632 150.406729220326 148.689537882755 147.056579478223 148.079197041019 149.843774905752 152.094323483998 151.957886450981 150.266414589571 149.845474673888 150.783040432963 151.311211045023 151.890037383165 151.799339351985 151.88105577585 152.552538789077 152.144537197413 153.669274193618 157.551138415034 160.423778142228 153.950645698268 149.420734363601 145.134664844959 141.890127605971 141.933684810934 140.858774465313 141.333186428778 141.935922535079 143.094514402712 142.286707353207 143.173057641356 144.73363327661 146.634701013029 146.159778316305 148.446152361695 148.845803737436 151.412331043716 150.889100211027 153.191734782631 155.688959974603 158.282926393071 162.075140267904 161.196694452834 162.873681496859 162.75999598976 164.095847505642 168.582357949235 172.303437978216 166.75388280779 158.571146344315 153.51235817041 149.950200668265
167.340208039351 165.176135056223 163.128734304442 161.465589532702 159.301189911138 157.390973804 154.811013315481 153.280899013931 152.11411458604 151.229443784859 151.77978161281 152.424699938656 152.633936041592 151.158092927528 149.799306992083 150.014684655914 150.101338466501 150.273412461678 150.112244376547 150.685813003225 151.180489498954 151.672659247 151.782660868206 152.84348893575 156.214589305552 151.288247875595 146.012036076003 143.054011986393 141.486347536807 140.756941300948 140.818093773709 142.808901892408 141.717178807777 143.305836668612 144.838335166175 147.157134483283 148.151933210557 149.774178030935 151.584977000697 152.818813864393 153.323341181503 156.405995776285 158.656994720448 164.553140664797 164.793840678699 166.079290923187 164.903811687192 164.813027625617 165.09758972475 165.712513813729 166.155373841392 164.283476732389 161.707285801209 156.21711482064 151.896819547692 150.367428855749 149.036536764331
166.576073267965 165.139935252198 163.939235005315 163.35115601746 162.393684734129 160.729576411701 158.322925011094 157.204971250453 155.754192762952 154.398213399023 153.967615386772 152.638571923453 151.954145580702 150.646422285757 149.396492625682 150.11958577341 149.716044827083 150.22490164453 150.917107155519 151.738086440633 152.698817139699 154.725208271574 154.148302488356 152.479283524983 151.538587281355 148.026868762457 144.357563222479 142.981659909825 141.950823515401 142.029296924485 142.252617834889 141.776443294019 144.634520148697 147.504290605113 150.073935090452 153.362110364986 155.635879185318 157.183583605559 158.059458892093 158.213566802285 160.930444227351 166.483415800509 168.400664982797 169.636102753011 173.234951513546 175.203718706281 172.774463802373 169.291448692022 164.725443094641 162.110111729282 160.245739445203 158.920134085962 155.338616117086 154.342438188398 150.23493977739 151.014543156689 150.380789105939
166.846259742751 165.682339455913 165.228865141392 165.182272179997 164.835425544919 163.448048331783 162.138452812063 160.970072951597 159.232973667842 157.400223536696 156.250842291788 154.225215769981 152.020951542323 150.217287036194 149.89937551164 150.180815588247 151.312010687331 153.593985697957 155.833720585262 158.319964455821 160.917074323186 161.128442089624 157.084158565559 151.816235699661 148.169435726076 145.055446493783 143.124262266636 142.229653798911 141.342704570133 142.100277030813 144.487316645057 144.983422103491 147.780750603278 153.579308066184 156.01626741551 158.090223759002 161.454493636706 163.249835022074 163.196748075265 166.782075599952 168.846499785886 172.469459113855 180.518064145933 179.731841943428 178.791067345299 182.047752470565 177.934202943346 170.557402448657 163.075803224374 158.678010120669 156.109795524999 155.869712863215 154.333463520393 152.168907973862 151.269223096104 152.013945929248 150.091497945357
167.61584246922 166.280823827049 166.31613614594 166.472256658143 165.82556707515 165.42864335961 165.337110400172 165.125852622504 163.155345762146 160.427423156896 158.301677840606 154.602171600658 151.261011677161 149.438674999143 148.831799170493 151.176235476173 154.702518896032 157.224943827567 159.469301283086 161.563517774779 163.18128147147 161.438800038677 155.165920189513 149.994687120095 146.236091204485 143.22753527954 141.356641696105 140.327277349611 139.880251289264 143.51100482869 148.638034413611 151.119243474511 151.028551841044 153.291490825262 155.896561641737 158.988799986673 164.204209477306 168.319510104358 172.743477297883 172.127417805311 172.170370378877 177.459119988208 191.171923646393 190.186811435831 183.181587839918 178.231031740745 172.569383822328 165.007894580459 161.296233479689 158.832446767314 156.913187567375 156.405559656474 154.417942439712 149.600786140739 152.578446556219 151.94253633136 148.106004258476
168.456876161017 167.077731323969 166.441851277353 166.564812933839 166.157708034328 167.17299489034 168.2413516026 168.990943896526 168.153502431567 164.354232668066 160.156558058308 155.307728196107 150.600146512047 147.968680767761 146.85447629361 150.209452800442 154.650015806229 155.076782297887 155.630441579977 156.776982669038 155.783093045183 153.664442745433 150.751689225987 147.672961318182 145.920546896792 143.721765721422 141.751141381902 140.140754917768 140.557517218694 145.291186676149 150.982570369605 153.370718650172 152.276497621521 152.543580192391 156.594556621867 161.729798518403 167.713331891148 175.088904853069 179.250945583488 174.012105136163 168.888313107212 173.377891215878 180.043934614218 181.502551709075 174.253271527507 166.897111828868 163.102200014147 161.287951206 161.441563975661 159.220022960811 156.615444047749 154.569111180071 154.58141812324 150.454495377288 150.690369261688 150.329846455858 146.344814195055
168.491731086937 167.279090826814 166.161119512962 165.786654927245 166.10849654248 168.01641041582 170.544888126212 172.401069504886 171.967248796183 168.237866942724 162.628320147956 155.89277828388 149.582145253188 144.938697827515 142.198105298078 143.629472175643 147.131325775364 147.855454057221 148.496749716114 149.726298496529 150.033967711132 150.004028586411 148.722569589879 147.30934463795 144.879144697015 142.635583595404 140.020798976328 138.52011744391 140.00095585144 141.641468545904 142.918403848714 141.14617085032 140.687062809126 144.647024372029 150.147926121618 157.06059922243 163.976253833849 170.355357999447 170.827664325888 166.495739747941 163.331040549579 165.611388909252 165.930532516151 163.237691718851 162.523925889796 160.414380801485 160.677244874775 163.695721760202 164.237196475268 162.32054009147 157.447123206686 153.617236581821 150.665765023226 147.550991229059 147.899075402369 147.018327773573 143.639362403349
167.808811774227 166.305013087259 165.406028601042 165.23632768333 165.846316582588 168.275430180775 171.68867443055 174.420092927907 175.211421430695 172.034916259369 165.198440372025 157.791587253908 150.161818998363 142.787504928209 138.610313287179 138.473070312609 140.984723089738 143.151148980827 144.390144024693 145.488314065853 147.272669240344 147.819975967494 146.97685670495 145.942828055871 144.642681566641 141.843533061234 138.351536440833 135.483756791593 133.781856079738 128.520634394216 123.116509464567 119.018859798578 118.727477475776 125.536517656506 133.231696703396 141.165631509144 147.772692251566 153.31392506646 157.297737731818 156.67687987667 158.091521925794 160.504284572667 159.036790027561 158.809420609903 157.188696673359 159.003481983253 159.842215949228 163.32220878746 166.680772018664 164.946172931211 158.389846888441 152.90143539793 149.523076930046 147.637406954909 146.261308185286 146.862945394458 143.322750919483
168.820060235152 167.038788240321 165.530546653094 164.724751525785 165.320499550842 167.669121832663 171.168071794747 175.648047085158 178.107922186677 175.351121775307 168.582353359205 161.201577051192 154.1013859912 147.738893880137 141.746764607933 138.33074936486 139.604587978441 141.997343099542 144.553207501115 145.94363310788 146.57092499326 146.188035218034 145.374622217157 145.204505792623 144.245512095677 141.375645238101 137.262050852576 132.648445148394 126.631075099356 118.315406856969 110.31059840599 105.130698924301 103.628032100176 108.58307152577 116.390941173012 124.390643066129 132.44339460379 139.698628943903 146.534160969699 149.686648560225 152.644440036621 153.691242892127 154.302835795154 154.616735923364 154.037304430785 156.285603554229 158.615417546091 160.697804070211 163.254904651443 159.707201941596 153.555643432314 149.653927476262 147.015326319629 145.315785037952 145.63620051259 143.810791160357 142.412119321569
