taller 3/murcia anomalia maxent/bio3.asc
NCOLS 321 
NROWS 253 
XLLCORNER -2.504166067 
YLLCORNER 36.745833473 
CELLSIZE 0.008333334 
NODATA_value -9999 
[rows 125 to 149 of 253, columns 57 to 113 of 321]
-9999 -9999 -9999 44.6999684982108 45.4098677009921 46.1319649631505 46.5748761191007 46.6943175340468 46.2210478146723 45.2204663729972 44.8416870736076 44.889250698805 44.6665401824903 44.3734575119935 44.1606249667101 43.9531357251878 43.813352063254 43.7721838791602 43.7586618198033 43.6749856950087 43.4729593948065 43.2520341607681 43.0595726927653 42.9133234165136 42.6889172560093 42.4346826821724 42.351870603198 42.1907379971364 42.1143498811635 42.0640527535929 41.8578583390869 41.5597816791526 41.3500154270792 41.0749330506748 40.8438642393407 40.5851828948128 40.4272504668724 40.3401745511394 40.2339440950084 40.2703361031918 40.3142353589774 40.2716922204427 40.3054569331466 40.3816122744966 40.5801028304083 40.5854101991827 40.5801496045901 40.5250816734693 40.3776616086964 40.1370218320374 39.7882453278158 39.5848984118149 39.3058177822342 39.0604339526483 38.9247617958814 38.935923595255 39.2346429424123
-9999 -9999 44.8197251913742 44.9397707452633 45.6380778881621 46.1617816661071 46.3484818536997 46.3893288430206 46.1114424706556 45.4228616470885 45.1056313263081 45.0640217023936 44.7270988777134 44.4117137539642 44.1804776276227 43.9930581529799 43.8453573670923 43.7838642577783 43.6295056638959 43.4912999627061 43.3707929368043 43.1779593020894 43.065987439081 43.0008465615306 42.8265283290028 42.7014902758446 42.4651623562242 42.3816759170328 42.2825955506152 42.2020355740154 42.073103477399 41.9309044094138 41.6495873834957 41.398918448394 41.1660879232285 41.0604416983105 41.0077560588701 40.9731150634802 40.6576762173683 40.7303398587175 40.7050445178268 40.690919980218 40.635599471753 40.6721421530826 40.8135446253591 40.8001893894626 40.7898438092397 40.7498623971789 40.6239483676838 40.4254312968076 40.2737138995357 40.0438914043122 39.8404833480922 39.6751058215102 39.5441691765564 39.5229881097669 39.7749805612945
-9999 -9999 44.7781504017987 45.0480061112722 45.4997345958404 45.7604171978706 45.5452862501453 45.507137304558 45.7548733631782 45.6752175936206 45.4253497397294 45.1230319561779 44.6782302675797 44.3818650874944 44.1375058801707 43.9610127024533 43.8577062398762 43.7043243587743 43.4131435805352 43.2448688070928 43.3106082214281 43.2752111646538 43.1678155830065 42.9556210562116 42.8607688094244 42.7703449360825 42.7039264867191 42.6118100632174 42.5201955673614 42.374838739153 42.3320637922238 42.1903246795471 41.9922993814989 41.7547924813867 41.5557122612124 41.4780902403536 41.427135710652 41.3976804803148 41.3461194661442 41.0125322853385 41.165093049702 41.157106409088 41.1757197671911 41.1043260544751 41.0771300880964 41.0573001145754 41.0215880448991 40.9726913568737 40.9101238002051 40.8240350938665 40.7030473874586 40.5210282625539 40.3641967844768 40.3193185199137 40.3797423132339 40.4297898372796 40.608050015867
-9999 -9999 43.1797895360667 44.5083895410455 44.8197714313777 44.8342057579801 44.508030871065 44.4807017460397 44.8287560451714 45.131252767655 45.1961790409018 44.8297797749269 44.4336385410172 44.2199102390258 44.0490315970109 43.8982523789702 43.8195011103831 43.5907667123622 43.2756459221165 43.0400912940951 43.0809268138827 43.1264409954265 43.1340419275112 43.0719263052758 43.0362343361044 42.9019906276875 42.8105751232196 42.819999696623 42.7571685642678 42.6756383337294 42.5410303498141 42.391690639064 42.2653017892538 42.0961471125184 41.8977428943215 41.7946816504992 41.7450940482118 41.7053868059631 41.6740241606884 41.496571233578 41.4685646930022 41.4713008662036 41.3909260857787 41.3625633293736 41.3879525176743 41.3554377600305 41.2962565973158 41.2266067340357 41.2347384988244 41.2181113855237 41.1738548150339 41.0230516920084 40.9268657927841 40.9594213490011 41.05163876336 41.1054094718306 41.3404754628399
-9999 -9999 43.1797895360667 43.6976353498913 44.0288826652709 43.990567429599 43.5232874437146 43.2941868816385 43.702215203866 44.2546767050404 44.5175494249903 44.3151533526897 44.0832524940759 43.9624352974935 43.8552175905887 43.7706247718056 43.6943936813337 43.5674275724368 43.3482262618161 43.1020734240985 43.1334629217487 43.1514294284734 43.2140649050939 43.2483316881063 43.2227510255008 43.1669397158055 43.1625102854537 43.1646572970123 43.069292804888 42.8373352784171 42.6074490074956 42.3962212722438 42.2899690640318 42.1998405433982 42.0334857011617 41.856367286691 41.6415622030084 41.6139421382237 41.5879531802256 41.6679251349086 41.7043260243076 41.6610621027553 41.6303648504294 41.5977430858592 41.6195006378332 41.5707494880043 41.5049279508328 41.445941082395 41.4232459243485 41.4635960898228 41.5352413532565 41.507039124634 41.46170278137 41.5200101761239 41.6459196745159 41.6950051733394 41.83491030562
-9999 -9999 42.3918011107296 42.7702448812975 42.9181773805918 43.1769396144447 42.9338164364378 42.6578888628395 43.0822866851067 43.6858803082812 43.9518769451591 43.8641636522661 43.7413836774567 43.5699001737798 43.5455324044072 43.5537128868834 43.5434912113714 43.4217098462874 43.3653294862448 43.3866583720951 43.3912673813195 43.2607543726283 43.323702533699 43.3937175287998 43.3889514270538 43.435152870947 43.4431798884151 43.3983709534451 43.2850328498387 43.0995008049759 42.8550496975503 42.5532541602235 42.5522285958695 42.452296669192 42.3367235178706 41.961067309177 41.861447750651 41.8189883476526 41.791532525715 41.7817094903435 41.9395805612937 41.8359849075401 41.8055558930208 41.7189652325872 41.6858263591386 41.6031113873196 41.6020491909354 41.4871386358045 41.3594262254304 41.4098129840974 41.5710386730971 41.6860455759815 41.9550826822055 42.2305373020466 42.3909457693444 42.4424534692539 42.3825028294738
-9999 -9999 41.8004135193818 42.0144140197667 42.0917818293625 42.4139835836558 42.518536828656 42.5700843923996 42.8757294024553 43.1423974006142 43.2878747641275 43.2739740895107 43.2342078590846 43.2144132305195 43.2800399376085 43.2983669407202 43.2704156080887 43.2631203901335 43.2892984794054 43.3758648961147 43.4868078694419 43.5175983312523 43.5594797233815 43.5995279332623 43.6029894434019 43.589971104352 43.6289575773714 43.5872352095553 43.378054238069 43.1168267656811 42.9543499878573 42.8692569412065 42.6714861235504 42.6226699192002 42.5193052036657 42.3595923419651 42.0027027593861 41.9679108604959 41.9985351665381 42.1685535132231 42.1450132139231 42.0984241162405 41.9668389546996 41.7576709543654 41.783508644338 41.6400140032691 41.4568344477293 41.4063905416571 41.2607350029955 41.2132744087527 41.3435453374995 41.7133325107833 42.3652846737601 42.9011985982242 42.9526967482645 42.931331787932 42.9209487001147
-9999 -9999 41.2723655918711 41.5871423789682 41.5545685522781 41.5031554029855 41.7400127299235 42.0742450751165 42.2801020820704 42.456717528847 42.5918425570059 42.6961992921138 42.8350557926883 42.9035423280617 42.9869878961418 43.0619855997612 43.0928229766542 43.1323230892867 43.2047286868307 43.299485802053 43.4900422210729 43.6399654878226 43.71811890023 43.7710593376738 43.75621646426 43.7514194098069 43.7746449757197 43.7182188999346 43.4611952336946 43.1695605284929 43.042573786511 42.9180961598885 42.825282020725 42.687409640558 42.6272987995075 42.5057284231815 42.1376430765895 42.1105718160808 42.3473731617495 42.3772880828639 42.340234776156 42.2723339894603 42.1354170634876 42.0253262559984 41.6742057259059 41.4118211326887 41.331464239578 41.2012878338272 41.1359913214675 41.131821223657 41.525847993927 42.2434298072114 42.9276167625434 43.417560824174 43.565752852694 43.5591054541859 43.5853670398945
-9999 -9999 -9999 40.9582979612241 40.4961549228203 40.4057320163158 40.8149478390769 41.1493090542046 41.445031264955 41.7450049665596 41.9981781604037 42.1923063409362 42.3879649343002 42.5639831386143 42.7105747459185 42.9676057197784 43.0534394089023 43.1066880990316 43.1624789115632 43.2821633415198 43.4140684978716 43.5932345254024 43.7531606187378 43.8531788258342 43.8854954185649 43.9114889517041 43.9027015972226 43.8011121401555 43.5616305144779 43.2970155547221 43.1423800268058 42.9853624152337 42.7745402590378 42.7271473761316 42.7061715595857 42.6900496123191 42.366667571275 42.5117792034191 42.5118012150175 42.5327337613869 42.4805691080314 42.3947573310407 42.260644460775 42.1555365025074 41.8930179320042 41.4611779036175 41.1801354326601 41.3295442692021 41.6595330449528 41.8657573336186 42.5767910409885 43.29697726327 43.7753344990804 44.1096414342798 44.4929008695101 44.486683578573 44.3995280118608
-9999 -9999 -9999 39.8260522091372 39.8558430291348 40.0154367567422 40.3216425887045 40.5017589078744 40.8201231197568 41.1190563889071 41.411185488705 41.7266419822413 42.0336043393769 42.2623046814542 42.4810684506526 42.7894113325074 42.9422611670399 43.0710821806422 43.1486762340945 43.2888520151106 43.4094566918607 43.5683872499712 43.6988378732464 43.7799493403629 43.8763018282281 43.9490447615811 43.9466953250417 43.8022016539555 43.5720213469541 43.3906332453921 43.2635341598617 43.133142074458 42.9072231404121 42.7521367120874 42.8057144215561 42.7359728254928 42.7656375779808 42.7419611347881 42.697435834588 42.6520124901597 42.6153046935734 42.5755918464401 42.4533567947822 42.3078405913058 42.1013501646002 41.7997044802697 41.6866919418401 41.9989593569728 42.4632092845195 43.0624443328788 43.7047028012981 44.2970875433004 44.7034544940162 44.9898566085287 45.3229674608884 45.5709343739756 45.4195433482773
-9999 -9999 -9999 39.7664316260345 39.7962994878084 39.9858107533346 40.0786746466875 40.1708013507259 40.3388258652077 40.5978244213831 40.9568618457179 41.3516613944744 41.7368387877246 42.0931132014689 42.3738300478785 42.6575123844846 42.821399361793 42.9731031858615 43.1156064596513 43.2625307272809 43.3223703907411 43.44318011077 43.5671724406327 43.6870806509057 43.8206777685391 43.8994858069525 43.9119769288667 43.788917466867 43.5808271170469 43.4310269336355 43.3548778921927 43.2590746050837 43.1021732339495 42.9588804474392 42.7967856908492 42.8471080781544 42.9064759263235 42.8778893643913 42.8118575423741 42.7931415985208 42.7997946801598 42.7697051580712 42.643285247895 42.425847029464 42.1605848163726 42.0864964589775 42.3319432610716 42.6745418169753 43.1277622298356 43.7881012700482 44.3406345980223 44.936164435196 45.4929172342996 45.922736829193 46.1846301781033 46.3634350258718 46.3006903410827
-9999 -9999 -9999 39.6722159942348 39.6956692923485 39.7671779312109 39.9148099539493 40.0600742558709 40.1512078811311 40.4105896172678 40.7585198212812 41.146141433623 41.5882520562806 41.9636729545182 42.2406321830965 42.4012098883723 42.5600566515646 42.7507033518652 42.9361997161827 43.0619802221398 43.1168374260757 43.246454582798 43.3939914633495 43.5521991709469 43.7087898999343 43.7725782224161 43.7973309347343 43.7647290934579 43.6050079471713 43.4589061332749 43.4118710841583 43.3305606865167 43.1482853509558 43.0319040913001 43.0362928552181 43.0389540923576 43.0347909262126 43.0034559342108 42.9487739492993 42.9724792184501 42.9449015497802 42.829050501004 42.7017313845051 42.5465952968984 42.4093739884403 42.5736933688314 42.9123523243095 43.3449456162786 43.7812538336826 44.2656222456475 44.785605141854 45.4221765901261 46.0671363281913 46.3838909901303 46.5801548022699 46.6502636855681 46.5730243786534
-9999 -9999 40.5066970791964 40.2798140439083 40.1114059188998 40.0475552898501 40.0168271492976 40.1261957397179 40.20270297297 40.4028880379483 40.732673462422 41.076710692774 41.4014496919869 41.7235003678906 42.0004177132153 42.1757122599218 42.3355744604813 42.5947454091332 42.7643730120139 42.8480510205049 42.9605344417438 43.0749963441906 43.2301189432077 43.3378808031189 43.4464205779382 43.532708252063 43.566879572511 43.5702754739987 43.5369112351535 43.494620120537 43.4526143428079 43.2810502557727 43.1903018807969 43.1434635379987 43.1505822170856 43.1571546861543 43.0965031328776 43.1018131308156 43.1385400886408 43.1275487693546 43.0310981036476 42.8665179247473 42.7942421941675 42.8433750077529 42.9937930592525 43.1925350061144 43.4116539964433 43.7368557769892 44.1102691936654 44.5490319560255 45.0771342356729 45.7160319260326 46.3764399114019 46.6135774157505 46.747580376001 46.8015064193775 46.7272245224738
-9999 41.9433082397677 40.9902602524694 40.7900479949406 40.6867445860121 40.5047279908933 40.3301237850976 40.3178575815584 40.3827030479418 40.5170467364245 40.7453296541623 40.9864214710896 41.1998699567324 41.4497323358494 41.7785144706258 42.0349771648044 42.1559033370552 42.293283026521 42.4943110414921 42.6057319045862 42.7560619501714 42.8700146601759 43.0143201204899 43.0911317933218 43.1206203002584 43.2080323155979 43.2788932895208 43.3228159434784 43.3499773727378 43.3114788681128 43.3299879150023 43.2906642391976 43.2537913701503 43.2290929785089 43.2199372605177 43.1756403446428 43.1454250334171 43.2088353207044 43.2656865513853 43.2336346917598 43.1169595198016 43.0432506092958 43.081623298178 43.2153185051192 43.3855115836324 43.4885100140522 43.6328422378063 43.8939976544689 44.2418816259778 44.695791392406 45.2181047569837 45.8347053023149 46.4076239825447 46.6499774403935 46.7800738217655 46.8284229934147 46.7456679851958
-9999 41.2644823363358 41.3062078616226 41.1276289620451 40.8946762080479 40.7770970365191 40.7066409586715 40.61470982017 40.5331136822807 40.5798973211905 40.7115447539505 40.9052499899992 41.1257932068601 41.3514901796831 41.6132911409068 41.8233318492352 41.8507999855309 41.877714090324 42.0461942877877 42.3176136787701 42.5303325855805 42.6216703831798 42.7733784242678 42.8271849371895 42.832004038062 42.9014097462619 42.9574832940007 42.9900955415976 42.9317012124644 42.8713042287365 43.0351259490609 43.1975070990231 43.19400265701 43.2280079769745 43.2630543634888 43.2200313430876 43.2158347708101 43.1838013693757 43.2535079003313 43.3478834286899 43.2960527690803 43.2893332255617 43.3786609814778 43.4786435274781 43.5086122964736 43.5976613319954 43.6972282926985 43.9204420251609 44.2402080258876 44.6433025061894 45.0981220085591 45.6727178311495 46.2768686454051 46.5804979349157 46.7007377440872 46.7143230752221 46.6193137021365
-9999 41.418844555213 41.5316922790052 41.2631350628677 41.0772274058049 40.9781603244694 40.8779960717208 40.7075218984985 40.5241757610012 40.5458316166357 40.6570920691395 40.8139044573014 41.0094152870193 41.2104528631558 41.3878461803201 41.5029807812343 41.5227690988724 41.5717875099974 41.8111425659746 42.1443344224602 42.2947489075988 42.3242474705106 42.4386029107514 42.5000490393535 42.5165656299552 42.5393820819694 42.5267533391715 42.6131783141796 42.6557423601661 42.6302663835724 42.7199295501742 42.8695367998681 42.8759805180124 42.9157870160301 43.0024329381982 43.0715575247985 43.2192108496216 43.2716478100599 43.3480575083768 43.3924083091693 43.479286827291 43.4755413430297 43.508744863135 43.555220457333 43.5778404441736 43.6401198907984 43.6449148449702 43.8269633388199 44.1005803807163 44.4632338523362 44.9087255203128 45.4307264955759 45.9681812697761 46.4367599195077 46.5280834235367 46.5202505559837 46.4095244073632
-9999 41.6030953498379 41.6746432886459 41.4183660041976 41.2530764722703 41.0690318808126 40.8871049509565 40.7282765258761 40.5665401445261 40.4974503501428 40.5893334862831 40.7655046185336 40.8965431190419 41.1136287042713 41.2206782462369 41.1864661814552 41.2108241806316 41.3021276217227 41.6830019056116 41.8879488402959 41.9113506912477 41.8909823727933 42.0181521186212 42.0771424407315 42.0726417060405 42.058273723219 42.1019588951437 42.2146278199419 42.4009761094669 42.4795192986189 42.4487029709645 42.4286835961143 42.3847396303927 42.2196781234548 42.2529389199061 42.5825772426803 42.9613516357897 43.1083026690171 43.3330879520084 43.4714687121935 43.5603284390417 43.5876152901273 43.586335941715 43.5821791077361 43.5709936340446 43.5216136307472 43.6091319088159 43.6874581977727 43.973579740577 44.2877645796916 44.671576440044 45.1212297849562 45.5803723647942 45.992605778218 46.2723256086762 46.2109624070902 46.0979669041336
-9999 -9999 41.6746432886459 41.517840344827 41.2455369182632 40.9658152747511 40.8405395656409 40.7417732873532 40.6944555569783 40.4886054414019 40.5435402317931 40.735503805817 40.8620066388323 41.0565009932244 41.1664532555612 41.0537877532223 41.0359882259785 41.0995698972042 41.3697397465482 41.4927686476761 41.5091498185191 41.6009335521058 41.6442390996388 41.6225569313945 41.6390108472775 41.7122864548391 41.8505550028143 41.8690986563603 41.9066929138366 42.08741416258 42.1784464820153 42.1410659056589 41.972780831983 41.7208919228916 41.9391090472894 42.4886421527817 42.7070477212664 43.0141738638902 43.3611630514872 43.5414297488129 43.5909430779812 43.6115816380146 43.5805210923424 43.5322238805481 43.5193938653851 43.5127072484278 43.552828958062 43.6641612110287 43.8608494769057 44.0454031619819 44.4273047934792 44.7942927211143 45.1050004521165 45.3688666958825 45.5581436779272 45.5595094555726 45.4600198924064
-9999 -9999 -9999 41.4785480078147 41.2533812487207 40.9211987039592 40.6807472213661 40.5914407407474 40.6002911478756 40.6173444466079 40.5018145881955 40.5695964090904 40.696607337179 40.9464250070756 41.1271646607755 41.0844308494495 41.0550433496971 41.1295708901429 41.3019327715359 41.3332470144948 41.3790699691837 41.4660970493282 41.4374758436602 41.3704421909611 41.3650595910079 41.5650629920542 41.7565816374387 41.6442374817744 41.6556061768185 41.8888866936269 42.1000738661369 42.1440739827958 42.0473334141563 41.9868356976636 42.2556428497233 42.5821741759117 42.929480055016 43.2191219817237 43.4746813940733 43.599501753221 43.6437154523701 43.6564040592703 43.6212797561842 43.5341833872618 43.448894432315 43.3807255438571 43.3633221536343 43.4207690568868 43.5587995322071 43.7053062041046 43.9723133821665 44.3366569765047 44.6291816084355 44.8140570380283 44.8891201663359 44.9187634946158 44.6815145817414
-9999 -9999 -9999 -9999 40.9195495402067 40.8295026155607 40.6641223044562 40.5103140312056 40.5472268371735 40.545813345307 40.5951236239704 40.4698539239132 40.5479577239674 40.8190254796652 41.0487016603612 41.1125721020925 41.1956372148014 41.380590084874 41.4251297579493 41.4400285370195 41.4938931580165 41.4589304264139 41.4729965648089 41.4272124364301 41.4156437380306 41.5007207827817 41.5975691779893 41.5775459924165 41.6906763050871 41.8611308359315 42.1183223265611 42.2969175612103 42.3697081305096 42.3700845780131 42.4588030433916 42.8337536386666 43.1268075009572 43.3422083004822 43.4914114559862 43.602633417939 43.6599049387066 43.6688311341598 43.6218466886818 43.5384794256599 43.4407156150417 43.3543240178833 43.3126910329922 43.3348289001939 43.4264740165304 43.5096319806376 43.6870937361903 43.8888441262845 44.094171238083 44.3059985309235 44.2772016510479 44.2636100300143 43.9040368658052
-9999 -9999 -9999 -9999 -9999 40.6961124864594 40.6590376458176 40.7489277272934 40.6213875356972 40.6173798869654 40.633410025635 40.7621093504869 40.6293282628443 40.7370066097676 40.9468229582799 41.1092745364347 41.2556501288483 41.458812812319 41.4996558081419 41.5663949277066 41.6254629993478 41.5234925533694 41.517615013019 41.5231369807475 41.4330935050597 41.354724877865 41.492766116267 41.7069323269159 41.7244629949152 41.8294615201423 41.9938654297186 42.1982364107623 42.3977612877268 42.5675166327327 42.7323338817178 42.9988242724703 43.1773648618319 43.3475679020997 43.4697001031014 43.5491603499908 43.6147347159593 43.6293274268954 43.582514806872 43.4946907925221 43.3861953547046 43.2959605491964 43.2415315703377 43.2353406882095 43.2308750202326 43.3083620008087 43.4111731254101 43.5360477153448 43.8437081135844 43.8058896388918 43.7110322832249 43.6601753491685 43.6002351520564
-9999 -9999 -9999 -9999 -9999 40.9208920348023 40.7964882770328 40.8781981490684 40.9943074852768 40.8115113159378 40.8260131509305 40.8794096067753 40.9723459894202 40.7767689464114 40.8626212781081 41.0193372204176 41.2506608902818 41.3794736334323 41.5207776298556 41.6008224676353 41.5829826991079 41.5116110975577 41.4766787648372 41.5100978153596 41.4315373381727 41.3799766232276 41.5466341316609 41.7205706772167 41.8142149030774 41.7772558936049 41.89882556983 42.1621579204381 42.4395805555777 42.6949238653882 42.7686510809971 42.9494402564761 43.1328807938522 43.2856554338164 43.3345089191858 43.4592074071116 43.5163180268809 43.5353433920846 43.4870090232852 43.4047921745725 43.2976407672931 43.2059589381891 43.1449561982754 43.1227436056051 43.0843389373023 43.1082908441448 43.1552362259228 43.2209893590732 43.480367265792 43.4529974809206 43.3828248327506 43.3649402209851 43.3280524910208
-9999 -9999 -9999 -9999 -9999 -9999 41.0453916554391 41.0441832985114 41.0985581595482 41.1520572695185 41.1084169802666 41.1786700273202 41.2013038219325 40.9116045129957 40.9485560335463 41.035604597781 41.0276130743821 41.1265911733756 41.5004927909554 41.5553628693401 41.5958220771366 41.5666217969211 41.4829596292711 41.4939548845161 41.5203038066594 41.521351543809 41.5802095065302 41.6652523060546 41.7509713776462 41.8430894560164 41.9250861536521 42.2277773774029 42.5035723939499 42.5025607888294 42.6704639813341 42.8260934967762 42.9836655632887 43.0857655559765 43.2014600082813 43.2967968412294 43.3809667846314 43.3962594292686 43.3367474033673 43.2678561566731 43.1765462446683 43.0911543952778 43.026820751465 42.947951405526 42.91969138861 42.8994648928555 42.8950640500117 42.9137150416586 43.1321537686928 43.130244209774 43.1096712501373 43.0304947175167 42.8943127733824
-9999 -9999 -9999 -9999 -9999 -9999 41.2769615338723 41.1967300453195 41.209878423825 41.2476260525584 41.208318358579 41.2937199520324 41.3361219634363 41.4179514003751 41.1419695692554 41.1941811522248 41.1190885776607 41.1642978934004 41.2750689651208 41.4853088604038 41.5257932933568 41.578604975153 41.5491302580231 41.5220501129418 41.5309533356472 41.527446713034 41.5631438643162 41.586631882203 41.6370556236105 41.7966020593452 42.0177632766708 42.1463297850405 42.3810615040487 42.4191292286044 42.5771003084657 42.7222773053884 42.8150346145815 42.940692014979 43.0408123055886 43.1239404424518 43.1772282347333 43.1861612710602 43.1570123241015 43.1000143249185 43.024456700856 42.9481823338691 42.883144575024 42.7784168705779 42.7093280159211 42.6428165286103 42.590965326165 42.5720564491165 42.7466157001117 42.7022558199424 42.6554819508363 42.5377080471918 42.3175565345771
-9999 -9999 -9999 -9999 -9999 -9999 -9999 41.3572679298598 41.3364846823609 41.3410700906976 41.3005550524445 41.3599772379727 41.4752188353981 41.5395529265448 41.5813464536684 41.4135606631541 41.2085234338388 41.2534197186053 41.2744830429524 41.3821994503909 41.4040279208133 41.4472035611116 41.5092507381588 41.488048777865 41.46160238138 41.4795539374813 41.497487369912 41.5141069934927 41.606321223079 41.8182709922303 42.0098877470817 42.0874021098054 42.2700244914832 42.2597244597344 42.4331537003916 42.5737179479375 42.6587561069061 42.7743375577152 42.8669034630572 42.937595415463 42.9796984192362 42.9887206977508 42.9677459521429 42.9165264316557 42.8525699456151 42.7788917522534 42.6629258231619 42.5779957747291 42.4805667686699 42.3660619753146 42.2600678048865 42.2157352813838 42.3422762765026 42.2064693737803 42.1327238336766 41.9652293579828 41.629990640941
