taller 3/murcia anomalia maxent/bio3.asc
NCOLS 321 
NROWS 253 
XLLCORNER -2.504166067 
YLLCORNER 36.745833473 
CELLSIZE 0.008333334 
NODATA_value -9999 
[rows 25 to 49 of 253, columns 114 to 170 of 321]
-9999 -9999 -9999 -9999 -9999 -9999 -9999 -9999 -9999 -9999 -9999 -9999 41.3563287951178 41.3398792765709 41.4691290386853 41.5430797867729 41.7683338026144 41.6663207210635 41.5436912897504 41.4768341377575 41.4269348168176 41.4002188350122 41.4581151048454 41.4484993308571 41.3852135246915 41.3280017285711 41.2842677595386 41.2105718790599 41.2705237885518 41.2653465411148 41.2593416652634 41.2585433916295 41.2476464733406 41.2368735622446 41.1637150606663 41.1664116268254 41.170438455383 41.1418140815353 41.1428030644974 41.1147683940763 41.037443235907 41.0752585268644 41.1469487657913 41.1807560572425 41.2008750511579 41.1841810589991 41.1495748060456 41.0860691130578 40.9846834570002 40.8448483228172 40.676407798329 40.4728597534611 40.2722061826233 40.1014186437909 39.9679274805496 39.8618316366658 39.8822857377428
-9999 -9999 -9999 -9999 -9999 -9999 -9999 -9999 -9999 -9999 -9999 -9999 41.4050957170779 41.3728109252973 41.3882277715851 41.5338186234863 41.8107014514857 41.7276328708581 41.6442815543157 41.579400891575 41.5288622084163 41.4959065846141 41.4616738759285 41.4330364506393 41.4112049102964 41.3566846640837 41.282440337294 41.2002159072043 41.2565450610867 41.2037349151106 41.1652936997878 41.1604572303719 41.1387229044455 41.1321815751163 41.0676396590747 41.0767943401178 41.0927723142221 41.0960324791759 41.0635141583669 40.8727438805306 40.7006815195484 40.8368016420937 41.0253943844502 41.098091039251 41.1638004539421 41.1774634026077 41.1496374936393 41.1048488227083 41.0314072428097 40.8855215198425 40.6855294823576 40.4577405793858 40.255129900215 40.0990382895721 39.9867384976844 39.9081091469139 39.9061952092116
-9999 -9999 -9999 -9999 -9999 -9999 -9999 -9999 -9999 -9999 -9999 -9999 41.4698136843057 41.4374444219997 41.4344093820716 41.5578576535987 41.7472449357213 41.7843033214405 41.7070755667831 41.632754037863 41.5874188356593 41.5612981165602 41.5189625375334 41.4186640124429 41.4257964123234 41.3376466817873 41.2385172910729 41.1516778138476 41.0607540565044 41.0844265291442 41.0313135627672 40.9881135403314 40.970895316401 40.9799322340145 40.9065790171225 40.9553196770976 41.0134433463665 40.9910571464553 40.8871772516152 40.6634123749596 40.5737780427706 40.7483285036257 40.878885536947 40.9309919447495 40.9900801040039 41.0583903110906 41.0638634579852 41.0449294415343 41.0283968706768 40.9321810081623 40.7325586402557 40.464866032194 40.2266831812356 40.0671164468089 39.9798590187439 39.9516888221267 39.9836789977454
-9999 -9999 -9999 -9999 -9999 -9999 -9999 -9999 -9999 -9999 -9999 -9999 41.5289964281878 41.5022468354735 41.4930863828667 41.5870837555833 41.7587688575441 41.7167962289934 41.7580667419462 41.7080341679831 41.652503313641 41.6037262401738 41.5492419023964 41.4335473120993 41.3576558475091 41.3162878550908 41.2129370372547 41.1099632617577 41.0041766599346 40.9024016606439 40.9278347312107 40.8455404755061 40.7992461976218 40.7638701905082 40.6792234671837 40.7864376621914 40.9200688356126 40.9054149525973 40.7779232885458 40.6424997324138 40.5889412238639 40.5692774638436 40.6105727994067 40.615898703841 40.6105958033864 40.6952493674785 40.7595872709747 40.9430669168486 41.0814247344451 41.0093883072653 40.790239891878 40.4830349125965 40.2139013932203 40.0593046688492 40.0071520599508 40.0161054406637 40.0936193057292
-9999 -9999 -9999 -9999 -9999 -9999 -9999 -9999 -9999 -9999 -9999 -9999 41.5826218300835 41.5557986508768 41.5544645830492 41.5398076397557 41.7802325505312 41.7488486327455 41.7988563371481 41.7485681787062 41.6903924760425 41.6256623322655 41.4920875942984 41.4001002465486 41.3131654381455 41.247538248211 41.1969008965026 41.1051649966921 41.0019677658425 40.8598857303378 40.80052327281 40.6791635153729 40.6019209648477 40.6005787662708 40.6819859619049 40.741724873973 40.8404030202011 40.8164876858835 40.7008220757009 40.5515589442629 40.4135726870251 40.3246136600892 40.4143879705787 40.4748794547782 40.5288019219962 40.6055429679567 40.701509566805 41.0029778402258 41.1653239519703 41.0332649344133 40.7391277066808 40.4310244097649 40.2145607197601 40.1134170374272 40.0943851685756 40.1159479131897 40.189022698689
-9999 -9999 -9999 -9999 -9999 -9999 -9999 -9999 -9999 -9999 -9999 -9999 41.7088324365118 41.6094976913363 41.59077407111 41.5758747285586 41.683398681801 41.7705894743128 41.7186700058934 41.7404701700072 41.690362571414 41.6122009771506 41.4605433450163 41.3637938862684 41.264336518465 41.1967993630266 41.1575925527718 41.1137229845609 40.977986609203 40.7960340540854 40.6215684275427 40.6209551412065 40.5951023109121 40.6673145808436 40.7753663854488 40.7721126409762 40.7476986871162 40.670146052935 40.5260640290324 40.4000512244869 40.3645860047606 40.4204271113956 40.5504264859015 40.6540371975801 40.7816082231683 40.8589975357436 40.9443815897814 41.1008232349866 41.0916422205412 40.8918320583266 40.6121604866161 40.4066227172546 40.302429073319 40.2481248714792 40.2304861540385 40.2459382946956 40.3037027026759
-9999 -9999 -9999 -9999 -9999 -9999 -9999 -9999 -9999 -9999 -9999 41.7180356209764 41.7088324365118 41.6672687553216 41.6222928613008 41.6704582005001 41.7463345799686 41.7786811075093 41.7320007637564 41.7501297781926 41.6704307624538 41.5608136563009 41.4161086682069 41.3727476784739 41.2686294661683 41.1974324681297 41.171553606948 41.0786393644732 40.9710225550971 40.7741197346065 40.6065665292739 40.5248295095906 40.6698041558031 40.7409156799295 40.7669952964281 40.6964914363817 40.6161988892051 40.4681974058139 40.2794844912528 40.2708963364972 40.4080337026576 40.4429558455992 40.5051809618631 40.6263271778678 40.7564954844194 40.8258227348872 40.897388059623 40.9815496237167 40.9039517268727 40.7730552794285 40.6388489846578 40.5250426151276 40.4563969787807 40.4034511521452 40.3813547810772 40.39397232972 40.4388313389147
-9999 -9999 -9999 -9999 -9999 -9999 -9999 -9999 -9999 -9999 -9999 41.7616811710498 41.7272571466673 41.6806333899744 41.7182465071395 41.6944843954004 41.7629517291968 41.7968379148272 41.756469902661 41.6801389064866 41.6701449048077 41.5363097545403 41.4592867208564 41.4332661658024 41.3687299022749 41.2978270599293 41.2366643582475 41.1213043071625 40.9993345565458 40.8307399012888 40.6332409378041 40.5478311679859 40.5354825087972 40.6331221508039 40.6469773280098 40.6010468804272 40.489739929614 40.3294840687769 40.245353647453 40.2821130835567 40.370393878191 40.2960480448272 40.2615100457009 40.370335712452 40.5163516541924 40.6461871180745 40.7889837678574 40.8929748355579 40.8578727093048 40.8268256152051 40.7562256713918 40.662817860667 40.5911338897526 40.5312870869337 40.5098306853636 40.5239136531299 40.5607961441519
-9999 -9999 -9999 -9999 -9999 -9999 -9999 -9999 -9999 -9999 41.8877641199906 41.7616811710498 41.7140198463004 41.7526913886453 41.7378570226932 41.7176089441369 41.7820140366282 41.8201098897774 41.7805554689485 41.7207152282276 41.7359385655457 41.6276851929448 41.5678453094479 41.5299087372008 41.4844145154092 41.4041750676672 41.2661068358396 41.1305042070204 41.0391853455122 40.8929473372857 40.7668594700595 40.6791787360604 40.5077164514286 40.5664483916878 40.7063213206964 40.7152250621865 40.505080793777 40.3840669796716 40.3723897393798 40.33753040781 40.2834197746553 40.208772951364 40.2004122666617 40.2915225553509 40.418768013599 40.5937032831089 40.7648946932059 40.8605054113362 40.8692576655382 40.8487779621937 40.7883863927425 40.7292258392495 40.6767264474613 40.6351607324401 40.621567059007 40.6367861542867 40.6747452527977
-9999 -9999 -9999 -9999 -9999 -9999 -9999 -9999 -9999 41.8811699770458 41.8813177411393 41.7649199628248 41.8107596820027 41.7782017890514 41.7578500948657 41.7231846667271 41.7803838817269 41.7597575488725 41.8090709355419 41.7676785739779 41.7303965238369 41.7006071226353 41.6475028925719 41.5986777814256 41.5294338398755 41.4407421068962 41.2827898441367 41.1380939902712 41.0773722023612 40.9774468043039 40.7453273483003 40.6831540021115 40.6579161122876 40.6980723822358 40.9047592869033 40.8191752674744 40.5701746289701 40.4355692888831 40.3650418310115 40.2408864265549 40.1883712499509 40.2188892119663 40.2738804302914 40.3527745810706 40.4466884536379 40.5794935366261 40.6356847237519 40.6696899649061 40.7178223432704 40.7293531481738 40.7295299106941 40.7218851315586 40.7085862405159 40.6962755454038 40.6913000360512 40.7186263600938 40.7606070621393
-9999 -9999 -9999 -9999 -9999 -9999 -9999 -9999 41.923428078287 41.8871734695282 41.8475853421916 41.8604271294985 41.8180156712684 41.7765485466579 41.7301990793017 41.6786749083457 41.7247583087162 41.6881679667593 41.7713376941225 41.7919586765562 41.7786026851226 41.7589539327417 41.705496709218 41.6403200548946 41.5651392889511 41.48927320663 41.3861305094787 41.2573001764576 41.1399974723675 40.9669325399793 40.7988627641413 40.8324977412604 40.9744015264065 40.9760670683299 40.8959086550294 40.8106028155139 40.5145833876943 40.3871837269439 40.3452215125125 40.2565760358737 40.2157334047314 40.241964503217 40.2594361150465 40.3002664103043 40.3734311605292 40.420931406686 40.4185007957571 40.4065409074498 40.458278627424 40.5587351509635 40.6815274612647 40.7227563634475 40.7208825352636 40.7322156163607 40.7597955908913 40.7802541920297 40.8255253996959
-9999 -9999 -9999 -9999 -9999 -9999 -9999 41.9050143460301 41.8722091677433 41.8573379933102 41.8083022625747 41.762726471061 41.7556481409947 41.7135193065117 41.6634736996475 41.6059767945957 41.6196424775099 41.5515164386846 41.6786406628731 41.7931289862731 41.8182465349747 41.7958401575625 41.742362246732 41.6578106849212 41.5945760751389 41.5555438897798 41.3947320248253 41.1926888863802 41.0970203848926 41.0228132143353 41.0195454691587 41.1477756106789 41.1103619734486 41.048257191595 40.8814760424886 40.7609896622624 40.4674478764742 40.3879683271893 40.3887012960867 40.3094829793593 40.206417024557 40.0945132534854 40.0078815174362 40.0279944140002 40.1448271165203 40.1687806007195 40.2090984732637 40.2713449770867 40.3270356457052 40.5383330402656 40.6769007905193 40.7243517301648 40.732752924051 40.7567842790003 40.7662220684817 40.7504056412086 40.8004877251466
-9999 -9999 -9999 -9999 -9999 -9999 41.8822793948396 41.8594936703852 41.8210527002558 41.7737680964857 41.731886183187 41.6646093710854 41.6362258266887 41.5851814050544 41.5363876192469 41.5325806305769 41.5096392967432 41.6152540707243 41.6713584668613 41.8184316900387 41.8523855265682 41.7701747109428 41.7032801903684 41.6423504844352 41.6291935928102 41.6292815750041 41.4399432128865 41.2511449956943 41.2577126983543 41.3024715373629 41.2633334373256 41.1993106769876 41.0988273935758 40.9264867185683 40.8050561182655 40.6894331465419 40.6103548417222 40.449766118039 40.3577366285113 40.1562364046861 39.930924621713 39.8450415784565 39.8420523921718 39.8859570371092 39.9918616572102 40.0728326868756 40.1938610709095 40.2814024810643 40.3997347377573 40.5757921717234 40.6459348004922 40.6827025975915 40.7031181986784 40.7241493265974 40.7002105860931 40.6748728435041 40.7582356354369
-9999 -9999 -9999 -9999 -9999 -9999 41.8201556724336 41.7807284174812 41.7207817945468 41.6479829691885 41.6127782331471 41.550260966289 41.5204071344313 41.4970124016507 41.5010807483002 41.5494307334097 41.6492960841848 41.6922839586519 41.8173756134273 41.8899658692645 41.8254833571526 41.7204252629256 41.7490544075488 41.7573595230482 41.7430936780753 41.6880296509502 41.5826747418134 41.5115767221457 41.5263107918564 41.5433601798212 41.3981972500403 41.2492247535101 41.1112236273022 40.9377964402168 40.8338706147157 40.7466299528704 40.5298116822223 40.204972537751 40.00741703354 39.7935933843649 39.7240045514447 39.8504593174096 39.9435102291206 39.9788819208894 40.013450047316 40.0850270718021 40.1851695135961 40.2636315291879 40.352769514016 40.4796420430371 40.5422201190131 40.5634559196847 40.5580745430854 40.5971928218279 40.6362701633154 40.696816864775 40.8019716462502
-9999 -9999 -9999 -9999 -9999 -9999 41.7573209404365 41.7338591878583 41.6448835045125 41.5389274682415 41.5166687818227 41.5379562281278 41.5366020925279 41.6000145700896 41.6463626827529 41.6858272531882 41.7427193972797 41.7697044226606 41.7961192027706 41.9440034587339 41.8712942323548 41.840618586376 41.9124742305173 41.9091348422321 41.8589978930397 41.7801874198693 41.7371823078077 41.7045575633274 41.6690987533766 41.603929319811 41.4733715670069 41.3252804627641 41.2156800602797 41.0723083647124 40.8745130642277 40.6058756692826 40.3130638866036 39.8539047921127 39.6838724157802 39.8674454850204 39.9319223759906 39.997714722146 39.9625558338384 39.9550413028102 39.9456909769203 39.9712271033326 40.0420281871013 40.1124422030292 40.1941633538088 40.27345469702 40.3787312504297 40.398744709275 40.3906122284112 40.4542576828435 40.5153342801553 40.5452308559241 40.6273806920005
-9999 -9999 -9999 -9999 -9999 -9999 -9999 41.7338591878583 41.6129569285443 41.5336599341915 41.5117851677527 41.5361009034801 41.5949850755179 41.6666999012749 41.6565007395159 41.6943821290406 41.7290250046289 41.7565985503193 41.7840213537989 41.8921001419982 41.9630301239639 41.9839157923049 41.978688461673 41.9435579129573 41.875663299987 41.8644928017624 41.8803875088849 41.8538863603019 41.8011645956577 41.6828610918176 41.5436622936601 41.3772665874547 41.2234316419494 41.0213523427778 40.7355444303773 40.3288736282489 40.0479646085953 39.8390876679821 39.8670485477812 39.997220689052 39.9532885303661 39.9814816232453 39.8735481514124 39.7932187021391 39.7636407020656 39.7667278234893 39.8186487385669 39.8808530703332 39.9655241718243 40.04091622257 40.1252154886055 40.2028873500941 40.252167437896 40.2274871210035 40.1562276043425 40.2861248459807 40.5712618406689
-9999 -9999 -9999 -9999 -9999 -9999 -9999 41.583678892352 41.5543303442376 41.5291989336225 41.4893697589506 41.4800902097387 41.4599815196826 41.5943140128328 41.5939456647359 41.6240379401128 41.6512965914778 41.5967556894061 41.5420470420001 41.5747684814288 41.7018906726737 41.917430047993 41.9802907189065 41.9838962734044 41.9424428589027 41.9417753359507 41.9516808575913 41.9193440390463 41.8222668922969 41.7015292813954 41.5561467346937 41.3564776469627 41.1472780136394 40.8277479099624 40.4035666844176 40.100407169284 40.0689566323365 40.0786295652578 40.0700087528413 39.9910274021022 39.8927765529166 39.7667623373593 39.7465588660961 39.6222745538781 39.5442887444899 39.5111716248092 39.5286777986042 39.5744362595332 39.6624523993391 39.7461591428231 39.8477813023971 39.9544195895415 39.8622077076695 39.8325452111358 39.9448954283743 40.3477907901396 40.7762384335299
-9999 -9999 -9999 -9999 -9999 -9999 -9999 -9999 41.493827072154 41.4618414699991 41.4128901506058 41.349592120685 41.3646312607899 41.3882210766578 41.4573718990485 41.5054424132589 41.5033905334221 41.4091539435141 41.3117164173405 41.3174332456847 41.4935442292349 41.7596899279124 41.9255158566946 42.0228140553635 42.030936351428 42.0052267872554 41.9917249381673 41.9587199848577 41.7910851695728 41.635848865026 41.5252868805051 41.2998303755408 40.893301587835 40.4233993408446 40.1644564791138 40.2127740591704 40.2944165278446 40.1837375998024 40.0440800350715 39.9460769902035 39.7847914494506 39.6200219521175 39.5155445903616 39.4063788367978 39.2798940310482 39.192856893721 39.1662446464495 39.1857363120451 39.3011174830617 39.3722949188717 39.4383888508434 39.4752651550013 39.4556438872224 39.5708967713529 40.1081022971339 40.5830891601343 40.9055204420845
-9999 -9999 -9999 -9999 -9999 -9999 -9999 -9999 41.3756373937317 41.3628063833911 41.254090798771 41.2022310574443 41.1922396124338 41.2112587496958 41.2988022138295 41.3293574643063 41.3530949370807 41.4141609734117 41.4234059089866 41.4499205714661 41.5459891178422 41.673992668677 41.8962404916064 42.0012226470182 42.0299363490587 42.0212102542769 42.0188785583061 41.9731920197384 41.8317158435366 41.691415827704 41.5856135844903 41.3232813796935 40.9311829070842 40.5788029547851 40.4331613492362 40.4800503962492 40.3851521308131 40.174890888713 40.0033747332957 39.8759478665791 39.6693097572158 39.4641599199288 39.2677716605502 39.1374347699702 38.9433759643998 38.8416926298443 38.7837565468718 38.8293711592663 38.9744159291645 39.0301685046874 39.1122097591707 39.1222120577886 39.1960106973227 39.5688046933775 40.2145117997621 40.7253894270438 40.9426547727148
-9999 -9999 -9999 -9999 -9999 -9999 -9999 -9999 41.3806229670892 41.3885024190694 41.2897737923332 41.2309132360618 41.2107189930291 41.2256928368079 41.2655348305885 41.3194535156619 41.4060233582021 41.5110993845351 41.6069546279912 41.6258069790932 41.7144930894552 41.7973281929125 41.8397996679178 41.9533568449725 42.0346834423281 42.0543845978509 42.0226868487923 41.9916434923586 41.9629972659447 41.8730830271486 41.7492553026635 41.5147108272408 41.3398903071288 41.1387564714748 40.8515664631599 40.6129884507909 40.3851910594658 40.0809747456763 39.8265865338792 39.6883025162935 39.4814420852441 39.1769912711495 38.8050864579997 38.5796360819911 38.5675874329083 38.5086962848729 38.4767626500516 38.5283565520856 38.6496482532497 38.7635128783499 38.930091550086 39.0239629839548 39.1002390162328 39.5988859421058 40.2971911453206 40.7995058301868 40.9307438728747
-9999 -9999 -9999 -9999 -9999 -9999 -9999 -9999 41.3734258838759 41.3726947314328 41.3704050305138 41.3122626443248 41.3239759359233 41.3507423113996 41.3570369938958 41.4033675815505 41.4901792701852 41.5851145780122 41.6358760942528 41.6679935822114 41.7884949854178 41.9087614180511 41.918385104114 41.998608034143 42.0717705140514 42.077489161379 42.0120277849108 42.0387955048118 42.0701810941502 42.0077579537185 41.909515729554 41.7386955459786 41.5716063688839 41.341243199103 41.0670111165272 40.7492112839297 40.405099443091 39.9823015452548 39.7092145612606 39.5664219504438 39.2827281389134 38.8001148957336 38.3303207706167 38.214031798984 38.2735294829722 38.2020670294729 38.12225696977 38.1194191339135 38.224596873011 38.4358375426687 38.6373050435742 38.8369040386305 39.0965241205045 39.7170956839538 40.369795126647 40.7356539343403 41.0148532098864
-9999 -9999 -9999 -9999 -9999 -9999 -9999 -9999 41.3344428383361 41.3741591872496 41.2522466936726 41.3053476878741 41.3577561502492 41.3968282284493 41.399494048889 41.4060032993334 41.3931269745326 41.4041516604971 41.4544387877033 41.5476838594472 41.690645829559 41.8776472547391 42.0330085327591 42.0904223351089 42.1536787983768 42.1418976778333 41.9660673963717 42.137706747124 42.1599053060082 42.0977442452837 41.995876871156 41.840446012385 41.6661816090918 41.4466279810169 41.176538212912 40.8477020097774 40.5054430674892 40.002308656826 39.7344621153229 39.5751209845142 39.1793352835871 38.6424513554014 38.2283631564279 38.0974118191853 37.8787749968231 37.6448323041822 37.5099678227187 37.4913230983375 37.6615732824383 37.9513782906531 38.1993012100321 38.4735835139669 38.8847168787269 39.412972368052 40.1002315655501 40.6452911987205 41.0500970241617
-9999 -9999 -9999 -9999 -9999 -9999 -9999 -9999 41.2633659401167 41.2946046307122 41.205805337658 41.2183527592338 41.401937061959 41.4174195924985 41.3710981291019 41.3775471954651 41.2241291889334 41.0480851605267 41.004577100865 41.1952346788631 41.3802274085552 41.5832527642502 41.9273782092131 42.1299892729029 42.2199080007964 42.3373922961985 42.5399202321166 42.3296750243078 42.2170438270923 42.1205678280544 42.0002218908151 41.8496544175937 41.6667991256945 41.4665332273871 41.2009536610073 40.8730807831938 40.5495828277692 40.1024478933941 39.8175598428603 39.5366226008443 39.113150340326 38.6147071070042 38.1537578291054 37.7157713785231 37.234226481418 36.8036254573042 36.5156550313845 36.5553494239797 36.8729955679173 37.2401258469102 37.5085915771743 37.8789902425489 38.3861740471514 39.0623255687346 39.8447083834777 40.5355039179439 41.0337259743079
-9999 -9999 -9999 -9999 -9999 -9999 -9999 -9999 41.143031866764 41.2320266975936 41.1866192571637 41.2566457479795 41.3614723399743 41.2478226602173 41.1780182318334 41.0799889060976 40.9554590396697 40.9434476913142 41.0266585503469 41.1983840485845 41.308943913184 41.4834121058901 41.7689386141703 41.9822877318784 42.1608898833208 42.3305059870819 42.4117103444181 42.3061645927557 42.1560881472083 42.0438090886687 41.9188477871922 41.7614567252048 41.5774180206913 41.3928695090948 41.1580229481053 40.8314204429667 40.4582263655012 39.9850809885823 39.7048688282045 39.4102141723173 38.9536341905112 38.4415784956992 37.8910113573606 37.1924914650973 36.4286239331128 35.6969432859731 35.2283853799792 35.3374889866753 35.9369946932036 36.5287323920001 37.0458796664627 37.5668792538512 38.1886265351136 39.0041299240936 39.8783074047724 40.591763822043 41.1348903342652
-9999 -9999 -9999 -9999 -9999 -9999 -9999 -9999 41.1217379552383 41.0537371860524 41.1562423464606 41.3132926849777 41.3697278407738 41.2087320328349 41.1006182681028 40.9579450992333 40.8939480349485 41.1490977353846 41.4089891957097 41.508968337764 41.5563583331454 41.6836578320961 41.808954322604 41.9653459235112 42.1834158851407 42.2877233555023 42.2421927640286 42.0288483213178 41.9058411510553 41.8416165610144 41.7006013602928 41.5800350687418 41.4265885610904 41.2523549568434 41.0424941994588 40.7421577257063 40.3827095879113 39.8351116751793 39.4167217410366 39.0747631077883 38.7045689401649 38.2402158591704 37.5600146903168 36.6043208346249 35.6177222352815 34.7203150515107 34.1722592577303 34.3321408517871 35.0120275982552 35.8701090830825 36.7895021272612 37.6579553575559 38.4359965357864 39.2438438163288 40.059139667872 40.7479195795773 41.2865622388909
