taller 3/murcia anomalia maxent/bio3.asc
NCOLS 321 
NROWS 253 
XLLCORNER -2.504166067 
YLLCORNER 36.745833473 
CELLSIZE 0.008333334 
NODATA_value -9999 
[rows 150 to 174 of 253, columns 57 to 113 of 321]
-9999 -9999 -9999 -9999 -9999 -9999 -9999 -9999 41.481859914368 41.4445529137883 41.3566274535733 41.3960764157279 41.4517250079935 41.5044918177665 41.5647746769147 41.3934837662056 41.455885392869 41.2404818209636 41.259117793405 41.3694196159301 41.3792763519588 41.3770728427417 41.4297319845165 41.4267061953025 41.3694214145617 41.3244446903376 41.2903904842967 41.3577844472101 41.5263854493073 41.7825523240667 41.9827629890234 41.9598627329854 42.1062616596163 42.2553637880114 42.2803227197877 42.5071202441047 42.5028743394695 42.6067695914 42.6884813096534 42.7499822492344 42.7824164080723 42.7879469659272 42.76645692519 42.7164930593909 42.6529403348781 42.5644288857613 42.4417131613776 42.3557010383909 42.2398536203681 42.0989093741526 41.9081719106986 41.7613418838541 41.7937111954987 41.5386576942757 41.4165280854266 41.2682039638535 40.9769042532588
-9999 -9999 -9999 -9999 -9999 -9999 -9999 -9999 -9999 41.5192289702974 41.4794399818515 41.4483574742332 41.4445958985843 41.462507791938 41.5145943231929 41.5811873782994 41.6178094268518 41.4644265526128 41.5614307186957 41.3786407470545 41.3467537293045 41.3235313041469 41.2728339271124 41.2240889683829 41.1876606286876 41.0879886257842 41.0567299224472 41.0894609622577 41.3066996813438 41.6150794090424 41.8211808359631 42.001741818574 41.992036522511 42.1405578631175 42.257970804601 42.3264073976354 42.3642426007511 42.4534271709971 42.5202944645632 42.5680545512791 42.5919244398399 42.5935518889769 42.5822594312644 42.4995868728179 42.416783957104 42.3261304291424 42.1967814442366 42.1025440278411 41.9637551801714 41.7840513339615 41.5027734079092 41.2533176984399 41.2455252613077 40.9491001468741 40.7491858793054 40.6844423526856 40.6692705756144
-9999 -9999 -9999 -9999 -9999 -9999 -9999 -9999 -9999 -9999 41.625495974149 41.5953279483747 41.5109088210898 41.4803981904546 41.525160822472 41.5484802080688 41.6043796226053 41.6795285538674 41.6415728330782 41.5180627313342 41.4156118261848 41.3984149344072 41.2298377958954 41.0772399885979 41.0069735101537 40.9501009361614 40.9643645922578 41.0294254050995 41.2261227878236 41.4674480673132 41.6537410546117 41.8560939329547 41.8978987249301 42.0299430284265 42.1558382394245 42.38850517779 42.4020877095584 42.3006614922653 42.3527978763145 42.4059071705744 42.4179724634346 42.4070397441527 42.3811734507264 42.2817395693846 42.1811870426089 42.0806283960774 41.9382259520632 41.828583678134 41.6144133862018 41.2848981375611 40.9639209499625 40.9258133800073 40.7215704475176 40.4299029670795 40.2679563622891 40.3202025494635 40.3537341865215
-9999 -9999 -9999 -9999 -9999 -9999 -9999 -9999 -9999 -9999 41.5834929041765 41.650986092356 41.634443159252 41.5945448305161 41.6207235251642 41.6155026219557 41.6219741924379 41.5903675719916 41.5081787067973 41.2573185155098 41.2624014923157 41.288437872296 41.1944800156389 41.0836122259066 41.0059273112544 40.9157864580031 40.9283625609848 41.0379047478383 41.1526394888382 41.3049535155965 41.5055298010603 41.7191984423997 41.7819110125754 41.9469638104865 42.0752464426637 42.2905460852042 42.3020976098158 42.3596004305248 42.3967338920094 42.2523881182959 42.2518836381516 42.2240916188272 42.1572265788291 42.0795611742799 41.9647819533743 41.8374684961003 41.6586684855977 41.4626606384266 41.1751514807455 40.8515727744293 40.6156882037601 40.5841196235589 40.3251478335498 40.1174016843654 40.0051658114938 40.0222743211636 39.975507158058
-9999 -9999 -9999 -9999 -9999 -9999 -9999 -9999 -9999 -9999 -9999 41.6207932655195 41.6187895393809 41.5648266377738 41.4431074677528 41.4111033861495 41.4302829389808 41.3477144461994 41.1595345024999 40.7731495833214 40.8494842118063 40.961425171336 41.016983187609 40.9908185331289 40.9736790132141 40.9539592435887 40.936677487858 40.9901600429017 41.0572243533328 41.2049014787233 41.4122633354009 41.6272917511488 41.7157110272152 41.8768591805994 42.1009179504601 42.2099307806002 42.2195653479107 42.2699166849876 42.2976469985397 42.3075775034598 42.2962866781302 42.0853011556949 41.9979227308414 41.877984880624 41.7534076588423 41.5698330716692 41.3548563042129 41.1054621620301 40.8864522180544 40.6881386813025 40.46848915005 40.3800418651852 40.1696942945 40.0009486631527 39.7948940260178 39.5756641404023 39.5638615646482
-9999 -9999 -9999 -9999 -9999 -9999 -9999 -9999 -9999 -9999 -9999 -9999 41.3793884875726 41.3016699630871 41.1910486344778 41.1271597343977 41.1355486057433 41.1004955486995 40.9393554804105 40.5834883444945 40.6502556179797 40.7571556647296 40.8407000430133 40.8113109936806 40.8988221490566 41.0110507809561 40.9921419896687 40.997460251366 41.0638226179397 41.198763385392 41.383526424536 41.602730886455 41.8119274433302 41.8444338196225 42.0558756264645 42.1578417572019 42.1490007283305 42.2178302216684 42.2349384318086 42.2305431379308 42.1933216438431 42.1114204396282 41.9002423716737 41.7531047022572 41.5582457715142 41.2126684270017 40.9656070948612 40.8227777619914 40.6751940189599 40.3896863930933 40.1126121879258 40.0749995073914 39.9086584886803 39.6511224259978 39.3200252859678 39.209016972654 39.2749300404851
-9999 -9999 -9999 -9999 -9999 -9999 -9999 -9999 -9999 -9999 -9999 -9999 -9999 41.0119989293279 40.9101210945839 40.875394807318 40.9200948253811 40.8486635058211 40.8719378760839 40.624689278901 40.6277069567091 40.743681781978 40.747520816515 40.8409932070456 40.9840353912213 41.0713598733631 41.0768161196924 41.0856747700506 41.1411612184914 41.2590886121814 41.4253795502186 41.6244046443107 41.817748689621 41.9263523693811 42.061241093971 42.1600614218507 42.1580011770786 42.2143184879187 42.2159177219309 42.1828127224563 42.1026510797872 41.978342579701 41.8290122866342 41.5021421773669 41.1875514615509 40.9381614143352 40.6448321348065 40.5393518668678 40.3732161765336 40.0568273521868 39.78230618533 39.7324789505216 39.4975133514689 39.3019136608196 39.1491525894847 39.1138401004859 39.2127027363394
-9999 -9999 -9999 -9999 -9999 -9999 -9999 -9999 -9999 -9999 -9999 -9999 -9999 -9999 40.3708571565203 40.5821758317494 40.7872964612124 40.7213729863375 40.814292486554 40.617410092269 40.6771585620023 40.7857840052914 40.8546867497405 40.9801346560118 41.1043775698336 41.1412347536349 41.1658688437331 41.1905983630173 41.2278565287559 41.2796014196617 41.3917239811611 41.6277199838983 41.8449930864626 41.960256834988 42.1094520968557 42.2076349189257 42.2126544098725 42.25634534673 42.2397548127135 42.1645235115086 42.0403691812339 41.8818795851605 41.6720218770241 41.2688210412239 40.9043579392755 40.6097522488463 40.392822096984 40.1954266847483 40.0609843646135 39.7782435406636 39.4624318374267 39.2707772738674 39.1269150952038 39.1328649383921 39.1449643228844 38.9972932914412 38.9441880225286
-9999 -9999 -9999 -9999 -9999 -9999 -9999 -9999 -9999 -9999 -9999 -9999 -9999 -9999 -9999 40.4119775163845 40.5245825573656 40.6446783783044 40.7960648179469 40.5730477546515 40.5944896806426 40.6683941718311 40.9665234302858 41.1184027342905 41.1339313765313 41.1891054734977 41.2262376811195 41.2571813968508 41.2790072866857 41.1685782298422 41.2463356628419 41.5714971539765 41.8560698173508 42.043307953503 42.1880276473398 42.2911825601431 42.3130084460539 42.3423667816705 42.3064030571178 42.2034208016429 42.0485088936973 41.8194505833476 41.5417213202774 41.1851519736244 40.7132639250297 40.352858538622 40.0662771548461 40.0817706033593 39.9269557945624 39.3691044228544 39.0406151055373 39.0696968857479 39.044740775714 39.0592810567972 39.0821172443998 38.9410580115992 38.7932350226118
-9999 -9999 -9999 -9999 -9999 -9999 -9999 -9999 -9999 -9999 -9999 -9999 -9999 -9999 -9999 -9999 40.6257362087651 40.7333829361757 40.6723075020382 40.67165914132 40.5465992919967 40.7289079171257 41.0516802647466 41.1782559326042 41.2396756696951 41.2803802008076 41.2766489535962 41.2263558164441 41.113304026667 40.9267167883456 41.0296517032167 41.4638845810907 41.9112851846484 42.1458266476074 42.2949103756459 42.4024138909871 42.4405204186239 42.4579625140653 42.3959281003292 42.2712894227195 42.0791796664241 41.794096841768 41.402168825659 40.9673954127214 40.5987848247535 40.1736099185438 40.0444480404904 39.9952595942434 39.7994865418417 39.3328129331137 39.0241240483485 39.1272582438422 38.9573648160607 38.8476739153115 38.859989896228 38.7503152051438 38.8044907097265
-9999 -9999 -9999 -9999 -9999 -9999 -9999 -9999 -9999 -9999 -9999 -9999 -9999 -9999 -9999 -9999 40.9111405513468 40.7291060501242 40.7765309988388 40.7908804424439 40.8854922387067 41.0810015583011 41.1045866775473 41.2570415005563 41.3280655980406 41.350402164204 41.2745607615288 41.140573658219 41.0805865602884 41.0595260101612 41.2208929102169 41.5431817593783 41.9483298358601 42.2093618063348 42.3729007020018 42.4956662008579 42.5603376342077 42.5621541062958 42.4786052047487 42.3308726882768 42.0971626879993 41.7538601038521 41.2723807292834 40.7824555422441 40.4025581677921 40.0526257971982 40.0920066953722 40.0242410717215 39.8151762367085 39.495642845667 39.2332314586806 39.1576959978768 38.8616762207387 38.5832145131337 38.333715597978 38.191021724513 38.2706773586453
-9999 -9999 -9999 -9999 -9999 -9999 -9999 -9999 -9999 -9999 -9999 -9999 -9999 -9999 -9999 -9999 -9999 40.8587947059368 40.9916802290711 41.1098447342392 41.1938803559331 41.2707549176593 41.3341963919374 41.3669372617956 41.2713845834284 41.2265267693927 41.1003342043469 41.0983471029248 41.2659519245552 41.3996821403611 41.5738866509776 41.826183609344 42.0495385220163 42.2407368152704 42.3950120767518 42.5230615323028 42.621485936821 42.6556957373478 42.5726467040134 42.3764399885539 42.0759677058467 41.6150749036049 41.1041332834535 40.6130026944536 40.227066395099 40.097912835996 40.0562168529522 39.9981965938178 39.8465900719367 39.622758559229 39.2957237663641 39.029105137384 38.7296270524504 38.3492626652823 37.8845659659133 37.8543720677402 38.0846590517745
-9999 -9999 -9999 -9999 -9999 -9999 -9999 -9999 -9999 -9999 -9999 -9999 -9999 -9999 -9999 -9999 -9999 -9999 41.28103488381 41.3564085114851 41.3850952938785 41.4142113519633 41.1808594375945 41.139514280687 41.1411332162334 41.0245456624936 40.9883646383557 41.1486586924158 41.3759258748284 41.5968570990471 41.7410656785251 41.9167849496429 42.0983419137511 42.2540730123384 42.3907641194376 42.5202687877611 42.6581322705226 42.7181908434852 42.6338006650669 42.3590613777331 41.9261459354449 41.3789006628186 40.9228094193604 40.5006775220436 40.1552823418349 39.9882789665544 39.7824175128558 39.7540695898356 39.7503963943294 39.4731666630435 39.1023485797048 38.75233285044 38.4438952281297 38.1192079661199 37.7260002308864 37.7091697698805 38.0502190045945
-9999 -9999 -9999 -9999 -9999 -9999 -9999 -9999 -9999 -9999 -9999 -9999 -9999 -9999 -9999 -9999 -9999 -9999 -9999 41.3181546506589 41.315064291649 41.3045057957489 41.1866210927715 40.8785333440375 40.5591314766699 40.650217306019 40.9537303030985 41.188597839963 41.4064682955663 41.6238297773552 41.7476709698386 41.9208277405368 42.0949147789258 42.2105793828508 42.3077746734657 42.4555411991613 42.6380158268312 42.6860042262677 42.5462600784391 42.1853696751672 41.6209613914559 41.0952848542885 40.7392136731317 40.4846782238892 40.2333454282456 39.9902216156307 39.7471423340223 39.659655183249 39.5133023581354 39.1970608719763 38.9153251427189 38.6539394518047 38.3474286688994 37.9410211814924 37.5254345370061 37.4512658950456 37.6769289383019
-9999 -9999 -9999 -9999 -9999 -9999 -9999 -9999 -9999 -9999 -9999 -9999 -9999 -9999 -9999 -9999 -9999 -9999 -9999 -9999 41.4417589860541 41.3034928393867 41.0015053222464 40.4767820856535 40.1055837344922 40.4049531183405 40.8698752025752 41.2134154577203 41.4747280630367 41.6397695704449 41.7385986475654 41.8931649871613 42.0334161136488 42.1010396620485 42.1747642177516 42.3288515025169 42.5181909295405 42.5294388473415 42.3247639540939 41.8713259893902 41.2696625493677 40.9090527831711 40.575658978043 40.2788671980602 40.1463463348428 39.9791651366428 39.8609925974655 39.640156452666 39.2834352264665 38.9633426457992 38.7040146390121 38.3302078444611 37.937534500558 37.7158714025736 37.592819423418 37.3449613151671 37.555160290124
-9999 -9999 -9999 -9999 -9999 -9999 -9999 -9999 -9999 -9999 -9999 -9999 -9999 -9999 -9999 -9999 -9999 -9999 -9999 -9999 41.2714813886975 41.2339086048657 40.7900011980227 40.3684112532246 40.3171816238945 40.6061834410245 40.9643892733479 41.2523833204716 41.459562579434 41.6183405628315 41.7686622283481 41.8481338769576 41.9167912556881 41.9182921285044 42.010723846931 42.2044946635556 42.3413827708157 42.2642624996925 42.0201075466543 41.4659105384354 40.9065173656561 40.7559178416617 40.4527423286199 39.9940235453738 39.7936333304544 39.7567247863182 39.6937977267461 39.4411189200467 39.104133077539 38.7788897042683 38.4267547415056 37.9021184025002 37.5914445086839 37.72567943331 37.7712416211356 37.5632301280215 37.7170692139549
-9999 -9999 -9999 -9999 -9999 -9999 -9999 -9999 -9999 -9999 -9999 -9999 -9999 -9999 -9999 -9999 -9999 -9999 -9999 -9999 -9999 41.309194697857 40.83692541617 40.5866377292939 40.7365889747469 40.9844756550868 41.1805752601055 41.3778130348333 41.5027715350408 41.6129326336416 41.6939606450697 41.7656454604725 41.7456617938899 41.7554719836895 41.8851145389127 42.0555973177737 42.0972342278553 41.9242760198371 41.5919064485745 41.0378884916182 40.6399772214659 40.5720793775737 40.3540919899315 39.8989350754965 39.6557587686407 39.6232286734594 39.4519380982044 39.2177757851324 38.9332998453978 38.5139643367144 38.0390258113684 37.6827368419914 37.6914649750522 37.9061843345965 37.9383463987012 37.8145501251153 37.8368445709559
-9999 -9999 -9999 -9999 -9999 -9999 -9999 -9999 -9999 -9999 -9999 -9999 -9999 -9999 -9999 -9999 -9999 -9999 -9999 -9999 -9999 -9999 41.2559420143509 41.1016702567823 41.1325638824954 41.2477252860562 41.3229432798134 41.4245882991491 41.5014191799425 41.5763036151083 41.6237428915813 41.6038238525553 41.6301389115526 41.6730613986012 41.7739361132181 41.8427848397071 41.7868334131114 41.5238812264176 41.0973289742495 40.6218574084905 40.3429643398108 40.3030187598888 40.1632842202211 39.8409936851823 39.5948561741983 39.4514493727269 39.1998510350234 38.9872194030707 38.7346587234749 38.3243442333611 37.8967466163561 37.780279206131 37.9420278300767 38.0150014473388 38.010629658458 37.9755307588385 37.9958637906906
-9999 -9999 -9999 -9999 -9999 -9999 -9999 -9999 -9999 -9999 -9999 -9999 -9999 -9999 -9999 -9999 -9999 -9999 -9999 -9999 -9999 -9999 -9999 41.4837942736282 41.3889775088978 41.3759680452035 -9999 -9999 -9999 41.5203711406727 41.5078108086778 41.432599305154 41.4524594614201 41.5573535582679 41.615207047452 41.5976277552771 41.4636604104262 41.0961315233585 40.6484180247834 40.1776411749919 39.908583203289 39.9280598539924 39.8345675435926 39.5906737044529 39.3338910547659 39.06888398062 38.8815246640926 38.8127064507381 38.6100817707807 38.2848390019027 38.0481630622314 37.9888794943703 38.0450063080876 38.0284595928166 37.9715407091511 38.0161022599085 38.0383772363056
-9999 -9999 -9999 -9999 -9999 -9999 -9999 -9999 -9999 -9999 -9999 -9999 -9999 -9999 -9999 -9999 -9999 -9999 -9999 -9999 -9999 -9999 -9999 -9999 -9999 41.4411123411013 -9999 -9999 -9999 -9999 -9999 -9999 -9999 -9999 -9999 41.3478074926982 41.1651970836199 40.7780845761222 40.3352497524057 39.9027179423946 39.6228014977695 39.5437815110454 39.4720921611996 39.3196160893136 39.0386929469558 38.7046767926117 38.5524343507449 38.6366457616008 38.5639761603287 38.3400865217442 38.1889897658287 38.1345045960331 38.0456687544516 37.9773589105731 37.949966379486 37.9951225868103 38.0816083267785
-9999 -9999 -9999 -9999 -9999 -9999 -9999 -9999 -9999 -9999 -9999 -9999 -9999 -9999 -9999 -9999 -9999 -9999 -9999 -9999 -9999 -9999 -9999 -9999 -9999 -9999 -9999 -9999 -9999 -9999 -9999 -9999 -9999 -9999 -9999 -9999 -9999 40.5800896314867 40.1688660258258 39.7922432127792 39.3857476592977 39.2190307005568 39.2711993032506 39.0944347212605 38.7728734132486 38.4747920129963 38.3785559542524 38.4873866547167 38.5163487617873 38.4137989257876 38.3132957807723 38.1634444329656 37.992320716807 37.8958166979306 37.9166476468157 38.0005093387449 38.0636622958714
-9999 -9999 -9999 -9999 -9999 -9999 -9999 -9999 -9999 -9999 -9999 -9999 -9999 -9999 -9999 -9999 -9999 -9999 -9999 -9999 -9999 -9999 -9999 -9999 -9999 -9999 -9999 -9999 -9999 -9999 -9999 -9999 -9999 -9999 -9999 -9999 -9999 -9999 39.9463643876359 39.669764669127 39.3317370663746 39.2006091147488 39.1919994023515 38.9107318979777 38.5131599260184 38.2147391500669 38.2682918087149 38.4390855050786 38.479068508835 38.4085611145602 38.3050978433104 38.1393498102878 37.9412991825039 37.8052943513382 37.8558488290656 37.9719763940811 38.0195667863062
-9999 -9999 -9999 -9999 -9999 -9999 -9999 -9999 -9999 -9999 -9999 -9999 -9999 -9999 -9999 -9999 -9999 -9999 -9999 -9999 -9999 -9999 -9999 -9999 -9999 -9999 -9999 -9999 -9999 -9999 -9999 -9999 -9999 -9999 -9999 -9999 -9999 -9999 -9999 -9999 39.4767646960544 39.3142887433674 39.1085651770198 38.7958702846762 38.4279674875399 38.160127153924 38.2427539763204 38.4257426496405 38.4686673952814 38.3977797922273 38.2771997773242 38.1376887266543 37.9681779959723 37.6947047924162 37.8653643924735 37.9931714788934 38.0158072557344
-9999 -9999 -9999 -9999 -9999 -9999 -9999 -9999 -9999 -9999 -9999 -9999 -9999 -9999 -9999 -9999 -9999 -9999 -9999 -9999 -9999 -9999 -9999 -9999 -9999 -9999 -9999 -9999 -9999 -9999 -9999 -9999 -9999 -9999 -9999 -9999 -9999 -9999 -9999 -9999 -9999 -9999 39.0272946995343 38.7740030087124 38.5166142553727 38.3350248268977 38.3413459724952 38.4405595355285 38.4910837265596 38.4172705542625 38.2806734230611 38.1681342997818 38.1192887784439 38.1752303277592 38.0449184085901 38.032856251165 -9999
-9999 -9999 -9999 -9999 -9999 -9999 -9999 -9999 -9999 -9999 -9999 -9999 -9999 -9999 -9999 -9999 -9999 -9999 -9999 -9999 -9999 -9999 -9999 -9999 -9999 -9999 -9999 -9999 -9999 -9999 -9999 -9999 -9999 -9999 -9999 -9999 -9999 -9999 -9999 -9999 -9999 -9999 -9999 -9999 38.6300306989247 38.4839340246281 38.4393054104381 38.4835872685307 38.5148676309426 38.4496366445236 38.327515599092 38.2264582970722 -9999 -9999 -9999 -9999 -9999
