taller 3/murcia anomalia maxent/bio3.asc
NCOLS 321 
NROWS 253 
XLLCORNER -2.504166067 
YLLCORNER 36.745833473 
CELLSIZE 0.008333334 
NODATA_value -9999 
[rows 75 to 99 of 253, columns 0 to 56 of 321]
-9999 -9999 -9999 -9999 -9999 -9999 -9999 -9999 -9999 -9999 -9999 -9999 -9999 -9999 -9999 -9999 -9999 -9999 -9999 -9999 -9999 -9999 -9999 -9999 -9999 -9999 -9999 -9999 -9999 -9999 -9999 -9999 -9999 -9999 -9999 -9999 -9999 -9999 -9999 -9999 38.9169587900883 39.0335684244781 39.1758631189838 39.2653751113117 39.3730589513086 39.5382505172978 39.5893807470838 39.6225093668644 39.6358458500412 39.5748436625686 39.3418487640036 39.1951655196148 39.1377284235893 39.037161300229 38.8549300464067 38.6616229734732 38.5244743694676
-9999 -9999 -9999 -9999 -9999 -9999 -9999 -9999 -9999 -9999 -9999 -9999 -9999 -9999 -9999 -9999 -9999 -9999 -9999 -9999 -9999 -9999 -9999 -9999 -9999 -9999 -9999 -9999 -9999 -9999 -9999 -9999 -9999 -9999 -9999 -9999 -9999 38.7135437272077 38.76145005526 38.9194244501376 39.0972335983225 39.2727926518581 39.4063956884159 39.4999662294101 39.5817619575792 39.6576098691844 39.7047875820659 39.7274959362626 39.7348699643533 39.7070671530987 39.6134580845619 39.5099838526669 39.3235151462908 39.0654174336484 38.8614347433173 38.8875850240115 39.0121514363355
-9999 -9999 -9999 -9999 -9999 -9999 -9999 -9999 -9999 -9999 -9999 -9999 -9999 -9999 -9999 -9999 -9999 -9999 -9999 -9999 -9999 -9999 -9999 -9999 -9999 -9999 -9999 -9999 -9999 -9999 -9999 -9999 -9999 -9999 -9999 -9999 38.459873567995 38.7135437272083 38.9630110149586 39.1439121425983 39.2601955087907 39.4010066658097 39.5196326480972 39.6033688688247 39.6761438453276 39.7401201037759 39.7908465742391 39.8129931024012 39.8244057143042 39.8036468516267 39.7819261417667 39.7232043621074 39.5417850013509 39.3183681473393 39.2060898259922 39.357705461303 39.6387824068993
-9999 -9999 -9999 -9999 -9999 -9999 -9999 -9999 -9999 -9999 -9999 -9999 -9999 -9999 -9999 -9999 -9999 -9999 -9999 -9999 -9999 -9999 -9999 -9999 -9999 -9999 -9999 -9999 -9999 -9999 -9999 -9999 -9999 -9999 -9999 38.4078709825834 38.7614750055329 38.9978515425215 39.0381854975008 39.1424304252884 39.2305522839415 39.3448009255327 39.4935148467255 39.6354943296271 39.7345702048589 39.7989692499734 39.8463383972701 39.8862274634155 39.9112171694062 39.8832184908267 39.883272552516 39.8796241526047 39.8096480676757 39.7871449752566 39.7239899923196 39.7221450325097 39.8128732899062
-9999 -9999 -9999 -9999 -9999 -9999 -9999 -9999 -9999 -9999 -9999 -9999 -9999 -9999 -9999 -9999 -9999 -9999 -9999 -9999 -9999 -9999 -9999 -9999 -9999 -9999 -9999 -9999 -9999 -9999 -9999 -9999 -9999 38.689758866395 38.4881757100047 38.7807898282007 39.0033714244812 39.063449900809 39.0379144388928 39.0133893756179 39.0784076427269 39.1362144090862 39.2196683581378 39.3807435458191 39.5825513263936 39.7092557493286 39.7824402930104 39.8410959560875 39.8908245157734 39.9089218952311 39.9186125423361 39.9052701747361 39.8053235356941 39.7172634940245 39.7066297396498 39.7533598529985 39.6833242558069
-9999 -9999 -9999 -9999 -9999 -9999 -9999 -9999 -9999 -9999 -9999 -9999 -9999 -9999 -9999 -9999 -9999 -9999 -9999 -9999 -9999 -9999 -9999 -9999 -9999 -9999 -9999 -9999 -9999 -9999 -9999 -9999 -9999 38.7936710294424 38.8917069831234 38.8983508218127 38.851588302536 38.8885953153339 38.9108894079664 38.9311728925213 39.0082290312233 38.95010856492 38.9781411676502 39.0349873966796 39.2239615136288 39.4366947716221 39.5888780173594 39.6875465947437 39.761054845654 39.8235774553611 39.8274277129678 39.7198215861101 39.4778847354372 39.2153318441628 39.2801449112441 39.5385462337568 39.5553851844286
-9999 -9999 -9999 -9999 -9999 -9999 -9999 -9999 -9999 -9999 -9999 -9999 -9999 -9999 -9999 -9999 -9999 -9999 -9999 -9999 -9999 -9999 -9999 -9999 -9999 -9999 -9999 -9999 -9999 -9999 -9999 -9999 -9999 38.338030620779 38.6952634620823 38.5259735372462 38.5274924908962 38.6596761475806 38.7390418608927 38.7812122979985 38.827467829917 38.8789263034859 38.8985421872709 38.8517351701456 38.9726541353245 39.1914748040665 39.3707953112669 39.5046850030198 39.6170444744597 39.6599710158049 39.4979238551483 39.270976484277 39.0678752580214 38.7896737995934 38.8597963584148 39.2982304718331 39.5357897377826
-9999 -9999 -9999 -9999 -9999 -9999 -9999 -9999 -9999 -9999 -9999 -9999 -9999 -9999 -9999 -9999 -9999 -9999 -9999 -9999 -9999 -9999 -9999 -9999 -9999 -9999 -9999 -9999 -9999 -9999 -9999 -9999 37.6438914108355 38.3380306207789 38.4468444296912 38.33909457998 38.4295947605715 38.4964878360136 38.5661669622438 38.6130880929675 38.5960139119046 38.5488183881084 38.5750101000377 38.6401725584716 38.6508364287771 38.7574756785566 38.9546096532153 39.2401604947571 39.4437607941997 39.4391366217978 39.1448595894226 38.9070753037883 38.9117693626837 38.8280874167583 38.9417702110809 39.2391859187344 39.3487174014574
-9999 -9999 -9999 -9999 -9999 -9999 -9999 -9999 -9999 -9999 -9999 -9999 -9999 -9999 -9999 -9999 -9999 -9999 -9999 -9999 -9999 -9999 -9999 -9999 -9999 -9999 -9999 -9999 -9999 -9999 -9999 37.3139018369718 37.6438914108354 37.9313373981786 38.1246116767043 38.1077158382381 38.1843984758127 38.1623413285387 38.1904444726514 38.2799302641805 38.2793409369376 38.2141910095123 38.225443203441 38.2177091234857 38.1992792617314 38.3907627245594 38.6886110929377 39.0067441965496 39.2630020311393 39.2638404103816 38.9599231102349 38.7976663777242 39.0679943267141 39.1322304769105 39.0036920887087 38.9984722014384 39.0737367308574
-9999 -9999 -9999 -9999 -9999 -9999 -9999 -9999 -9999 -9999 -9999 -9999 -9999 -9999 -9999 -9999 -9999 -9999 -9999 -9999 -9999 -9999 -9999 -9999 -9999 -9999 -9999 -9999 -9999 -9999 -9999 37.3139018369718 37.4934060811859 37.6172578122356 37.5243144329074 37.4696027796926 37.5734811964518 37.5322461544349 37.3354788704949 37.4687007205458 37.5826189621704 37.5077062030935 37.6518813724975 37.8228955002881 37.9890015570525 38.2211279211947 38.49692079083 38.6565669329279 38.838096769374 39.1438965357103 39.1947902934061 39.190078129038 39.448200138547 39.518908869779 39.3639908826293 39.3262098854847 39.5139345966978
-9999 -9999 -9999 -9999 -9999 -9999 -9999 -9999 -9999 -9999 -9999 -9999 -9999 -9999 -9999 -9999 -9999 -9999 -9999 -9999 -9999 -9999 -9999 -9999 -9999 -9999 -9999 -9999 -9999 -9999 36.6168037525408 36.9787302152312 37.2179964100474 37.1635881963686 36.849533818572 36.688117959905 36.7782216799716 36.7942708879438 36.5284443955082 36.581982731996 36.7629939639587 36.7948897702826 37.0690423965951 37.5644860492275 37.9527279840843 38.1891188928734 38.4748417951836 38.5644944043722 38.5848739728563 38.9292819826215 39.3360295623606 39.5826470837756 39.7268097087693 39.8687170995994 39.9187217133217 39.902694548395 39.9824148216898
-9999 -9999 -9999 -9999 -9999 -9999 -9999 -9999 -9999 -9999 -9999 -9999 -9999 -9999 -9999 -9999 -9999 -9999 -9999 -9999 -9999 -9999 -9999 -9999 -9999 -9999 -9999 -9999 -9999 -9999 34.7861191435662 36.4537377724231 36.6982213554866 36.6417324765354 36.2409290661829 35.7662621849787 35.7767510559399 35.9973925679176 36.0413625533929 36.2215817617086 36.4324986315586 36.5892147939223 36.9072137294689 37.4281339874351 37.8856207243072 38.2067853522853 38.4270025566961 38.5942946719115 38.7621412197425 38.9963469916283 39.2790276169347 39.5172532242901 39.728030988822 39.8750772310744 40.071696050919 40.1431387803423 40.2866827091022
-9999 -9999 -9999 -9999 -9999 -9999 -9999 -9999 -9999 -9999 -9999 -9999 -9999 -9999 -9999 -9999 -9999 -9999 -9999 -9999 -9999 -9999 -9999 -9999 -9999 -9999 -9999 -9999 -9999 -9999 35.7481556032401 35.9495833144889 36.1539002049101 36.1281826746779 35.67767859125 35.1031021011888 35.033405359764 35.2248182821655 35.3863900071685 35.8769024831828 36.2417628757621 36.4115903473459 36.8399945278916 37.2800346627429 37.6617389526902 37.9730272074117 38.1681532632273 38.4989683136303 38.8535321059145 39.1710473280013 39.4370162359635 39.6328673776172 39.8351129939771 39.9995004988138 40.2531099519108 40.4514552444602 40.6561000445424
-9999 -9999 -9999 -9999 -9999 -9999 -9999 -9999 -9999 -9999 -9999 -9999 -9999 -9999 -9999 -9999 -9999 -9999 -9999 -9999 -9999 -9999 -9999 -9999 -9999 -9999 -9999 -9999 -9999 35.4790539730064 35.5938033668555 35.7372711000635 35.7354141652433 35.6247072148382 35.2712976478854 34.8130303887002 34.6523772980875 34.6389100452554 34.8658311435939 35.5155021140989 36.0030940241566 36.3291277953883 36.8657623977446 37.25058702624 37.5624152992771 37.8837167298996 38.1801405623454 38.6418354692626 38.9985511939265 39.3176121890143 39.6412423071233 39.8800763719205 40.0689941187185 40.3005743123945 40.393955888891 40.5691518683303 40.7823088830374
-9999 -9999 -9999 -9999 -9999 -9999 -9999 -9999 -9999 -9999 -9999 -9999 -9999 -9999 -9999 -9999 -9999 -9999 -9999 -9999 -9999 -9999 -9999 -9999 -9999 -9999 -9999 -9999 35.5180097180344 35.5596874872749 35.6296540551833 35.4930378417811 35.314053358371 35.1022522137079 34.7807473283858 34.3520002620186 33.9521267848263 34.0159884197963 34.5709090089968 35.2451018972473 35.8179087201298 36.3367372035804 36.9211174772527 37.3545729617555 37.6907693333092 38.1274040444024 38.5440926468301 38.9355864165604 39.2496117920357 39.5463944777441 39.7791177656714 39.9703366269004 40.2094549557577 40.4004995861378 40.549029031502 40.6184717442597 40.8313193063917
-9999 -9999 -9999 -9999 -9999 -9999 -9999 -9999 -9999 -9999 -9999 -9999 -9999 -9999 -9999 -9999 -9999 -9999 -9999 -9999 -9999 -9999 -9999 -9999 -9999 -9999 -9999 35.6113276197336 35.6268576196654 35.6880436226561 35.5108301855546 35.1807777529895 34.9051389363081 34.5533582294929 34.1248359906862 33.76714411673 33.4238176393833 33.6441187470235 34.3294707261122 34.9161887550472 35.5218936482288 36.0464189111512 36.5650763084496 37.2141523905278 37.7900398534251 38.32319363589 38.7118320081746 38.8895555485159 39.117300758483 39.4319746073312 39.6592672173601 39.8550776573331 40.0650275112849 40.2161623915973 40.4309469113638 40.6531653258706 40.9037769591878
-9999 -9999 -9999 -9999 -9999 -9999 -9999 -9999 -9999 -9999 -9999 -9999 -9999 -9999 -9999 -9999 -9999 -9999 -9999 -9999 -9999 -9999 -9999 -9999 -9999 -9999 35.5610665559726 35.7189058318 35.7553192407144 35.5688133448719 35.2315061146431 34.8118299376054 34.3968416904112 33.9056641990615 33.4542306745261 33.3456753178776 33.3840664138124 33.6942100297539 34.2606735992077 34.787518856448 35.3278409051618 35.8105654439363 36.2836329989247 36.9765069428121 37.6715010609514 38.1458426121582 38.4635522911946 38.6996715782219 39.001137117088 39.3570351510128 39.6365261277453 39.8635965070319 40.073009777364 40.2125376720882 40.4818217142175 40.7270668408182 40.9378091759855
-9999 -9999 -9999 -9999 -9999 -9999 -9999 -9999 -9999 -9999 -9999 -9999 -9999 -9999 -9999 -9999 -9999 -9999 -9999 -9999 -9999 -9999 -9999 -9999 35.921790101043 35.7969703221591 35.7818407445867 35.716889698938 35.4454359849076 35.0448684137532 34.5265252187227 34.0813470969836 33.8469754648279 33.4629002170356 33.2570113400812 33.3894500165954 33.542750155116 33.8559877974601 34.3799049885347 34.890635382226 35.3868648468526 35.9552550983148 36.4384844697443 36.9744064359378 37.4690345121363 37.9157502098023 38.3667500974859 38.7884081280776 39.1799354323839 39.5188804181026 39.7838291366434 40.0199240107376 40.2770781082584 40.4622717562732 40.6491722860775 40.8399429154134 41.0039232309076
-9999 -9999 -9999 -9999 -9999 -9999 -9999 -9999 -9999 -9999 -9999 -9999 -9999 -9999 -9999 -9999 -9999 -9999 -9999 -9999 -9999 -9999 36.1992379282181 36.2869132729661 36.4659448159004 36.3203478701776 35.9470316806865 35.4718840277049 34.7491180023498 34.2019848304922 33.6973503275584 33.2161422515017 33.2439969361941 33.2918814295342 33.3828151227842 33.5857360793448 33.8083763240054 34.1564397641208 34.6239775949296 35.1276470395998 35.6619311176637 36.2303711887866 36.7448696874133 37.1823648787437 37.5020647690197 37.8387339557087 38.3532328112008 38.8310813035646 39.1828606893803 39.445279609517 39.7028828196129 39.9630025436208 40.2606651541834 40.5152954251015 40.6544266757321 40.8353786703605 41.0557407899293
-9999 -9999 -9999 -9999 -9999 -9999 -9999 -9999 -9999 -9999 -9999 -9999 -9999 -9999 -9999 -9999 -9999 -9999 -9999 -9999 -9999 36.1873599489012 36.563034756899 36.8517593204927 36.9068763690867 36.5906351392492 35.9266773822932 35.0456370664187 34.1292439221197 33.6737537073081 33.2911934157166 32.9142509003632 33.0421859281215 33.2363528378275 33.4018895466998 33.6658296118517 34.0242983319415 34.4109861548328 34.8681489778909 35.4059185546303 35.9558308053679 36.5419468548011 37.0718926028321 37.5296465131248 37.8259734354288 38.1419928248924 38.5357282811283 38.7821870158063 39.0248927341866 39.4078339392318 39.7948285594958 40.1171589753164 40.4218032266482 40.7178086120728 40.8793148958233 41.0204359678901 41.2257374038223
-9999 -9999 -9999 -9999 -9999 -9999 -9999 -9999 -9999 -9999 -9999 -9999 -9999 -9999 -9999 -9999 -9999 -9999 -9999 -9999 -9999 36.8658359376128 37.1615215954581 37.2479221351761 37.1221705829511 36.7075122089479 35.8922099030422 34.8094066849842 34.0639170295607 33.9370841626455 33.665099955556 33.405755342723 33.3461537768619 33.2321025214284 33.4790782957811 33.886558221754 34.2124170578638 34.5650369416168 35.0641778462579 35.7068183891851 36.2870144388324 36.8513244509504 37.3900336505611 37.8390198462132 38.2227591483859 38.5105143176616 38.8376449539717 38.952998148218 39.1256724433957 39.6049382064847 40.0883362746283 40.4330082196216 40.6915973150713 40.9146008371708 41.0853346087921 41.1930275630512 41.3137157774323
-9999 -9999 -9999 -9999 -9999 -9999 -9999 -9999 -9999 -9999 -9999 -9999 -9999 -9999 -9999 -9999 -9999 -9999 -9999 -9999 37.5650301611964 37.494133399508 37.4898272078666 37.4812397339874 37.3242516218782 36.9280094445821 36.2005520049615 35.3373872655567 34.7995193022813 34.7074722347188 34.5546472104147 34.3252785988449 33.8869083470998 33.5621887147913 33.8116002267519 34.1672545906319 34.4063152581701 34.742103982181 35.3033847814895 35.866826889997 36.5260034003246 37.1859252581522 37.6423846505006 38.0750170229091 38.4747432577294 38.8245603415672 39.1649999871701 39.3906926989085 39.5268204716934 39.895303403306 40.2659310347214 40.531880950066 40.747345715423 40.9170301407654 41.0296486925792 41.1316961873328 41.2735122093696
-9999 -9999 -9999 -9999 -9999 -9999 -9999 -9999 -9999 -9999 -9999 -9999 -9999 -9999 -9999 -9999 -9999 -9999 -9999 -9999 37.8266094181747 37.7359142590016 37.6680365366687 37.6138853986395 37.5476922294445 37.2583685350164 36.7957272474556 36.2842839015552 35.8698367408435 35.59737762943 35.421362172054 35.2065800690427 34.7582763015752 34.5977798785017 34.719002167378 34.7460274532511 34.8733377693242 35.2385716820285 35.7826937961938 36.134277325913 36.6830126671543 37.4452688237532 37.9200799323856 38.3323167547518 38.7461785170968 39.0915168160734 39.3994449059015 39.5831348777716 39.8132977556462 40.147755556335 40.4205779152132 40.6074003481471 40.5488614608353 40.5157371683645 40.7165544111553 40.9401462867768 41.119339875094
-9999 -9999 -9999 -9999 -9999 -9999 -9999 -9999 -9999 -9999 -9999 -9999 -9999 -9999 -9999 -9999 -9999 -9999 -9999 38.1269741434308 38.0255295966973 37.9549527396441 37.8756831704864 37.7966814471433 37.7122368235444 37.5341289131008 37.3077390048907 36.9910281941007 36.6653032765514 36.4055785430102 36.1890802484795 35.9459198017336 35.6892772454886 35.6399856724657 35.5750736581008 35.4716405487998 35.6169449581648 35.9508948606044 36.3116394306633 36.6113298858156 37.102647707522 37.7516286284557 38.2699006619704 38.6583596464441 39.0238448750721 39.319342610754 39.5412027580303 39.653328306449 39.8229501230097 39.9750476338008 39.9800200416858 39.9225391121484 39.8483075134092 39.8781336760208 40.2221387874607 40.6448281560867 40.996034303264
-9999 -9999 -9999 -9999 -9999 -9999 -9999 -9999 -9999 -9999 -9999 -9999 -9999 -9999 -9999 -9999 -9999 -9999 -9999 -9999 38.2696385828794 38.2111335863937 38.1187441009629 38.0025410947197 37.9068421733642 37.7937882300557 37.6243792246689 37.456159336346 37.2181005020086 36.9953610578129 36.7797368390677 36.5910077757495 36.4385882348109 36.3394794410568 36.2264819246579 36.2194705238077 36.3850559523431 36.6323744485953 36.9342943950957 37.2709234182449 37.7170586996634 38.1768987157535 38.5902795372107 38.9523158103839 39.2762526531958 39.5355919484185 39.6547967413651 39.6090490382695 39.5345922013846 39.2942641622729 39.1499552759082 39.2480220740141 39.5446396797896 39.8993500699272 40.2796958098769 40.7487882809335 41.0239233781857
