taller 3/murcia anomalia maxent/bio4.asc
NCOLS 321 
NROWS 253 
XLLCORNER -2.504166067 
YLLCORNER 36.745833473 
CELLSIZE 0.008333334 
NODATA_value -9999 
[rows 25 to 49 of 253, columns 114 to 170 of 321]
-9999 -9999 -9999 -9999 -9999 -9999 -9999 -9999 -9999 -9999 -9999 -9999 7349.25975620054 7357.52140500894 7312.29385053866 7315.65912623605 7296.61586878327 7295.37693090727 7296.22694606348 7290.94986501251 7283.69868756389 7273.7893472511 7249.52129520539 7235.40869167975 7235.416778747 7228.107900999 7219.01116664334 7212.68532617483 7186.11732964498 7171.86680859179 7153.16121815675 7138.03038349019 7123.33999916319 7107.96563751126 7083.34188079231 7065.98262436941 7047.77049062764 7032.22427642768 7009.52879390616 6992.83500112679 6980.78716980453 6956.73391359155 6929.16393865754 6904.1973778044 6888.78484492589 6876.99489241069 6871.9371338811 6876.47201899297 6892.80816085656 6920.91390081243 6957.30865540702 6997.69212809369 7032.55497658995 7057.6718972141 7068.17052402114 7070.85661644916 7059.08454834945
-9999 -9999 -9999 -9999 -9999 -9999 -9999 -9999 -9999 -9999 -9999 -9999 7331.07325440733 7340.99989337106 7329.79639447217 7283.31312340769 7279.22011421399 7275.96589997333 7272.63128625609 7267.19290988012 7260.07494455085 7250.91080214273 7241.68339930331 7230.67677996188 7219.97464580405 7212.42028906586 7206.57911483846 7201.15001233295 7175.03824970714 7165.73838759429 7150.15386721942 7135.24872373193 7121.41994702203 7105.23646159252 7079.50886842587 7060.86930874567 7040.64825992643 7020.82758628498 7000.50243842572 6999.04746450769 6994.83037188529 6958.29683697902 6915.93271934288 6886.58578234796 6859.96602157406 6841.46588859308 6832.6585462827 6833.79104699818 6848.61524885601 6882.44957476811 6930.58420645203 6982.94117607959 7025.11337745313 7049.64488851962 7057.66739320753 7054.78912482257 7041.4477389297
-9999 -9999 -9999 -9999 -9999 -9999 -9999 -9999 -9999 -9999 -9999 -9999 7311.25351396221 7321.14971871116 7311.97206696468 7268.5161953053 7252.07913015744 7257.14010626195 7253.19130953748 7248.81673121946 7241.21820420716 7231.41785775273 7223.14922733663 7203.08632372141 7205.96340023025 7202.03744785405 7198.87932816558 7193.97248950977 7188.98194483792 7166.11122469687 7156.17454680929 7140.80479662007 7126.28425774801 7108.17515967413 7083.19822808889 7059.91539120418 7034.6527366117 7016.60065316407 7002.58409207202 7003.02457931546 6988.39955162252 6945.54975723817 6906.13677368915 6875.22090846506 6842.91342146173 6816.05101857826 6799.29993142454 6794.53311577591 6803.28255519756 6836.29692858654 6893.08262021553 6959.78865156012 7013.36206428736 7041.61695113044 7047.1464159877 7037.83458832469 7019.60299062203
-9999 -9999 -9999 -9999 -9999 -9999 -9999 -9999 -9999 -9999 -9999 -9999 7292.09880575986 7301.36040915237 7292.8806398213 7253.24408292602 7238.43952908077 7231.39133748768 7235.08800079502 7228.19722983337 7221.77214961983 7214.48292900029 7207.61533554468 7189.67806148392 7185.27516558755 7192.12177114482 7189.50376762041 7186.38261179839 7183.02284314174 7178.63095463237 7155.28474001129 7143.79869707522 7132.19665854166 7118.5276306978 7094.62235502095 7064.85062933715 7031.24645735057 7011.68110854213 7002.26471001358 6989.24922385638 6969.22964698106 6944.10225448965 6911.30846245375 6881.03299209529 6851.0668716633 6816.85059718748 6788.69131871581 6758.94346055415 6750.0773570225 6782.7017397832 6847.64268727211 6926.21891431987 6989.32075867676 7020.84517492598 7024.74192182899 7012.71982959054 6990.5641045718
-9999 -9999 -9999 -9999 -9999 -9999 -9999 -9999 -9999 -9999 -9999 -9999 7273.59778311524 7282.83975828831 7273.56488787655 7265.53615892336 7223.78892101927 7215.68721394372 7218.12002506237 7211.33443055638 7205.2850610997 7199.79832005706 7183.77489850962 7181.51969873172 7178.42144870299 7174.84669557194 7179.36367905156 7175.20059966994 7171.69978925798 7171.64841552049 7157.37825459697 7153.86175115696 7141.46192404694 7124.15725643519 7097.17332153882 7058.00913102218 7027.71625652519 7008.6330597494 6997.31748896464 6984.83347425555 6972.17642972364 6952.37629022001 6912.27407661632 6873.32259080869 6833.80331016422 6795.03727079672 6759.75666480842 6714.22048515487 6700.63882013247 6739.01414281327 6812.77676713098 6893.36554206241 6953.60853094023 6983.04778727152 6987.42531334557 6977.72154454659 6958.88461497189
-9999 -9999 -9999 -9999 -9999 -9999 -9999 -9999 -9999 -9999 -9999 -9999 7250.2756531588 7264.3583621603 7256.96221690092 7248.99336861522 7239.9244579612 7201.11596892029 7195.19998994137 7199.64051211564 7192.83741444504 7188.88866690548 7175.36639638578 7173.77066846384 7172.15902750847 7166.83594877159 7159.1553134888 7162.88263116813 7162.98237430324 7167.28038096359 7170.05704984625 7149.29563240547 7131.48499778817 7106.63048542953 7077.00904422786 7044.58817211853 7026.91766520505 7013.17048612036 7004.46714573531 6989.15734433292 6965.3170708382 6929.77826890356 6884.34914824145 6839.6349167794 6791.47875528484 6749.50635792927 6713.1886154024 6680.80127281837 6683.23822003133 6726.45121343044 6794.91062927092 6860.49774001345 6906.89840351755 6932.76785174047 6940.75357834443 6936.1149637415 6922.71390149008
-9999 -9999 -9999 -9999 -9999 -9999 -9999 -9999 -9999 -9999 -9999 7242.94172457182 7250.2756531588 7245.49191602401 7240.89499529145 7244.19420502829 7225.59779696962 7188.00182210152 7181.62383644969 7186.04904224767 7182.47177911281 7181.96222123382 7168.36446197402 7161.33945216112 7160.41712967478 7155.69839143391 7145.83366532126 7143.46722371231 7152.75117102466 7158.85199607684 7161.15102446818 7153.66530145594 7117.38364254199 7089.24164552646 7068.39454988263 7043.26567084769 7031.50793491487 7025.14687587174 7021.15711641844 6993.92684347825 6952.5501625129 6919.20901572513 6880.66812860952 6834.16398751288 6785.81646595673 6744.96959212018 6710.78683886195 6686.97298750373 6696.04548790418 6728.91938116009 6775.41501061097 6823.0039894599 6859.66223188374 6883.6859222632 6893.92221613922 6892.92686174083 6884.23079712612
-9999 -9999 -9999 -9999 -9999 -9999 -9999 -9999 -9999 -9999 -9999 7228.28406179924 7235.60919250857 7231.35712215221 7236.70984115707 7228.51204767798 7210.76289715087 7173.81617156691 7166.86673164398 7163.66075500611 7169.97994135829 7155.24944017619 7152.17433694449 7143.55206489539 7138.71581280884 7134.22899927028 7128.33981716917 7127.63904275027 7127.96727359555 7142.50108439691 7148.24825111879 7141.51102314238 7126.29335964787 7094.63192922812 7072.18170052998 7045.04784936038 7036.90170402953 7032.30063219707 7018.20180930244 6989.82546302818 6951.60085819967 6930.39279844247 6902.90000359696 6859.19281662626 6811.42172787718 6766.51465258929 6727.99015200827 6703.44155508496 6707.38862525209 6724.64762620782 6756.2449679452 6791.36374334266 6820.34501142768 6840.99392899177 6850.38697537891 6850.2233777967 6843.70630107184
-9999 -9999 -9999 -9999 -9999 -9999 -9999 -9999 -9999 -9999 7254.58664948186 7228.28406179924 7224.30709623584 7230.60394634418 7221.50305347995 7212.89682199204 7195.61959010786 7159.06418881035 7152.11939664034 7147.29327945833 7150.46367091542 7133.81498895491 7129.1426951496 7122.01211849289 7115.45131636973 7112.22557663484 7114.65339255187 7116.37047897859 7113.75738424669 7115.45019031745 7124.50261603058 7118.47133975857 7120.24476635249 7093.206584847 7058.20427359388 7039.05408218092 7028.93561216748 7021.16948910497 7000.76010808803 6981.044645906 6958.85183848537 6939.56730501312 6911.75009666125 6872.67734574221 6830.14108013314 6783.84575515306 6746.91256879559 6722.87670021649 6720.82716612449 6731.47847010646 6752.29072568829 6774.5581681925 6796.26093922692 6810.42854682658 6816.96324237148 6816.39411893914 6810.39493912752
-9999 -9999 -9999 -9999 -9999 -9999 -9999 -9999 -9999 7232.20498105268 7242.58250186631 7215.28339350743 7222.02723752619 7214.82043896211 7206.23731200804 7199.08817120775 7182.58778238155 7172.81967092756 7136.85053170176 7130.20061424662 7123.12242060697 7114.28119154928 7109.11073765442 7103.35887738144 7099.54245194563 7097.48892479546 7102.29226528409 7105.29006040933 7099.06786261805 7097.07966028757 7107.37786368176 7108.85990785474 7096.10272572025 7075.78003980528 7033.57978327004 7021.98654586169 7016.86798570282 7011.63129770006 6998.66318884221 6989.78254023209 6969.4988315078 6942.11723479755 6910.96036929063 6876.6657933514 6841.32646478623 6803.78785842158 6780.26873512051 6765.30594676255 6752.87816455494 6754.78511203599 6762.07791312833 6771.45457263904 6780.29263939623 6786.51287337618 6792.48017595414 6789.27504879158 6782.34721883396
-9999 -9999 -9999 -9999 -9999 -9999 -9999 -9999 7224.51188092486 7219.13183570113 7213.85738121277 7214.40003193588 7208.25453300689 7201.89289517553 7195.95085842548 7190.48225409315 7175.13942125994 7167.00941404715 7128.42346375464 7115.38853889392 7105.94706506555 7096.18224195422 7091.24618435333 7087.42928016749 7084.49573226156 7081.41104152839 7080.85521556594 7082.57268816924 7082.62143157698 7087.87282221878 7092.6626541144 7075.31328503906 7055.10100891971 7039.59104746216 7031.65234920755 7016.90795374798 7017.77485947143 7013.15196963744 6998.98927635823 6988.5987192456 6972.31407616471 6945.66688580628 6921.68652732224 6894.90772900254 6864.99429155517 6842.23309813426 6823.72565566724 6813.00414872951 6795.64835223946 6783.58384013991 6772.33146866594 6770.31314990934 6772.21296200248 6771.53731622139 6767.55652032785 6766.96577117974 6758.38052857531
-9999 -9999 -9999 -9999 -9999 -9999 -9999 7226.27703697898 7220.95643070369 7209.88140371446 7205.52674877952 7200.57822965094 7201.80386451608 7195.39491287225 7189.72117218997 7184.76050700431 7172.77447808551 7167.87834236283 7125.60600670809 7102.85624295018 7089.52558958135 7080.1764008486 7075.42079322905 7073.82976489341 7069.91246243632 7063.31464452721 7069.06271014399 7078.72041269673 7076.93382482038 7072.4187982424 7053.48657602836 7034.26564532034 7024.27402308625 7024.53155559722 7026.35989110731 7018.95613705974 7018.13796016076 7010.16480555159 6993.6058949582 6984.60001542577 6977.37830819725 6967.80271095251 6957.7514321672 6936.60490263011 6905.58001279366 6885.3357924344 6865.46746627694 6847.09429680693 6832.0681510872 6797.15136908381 6778.81762768288 6770.54272201048 6766.28890283307 6760.06697917433 6754.4730791153 6750.4244748031 6739.11231866825
-9999 -9999 -9999 -9999 -9999 -9999 7222.40411055968 7218.53245114258 7213.74152604786 7209.57162361925 7201.12048420223 7198.34643385332 7201.33385263076 7195.71977284614 7189.7696478811 7179.04087803627 7171.42739922908 7147.63086256579 7129.82700380007 7087.6534265331 7073.50078603314 7071.49531360498 7067.2493788501 7063.39053699841 7054.52267584059 7044.17735047445 7053.19226229395 7061.84545420546 7049.95680217412 7033.72177647698 7019.5480208939 7013.34194492348 7017.16654659161 7021.03951692411 7027.15995109706 7024.28487817868 7011.12099110158 7001.14368544688 6996.01444893526 7001.8071887339 7009.81161729431 7000.9394987495 6986.00028964161 6965.52423062982 6943.3622433209 6915.4288939214 6887.11369120083 6865.01143960599 6841.46450373205 6811.21089358995 6787.88122836618 6775.60195997093 6765.4753317738 6755.44813090192 6749.67979493122 6743.79195488389 6727.08652204019
-9999 -9999 -9999 -9999 -9999 -9999 7216.43562736892 7214.34094010283 7211.72795575964 7210.13677447458 7201.21377399797 7197.82181443066 7200.48536343838 7191.81798674974 7180.17237903893 7165.28858002088 7142.92707305752 7126.63515818911 7100.87428837842 7067.48817575074 7063.59629297094 7064.02540819091 7049.99664733584 7039.1298486452 7030.59664637384 7026.21575463337 7026.88033648186 7023.79211656713 7011.57987419069 6998.75842669027 6996.47461452381 6999.40946715156 7010.03242109391 7014.92707082836 7009.30700850342 7012.31517911399 7009.29011958233 7019.17057998984 7022.85112919341 7040.07004855977 7035.45240735712 7008.82440374475 6987.53624844781 6971.94884988624 6960.30610627959 6935.07255320768 6908.74789192848 6884.93809883282 6860.20325732954 6831.93855324597 6803.8661296257 6788.32414865281 6776.22414117792 6760.440914863 6745.11595417306 6728.03232317892 6706.9035638681
-9999 -9999 -9999 -9999 -9999 -9999 7210.61616086481 7206.89275871485 7207.22892877335 7208.99992477651 7201.71439782068 7186.64343293366 7176.49427909352 7167.95750664562 7151.74509653459 7137.28127447673 7119.27537006574 7104.51124209017 7089.96848746559 7048.9832440394 7045.93398799405 7038.68820971573 7020.29567868548 7010.74512408084 7006.06145281818 7004.33612311473 6998.88755101582 6992.25190553293 6985.67373156514 6976.99001193246 6979.04634570938 6982.3600210764 6990.07101206939 6992.69969775972 7000.68215831035 7015.86411106185 7026.02119617495 7050.09706843086 7058.65972759336 7028.54549602168 7014.07332840384 7000.14247908182 6998.42806527528 6990.98750676622 6987.1394956248 6968.4135358749 6944.57124639722 6919.30146329012 6891.58918835352 6864.01839333021 6833.99934318898 6805.16846197062 6789.0001590081 6766.84374725292 6745.91709156354 6728.84992067043 6707.49582435063
-9999 -9999 -9999 -9999 -9999 -9999 -9999 7206.89275871485 7198.22459385807 7197.10249039028 7189.66395348422 7177.10971240695 7157.87848690342 7148.00200246785 7138.93996504359 7122.63500311878 7106.76654100439 7091.76150003148 7076.93358786752 7053.22330181041 7023.3347486695 7010.74705248512 7001.00838611156 6994.05146946952 6991.22667901873 6982.67563069055 6971.44887128223 6964.58496533136 6960.27059688776 6958.18036339856 6961.57338475018 6967.19689226729 6979.28601898629 6988.5504900841 7006.25240234977 7036.41425912075 7054.42115201249 7047.57051406823 7037.42339353799 7019.88599633412 7020.15895420483 7010.94022127074 7020.8527270424 7030.87781007996 7024.52966785338 7013.18545199161 6990.51161453503 6963.08393987284 6930.57771488518 6898.19212763111 6868.20493055115 6834.39113471646 6798.38377956409 6780.82065645905 6769.11399979399 6739.35551881835 6695.9446227859
-9999 -9999 -9999 -9999 -9999 -9999 -9999 7195.16127282941 7192.09962357864 7185.23511999386 7179.54557643241 7170.35337548478 7149.43388533389 7142.61219030041 7131.91473170298 7116.22864049022 7100.92430498897 7094.19955200541 7087.63967716693 7072.21679983589 7037.52082009429 7004.18390362663 6987.33156991007 6976.30704361406 6970.64941028473 6961.01056825036 6950.57622212354 6944.70060086146 6942.28954494565 6944.85079173195 6949.35673546456 6958.78181144433 6976.30811418736 6998.04171049334 7030.43846527275 7051.1225330337 7045.32740198914 7026.39560895602 7008.30158469611 7016.1211895392 7026.28889756258 7041.4619438142 7047.7742079559 7067.97993747397 7072.04776619859 7066.82313822502 7046.59366934676 7016.74853665286 6978.17052353075 6938.79525184526 6901.09110403049 6849.81974805642 6831.51627750333 6810.01498878464 6777.0521959576 6717.96727151037 6658.4230155471
-9999 -9999 -9999 -9999 -9999 -9999 -9999 -9999 7186.26912460838 7180.01609464774 7175.15144812697 7158.20914908072 7146.64752964689 7129.08672503206 7120.9575864424 7114.90255740219 7102.41377755133 7099.56422123695 7097.19102051276 7073.97717030616 7038.59483072148 7006.82306584052 6979.17591698157 6958.30885293478 6947.22010921697 6939.86505170659 6931.84838635382 6926.48741112818 6932.6758580198 6939.40519691242 6940.9273093815 6953.37886532409 6990.65289484714 7028.09618924126 7044.40840913435 7030.5529134981 7014.75609885301 7009.78676202911 7012.1376755264 7019.56141608117 7038.92268075446 7063.53373675567 7084.02646822384 7108.2953613529 7127.42874437834 7131.35076259673 7114.22076658479 7081.35264440215 7032.66692595166 6987.21359462858 6946.24676297472 6908.80811969035 6866.13995019439 6828.73692007755 6751.57001143356 6678.89636187006 6627.12117901075
-9999 -9999 -9999 -9999 -9999 -9999 -9999 -9999 7171.20161879994 7178.18202686215 7179.39243811034 7160.99910658936 7146.78423618981 7134.43986474063 7124.16255027937 7108.97262734747 7094.60909777292 7085.15233978219 7071.52005265333 7046.50504358421 7026.06638538556 6997.3272193769 6968.31749844542 6946.57852016871 6932.33742256164 6922.42215317485 6912.97719070877 6908.10774620479 6914.92127056237 6921.10298730005 6922.79648642854 6939.36594210773 6974.95177377654 7000.93149316404 7006.42960811903 6993.69296764517 6985.69384992134 6999.44338528339 7010.96340103786 7024.69443991689 7053.70146458693 7087.43060180017 7124.50579374282 7158.14342590455 7191.02664568526 7201.42832397409 7186.56806508365 7143.72852485935 7083.24266799654 7031.40892559434 6982.01848586671 6941.27774970908 6884.45332440779 6815.32933253384 6724.93548390649 6651.66593523168 6607.8080462848
-9999 -9999 -9999 -9999 -9999 -9999 -9999 -9999 7154.46653227671 7164.2274498444 7163.61400619768 7145.69044583623 7132.15595831751 7120.10314090963 7105.40068189003 7096.77316183623 7075.79350327098 7053.07630735439 7038.79688355413 7014.78849587555 6995.08125864302 6971.59316244343 6960.73595080296 6937.37014535915 6916.60490614608 6901.76743539125 6894.10813542579 6889.83694465023 6887.44764889528 6889.90600140576 6894.0624385893 6908.10516748475 6921.62121131559 6932.81968858184 6953.08428099368 6958.28109455042 6975.60787585578 6999.74864704671 7030.53617499635 7044.35478112834 7070.21450049044 7117.74728036327 7177.95921051594 7228.48524505527 7255.10592544577 7269.08846927782 7247.13136662761 7194.3407965593 7128.17812587434 7064.76401476258 7001.38809548258 6947.14829210929 6898.58463334653 6799.74458174952 6700.80266231867 6623.72010823261 6586.92514553841
-9999 -9999 -9999 -9999 -9999 -9999 -9999 -9999 7138.32401698761 7144.71265773768 7129.27591065345 7119.6325286739 7107.93030955178 7094.55131679677 7083.16746486997 7075.11309262789 7053.99711444008 7032.2167145062 7015.16789943176 6997.05399981787 6974.13345091737 6947.38261313705 6936.73740903002 6919.76603360236 6898.78485915852 6880.96033420647 6871.55775897982 6867.21033505168 6863.2933629885 6864.18034985434 6865.90876496135 6873.51204887922 6886.07134722523 6900.43030045554 6919.73686514258 6933.10818014423 6962.46869334874 6998.94411800242 7037.64556063354 7050.90814709671 7083.4378056286 7150.27474814792 7222.29225993694 7264.93431447415 7289.04522703453 7307.25161443638 7290.63891532418 7239.09147004928 7171.20950359684 7094.81248625694 7021.80265607312 6951.83489806242 6888.24278479324 6774.03212870331 6674.78935762398 6608.93328091245 6554.65637767016
-9999 -9999 -9999 -9999 -9999 -9999 -9999 -9999 7129.7160176611 7131.93786982157 7125.7326473134 7107.99151870481 7092.03538909661 7077.2969178823 7076.71127461844 7063.65619871873 7051.01678235239 7037.70881994407 7020.6129912352 6999.41559607044 6971.05842138215 6941.71646889958 6913.15500635512 6897.96061382681 6881.38057161248 6864.00034544612 6846.10047252564 6847.04128469564 6845.38563326651 6844.56283283075 6845.60745560389 6851.13574274308 6864.197993886 6877.53570556723 6896.60477265576 6910.9872749134 6940.44395664125 6989.69053725284 7023.84101401284 7044.31741208714 7088.43409646181 7153.90997229748 7217.57483875519 7260.93187262513 7299.75124147925 7324.23972324772 7309.5242783983 7271.95711054821 7210.62045398951 7133.97381971797 7056.83765103793 6977.04741128414 6886.93188818268 6790.32518355672 6675.48096605106 6588.55527362865 6520.41810106462
-9999 -9999 -9999 -9999 -9999 -9999 -9999 -9999 7124.41065071809 7127.49732214977 7117.74024582233 7106.8594005649 7088.62702134733 7074.68766620011 7066.9726464057 7059.57085800188 7062.24771739323 7067.33619390166 7053.76652702171 7022.56178138251 6992.41797105316 6959.2452772424 6912.28058464996 6884.297654122 6869.59345075665 6860.02142743681 6865.46444834322 6843.64712620339 6835.23511450629 6832.58571265163 6833.55424066673 6837.76798048295 6845.3958481103 6862.94765102412 6881.60202064992 6895.40676835307 6923.05916017626 6966.77817188139 7002.65447438667 7034.42112559975 7086.95771187811 7140.01261947414 7200.9503287553 7259.60878662527 7305.22428552654 7330.83041371266 7335.59369223517 7312.4698738483 7258.93637970307 7190.03275055812 7105.3298441807 7013.90749751609 6910.7600349719 6796.32524708166 6683.33097566206 6580.5604914713 6502.09761656362
-9999 -9999 -9999 -9999 -9999 -9999 -9999 -9999 7121.01457615611 7121.32692124519 7110.42905966629 7093.35202514542 7080.33035086641 7079.53392217858 7074.1904503216 7068.77846153567 7077.25650706665 7065.51325300215 7044.20075131339 7014.16730092707 6987.12865420909 6958.91605422074 6916.23061299603 6888.28268854545 6866.52841086128 6850.08443342489 6842.68226162938 6835.89707754732 6832.15839860887 6829.06812216407 6829.28857589913 6833.54808169337 6840.97175361709 6857.41018514043 6872.95905257277 6885.74079275502 6918.00996685618 6965.30032470818 6998.85172506246 7030.66749179845 7084.28944025359 7144.94402971261 7204.0472741405 7270.88237165962 7330.60252041974 7375.03349805205 7399.00629687508 7382.05137494609 7314.76407733858 7235.00468541081 7134.77803040202 7025.54784646335 6909.61457895343 6779.9572911369 6651.64895953688 6550.77945265363 6467.55963676304
-9999 -9999 -9999 -9999 -9999 -9999 -9999 -9999 7107.58131448492 7120.70688844695 7100.6558962523 7074.86992749273 7067.56165452773 7071.20752800618 7068.73404443108 7068.68883273379 7071.34679229513 7032.39916790765 6993.1875315266 6970.5382675344 6953.73227481554 6929.5979000529 6900.95975271999 6876.82898983949 6849.86416445574 6834.7737791331 6833.02066699618 6844.02648666211 6842.50413506049 6835.65773477874 6837.42679203869 6837.82379049061 6842.06027387532 6858.23933628474 6871.16569471821 6880.06455597059 6910.55967759048 6964.45232205715 7010.46400661195 7044.93910691344 7087.82557136955 7140.70862874816 7209.23879703405 7294.50533667451 7373.01882508863 7435.29750343219 7469.92457709228 7449.1126881163 7376.6193566767 7270.62910669539 7142.16359586477 6994.41879442054 6862.99442705567 6733.23644655713 6609.96339517421 6511.29399277671 6428.61336393607
