taller 3/murcia anomalia maxent/bio4.asc
NCOLS 321 
NROWS 253 
XLLCORNER -2.504166067 
YLLCORNER 36.745833473 
CELLSIZE 0.008333334 
NODATA_value -9999 
[rows 50 to 74 of 253, columns 114 to 170 of 321]
-9999 -9999 -9999 -9999 -9999 -9999 -9999 -9999 7071.92306816185 7094.46226783525 7070.9403325612 7049.77460175134 7039.67019536041 7035.99471073023 7022.08137703864 7019.01275648351 7014.72938191298 6988.1636776269 6958.59327361319 6933.75665839266 6917.7820077515 6896.15014561376 6867.41235925598 6842.70397686936 6827.3522113638 6826.68316715101 6844.31959118417 6867.99933921091 6858.7000860583 6852.0453889944 6854.17314054976 6844.01181036187 6844.11790494425 6859.61456092909 6863.50236927806 6880.08726593278 6905.79891328112 6939.28524003548 7003.14086858328 7048.35046436181 7079.78021612938 7119.74639754322 7186.14551351923 7275.30443717021 7360.81385649384 7434.20496582205 7479.8554157916 7463.79347221819 7386.70499947462 7266.9847754422 7120.03454003966 6971.06295774998 6820.03890004443 6678.75264488125 6558.96603445645 6458.92561062754 6388.38716893863
-9999 -9999 -9999 -9999 -9999 -9999 -9999 -9999 7067.31516087869 7049.42623750637 7038.13252623817 7026.68025692738 7020.40241383506 7011.49536860671 6996.67359419897 6971.79389037017 6960.96505588645 6946.05131531461 6928.31313782861 6903.76472219472 6885.00074784455 6866.64493574629 6845.3394247828 6836.38603467454 6829.43807752401 6836.02937822297 6865.31057871738 6895.86945673176 6894.74412532496 6896.88947101443 6883.5665021274 6851.81464534653 6846.72287949282 6864.74346759443 6879.54245847951 6897.26276656875 6906.6169426709 6916.18761160963 6956.08863020764 6992.88334475872 7030.82608447856 7077.39971812723 7135.6508044363 7211.01491773446 7291.66952280779 7370.99267284522 7402.05494534079 7385.70603873421 7321.40742181041 7197.32271953795 7062.61011058358 6926.18024182632 6788.13120522372 6634.80476510472 6516.20579826565 6417.7304917163 -9999
-9999 -9999 -9999 -9999 -9999 -9999 -9999 -9999 -9999 7032.92872787176 7024.85657616708 7019.73980842436 7004.5356053395 6988.51934407491 6976.4072674863 6956.62650095017 6939.72006990598 6915.31533654914 6903.09001114403 6885.0321629148 6868.90432759978 6847.23685490309 6841.34483321476 6838.754290625 6842.11487914502 6847.61392559428 6872.03131735287 6903.97835083412 6912.24602393041 6906.87834914322 6880.28053738191 6850.47219572257 6853.13626862798 6882.80162265667 6903.22481943945 6905.51398915077 6898.80130989614 6896.37942591297 6909.56794276259 6932.11324961944 6971.50970127814 7019.4736761828 7074.13272937796 7134.02588753243 7194.05660628035 7249.77283066173 7258.65948656687 7239.69956997505 7190.95830249061 7080.4460790755 6957.27411514503 6836.49485103174 6706.2591780148 6582.37646571131 6474.43665488114 6373.76599977115 -9999
-9999 -9999 -9999 -9999 -9999 -9999 -9999 -9999 -9999 7032.92872787176 7015.91098284127 7009.32337941752 6993.29008376286 6971.96249099483 6957.45060152754 6938.88939442239 6923.17398331938 6901.86570132351 6886.39156352187 6873.2045351183 6858.62637202949 6844.42210431143 6836.98108019574 6843.15233614376 6848.34877861047 6853.27455469953 6854.24099455497 6866.2802007612 6877.11097162976 6874.39588380021 6859.97321759438 6852.4041938439 6869.40226368406 6899.31541685996 6917.6995279007 6900.75677970603 6865.73243254848 6864.95687235531 6877.45463012077 6892.7761159978 6919.33428164798 6963.99302242074 7010.9195519889 7046.42420648699 7085.90260711634 7113.214939419 7110.40691609665 7086.75324693298 7035.70050935387 6948.78908217061 6837.53806084665 6731.74937715381 6619.69913368192 6518.55498342372 6424.17745721048 6342.94180098846 -9999
-9999 -9999 -9999 -9999 -9999 -9999 -9999 -9999 -9999 7002.12074821245 7020.83369632929 7002.56864475252 6982.37840477225 6971.62055706457 6950.75118749612 6927.24331393255 6910.47352695468 6891.12063475253 6878.86072964929 6869.00398438942 6859.93413624451 6853.02354377768 6835.31652601304 6841.79789590308 6843.5809680207 6841.75670544174 6839.66599845644 6813.35317118259 6837.1779007535 6850.5203308072 6848.57501318322 6851.29168791774 6870.82097959434 6889.92787233875 6905.52971026938 6880.87727505992 6835.01044781401 6832.42254175674 6847.35014297089 6849.54708107571 6874.44066891706 6911.44115752873 6953.82077132119 6972.19078585417 6996.88374880154 7007.57269925298 6990.45713661656 6958.74796827162 6910.54892990089 6841.58705393516 6746.24123189853 6652.53901157116 6555.07087936718 6463.49278452398 6385.54266375313 6313.16953931179 -9999
-9999 -9999 -9999 -9999 -9999 -9999 -9999 -9999 7007.20369529215 7012.29716693048 7025.24794256053 6991.85679382777 6964.48615072984 6958.32212254085 6937.1571943651 6916.6110615472 6901.3313521401 6884.00619081702 6874.18569346986 6865.89108428152 6858.85736170661 6842.63639295839 6843.026251246 6837.30713273307 6831.81573642048 6834.00927625622 6833.27165090089 6827.76115180356 6802.52545192076 6813.48799461417 6833.29413286796 6833.10694674038 6836.53125010039 6852.59795883754 6864.96953610913 6841.66531279854 6804.62829807914 6792.15674977971 6820.82110476866 6817.70575931865 6834.83519125042 6869.56684921931 6895.06100318277 6917.16495188634 6914.1728914795 6912.15498889503 6890.83551483888 6860.41815936907 6813.89139039258 6753.09735380879 6666.01076550209 6585.27597427117 6502.12825615449 6423.57330767039 6358.38851556806 6294.24283575507 -9999
-9999 -9999 -9999 -9999 -9999 -9999 -9999 -9999 7008.6669398833 7005.07894742322 7000.44805140931 6968.61348253219 6943.58511087526 6936.61084297343 6919.89975205916 6904.91742639709 6893.12926492771 6883.21503811187 6870.2806441399 6863.14863157094 6857.65907803822 6846.94067680748 6844.86394147263 6842.44083202661 6836.96980817523 6844.04313294801 6859.33029370036 6857.46811484382 6835.63056829132 6843.13691432929 6804.3364230693 6798.16712320898 6797.9186432148 6816.28018689829 6819.95194447739 6796.18616404441 6774.1334434243 6783.81355793823 6790.00821974493 6794.70179368978 6812.40142660555 6831.17364789896 6846.67269359268 6856.02019740601 6838.96416753115 6831.33938131977 6815.62639516268 6778.2469701204 6734.91870427937 6680.69571149535 6602.01509596453 6531.86567959999 6459.87425358255 6394.04401006158 6335.52456360811 6275.2586850603 -9999
-9999 -9999 -9999 -9999 -9999 -9999 -9999 -9999 6995.16027230014 6985.25031281785 6960.9519470964 6940.20314785393 6919.95027945242 6911.58692035272 6895.46786519118 6894.67051309366 6885.70871008062 6878.2816573071 6866.60941119577 6861.41644407896 6845.94905279891 6850.2300878639 6851.98089069343 6857.22250512559 6862.87467187296 6869.97701733614 6874.3921885817 6864.5279421103 6846.71286727854 6804.25278160168 6781.20358682421 6775.80741586443 6784.22198308353 6800.72699538246 6761.73324575666 6760.40740426968 6757.62409628968 6761.34756233339 6758.99134442005 6766.23492080723 6783.47321968625 6794.52135112929 6807.61301299404 6801.01737239957 6791.50762237896 6762.07522688607 6744.84725157671 6706.48837684742 6667.83793212439 6620.6501463628 6547.22051651125 6488.10156723505 6430.11904241374 6371.60279014613 6317.5454207427 6265.33928266612 -9999
-9999 -9999 -9999 -9999 -9999 -9999 -9999 7004.91477040008 6983.99942238723 6963.31055372424 6938.99336859055 6922.76203080524 6903.74551862613 6898.20601021067 6885.45019421774 6875.43766593541 6867.78956845017 6873.85846771554 6863.22137292113 6859.53870569271 6846.56907305241 6857.12233552741 6874.88144819916 6889.44426248216 6886.96807816041 6873.44870439706 6850.84406050324 6815.07324938288 6809.97993948505 6790.35828573815 6763.06441474528 6746.08547582726 6776.10790794591 6761.70076334444 6752.19059262361 6722.32176323166 6735.48346947095 6757.93609737321 6763.01160556733 6759.67311236909 6766.41956111644 6765.02878008564 6759.16046839188 6743.14889590497 6736.50514629304 6701.53322447216 6673.40608057872 6636.98370009386 6611.11972023581 6568.58056341253 6500.75088995336 6450.96762279462 6403.23245532493 6344.41029455378 6296.1730020697 6260.14702654361 -9999
-9999 -9999 -9999 6979.83230470469 6973.32489037689 6988.89981871947 6989.40132705962 6979.05255098758 6965.51576643919 6947.20560859009 6929.23998251886 6907.9178424055 6893.61747477645 6876.91031105335 6874.7120889574 6864.71278316968 6858.86477008237 6853.93893914082 6850.4008679059 6847.86499171069 6866.64935752711 6873.24354738068 6881.25289354649 6883.06529994257 6863.8889494852 6844.74678568281 6808.98980922158 6780.42674413741 6773.33116653818 6767.31886966284 6783.57748932937 6762.32226022886 6763.51658300569 6737.20499042925 6722.0210518427 6713.65846367406 6752.93958402297 6755.13803393601 6751.65629129951 6731.5638801582 6728.17261714633 6721.96634531166 6712.93055739507 6696.2582997913 6676.98100199841 6671.35803969812 6622.4336249112 6586.18583929377 6555.05157857173 6526.02122700799 6463.40674386856 6418.60007155089 6367.83646771876 6324.05947212209 6284.79662473841 6245.54026717328 -9999
-9999 6982.98238878101 6970.62906887454 6979.83230470468 6973.32489037688 6971.65678628367 6969.24052856571 6959.49957882906 6949.031475075 6933.91560141045 6917.50858493809 6897.16540398476 6877.97400020121 6866.20558029809 6858.06329112938 6847.32822569375 6838.73684491338 6844.62317641159 6850.64879819558 6863.12600145979 6871.0182647336 6863.02299025347 6848.01773884527 6834.73233278391 6823.42999143831 6803.41024080993 6783.79405570402 6756.02588569169 6751.98101514422 6750.09112124115 6774.39989910888 6778.10975293932 6761.9229245287 6700.55922353645 6694.00571126967 6730.22258885155 6725.59048397721 6731.76664537175 6716.78168568785 6710.73735818315 6676.3511513295 6668.34634210991 6658.29617890062 6648.54103030881 6645.8850726081 6629.43117757224 6610.13300123461 6555.43460798859 6526.60571386539 6493.19596378718 6446.22466548086 6385.59392837013 6346.49600660121 6307.86590856914 6270.29571578753 6250.66129738211 6196.13433878646
6996.61061738602 6982.98238878101 6970.62906887454 6961.9766009776 6954.49763686435 6953.54451093393 6950.44210899686 6941.68303344386 6932.06167178629 6919.9798120063 6903.22494098434 6886.08249291824 6865.95081668436 6848.74353432284 6844.48105861975 6838.75872934156 6831.45304126267 6830.2144867505 6843.66079439194 6850.96048781024 6832.73882130682 6813.81083966002 6801.40693241652 6804.32667212605 6780.6242664617 6772.32970345866 6755.2995561876 6733.03903359231 6728.73264045024 6726.42413415752 6728.09494653443 6733.52056930825 6723.23828556264 6714.03629798184 6704.4651977283 6700.20131100745 6702.6887007778 6696.31843291902 6677.69202099434 6643.80494727587 6632.1933080658 6624.02787712341 6616.35225543443 6606.04320528311 6594.30010334883 6579.53277334496 6576.34771269213 6520.36788802969 6496.45361292438 6468.59230745837 6435.59435515049 6378.22430059345 6333.04761367023 6297.90084042123 6285.73533480206 6226.59850847326 6196.13433878646
7037.47829429838 7010.27874064292 6967.02677112317 6946.67032789181 6940.30762529453 6938.26026144531 6932.27478502882 6923.36428521007 6914.71397817365 6903.17851796743 6888.445045086 6873.8060831721 6852.42544878763 6834.99921222719 6823.09147647568 6822.01379101455 6824.66460160149 6823.85135725447 6824.78252447711 6814.45583951894 6799.35157258864 6785.743501655 6777.05951502566 6771.97061867212 6756.55707679586 6748.02340752678 6731.6190534668 6709.48524837154 6699.21104085665 6700.48524753408 6692.56796609949 6704.82545690432 6709.21481155264 6701.64049163383 6690.12347155057 6655.35140458478 6668.51923288524 6657.12828171788 6640.17232260591 6605.29780105484 6597.45300465998 6591.62481631177 6585.92402937127 6577.5801696529 6566.46632864577 6554.46868767415 6538.09613104022 6509.67108225731 6493.91757552866 6469.17324160779 6420.38960899808 6373.5638175637 6342.78734493498 6306.53482623129 6291.57657318996 6234.65571776147 6199.25018251771
7037.47829429838 7020.17542563161 6964.9426841631 6939.50384792009 6925.22149581267 6919.93157401372 6915.08565234759 6904.64731871856 6895.72914914182 6884.23160042075 6870.60662945917 6861.15434801929 6839.98587303165 6817.85172627212 6806.2850246016 6799.80153197508 6804.31783573277 6801.54207038549 6794.75611899385 6782.00271959241 6768.30251255332 6764.63719535464 6756.76506205557 6753.51371702136 6751.97379734233 6740.33170295302 6713.66908158334 6693.0038919339 6679.67886690492 6675.04158734362 6681.26433769382 6690.20629214702 6694.90197718182 6679.19598159337 6691.14921081808 6617.88031842462 6611.39997052165 6637.33583327845 6614.35633553204 6579.65930680787 6574.69751561037 6569.99308545601 6564.33208299086 6556.83785335452 6547.79564255699 6536.65390690659 6512.06992420208 6496.18427796794 6485.12776790836 6463.81320652002 6425.04672172808 6390.46913147608 6360.82856186618 6316.80222032672 6285.29785594953 6256.58881198154 6214.65039416655
7002.55282175099 6981.04396188743 6950.84526449053 6929.30895944992 6910.8762097277 6903.63951550286 6896.6436922577 6880.78708101192 6871.94212721314 6864.86170913249 6856.44896096875 6850.65796716838 6826.78856193725 6801.88993965741 6787.18626982882 6778.65951254929 6770.94732833942 6767.0194891722 6763.48728538158 6757.70954870574 6748.84699254906 6745.29595678812 6738.17073915246 6745.16248234383 6752.02627275151 6730.6422215111 6693.24197554629 6675.67160986101 6661.83087971334 6658.68871924854 6657.78700853392 6675.55798680214 6649.94293879011 6656.09700141485 6660.23846906062 6626.97614293292 6587.57175168229 6618.37802813927 6616.24225511431 6562.47577657113 6559.09521690282 6553.95754033809 6547.0999649827 6540.74223458318 6534.97300041366 6525.32370531814 6500.37467066752 6484.35395231068 6473.03424257488 6442.53718236658 6421.44230292901 6374.82181526445 6381.5862636755 6372.38756195926 6335.66507011648 6295.13782812728 6237.89721516479
6957.20016935088 6940.83236395722 6929.87352326457 6918.1233620755 6898.31157893935 6888.34702443185 6875.31547389329 6859.44724264038 6849.44770519002 6846.31228523774 6839.98405313676 6824.93767824629 6813.5856365738 6786.09309584408 6770.44864734721 6761.291047497 6752.29537243162 6744.02691719777 6740.68308441519 6736.9212698525 6730.28272858987 6722.92132480596 6727.24206897107 6743.98240041805 6741.39705691358 6712.22260814214 6682.46886899999 6662.64974929311 6645.08408968668 6642.73905361348 6642.17558290973 6667.49976720471 6636.19367098227 6641.30560800713 6655.35523321046 6633.02576272343 6576.53201936129 6575.77284087941 6605.9240703247 6555.27648467214 6550.32547750747 6543.45838198947 6536.42877552815 6529.16835071349 6525.61288655457 6523.79441111783 6511.35278571514 6484.98155294448 6471.43204787286 6437.16186785218 6413.57471095234 6383.03105304643 6394.65083024141 6380.31760199898 6321.57344714983 6281.55391777711 6209.98671944748
6933.5458957624 6920.96890144672 6910.0118425574 6901.10645315196 6888.15347792015 6875.58924965587 6858.68772217445 6844.92947798628 6831.99114252837 6827.69162621125 6819.6865009895 6806.69418668721 6797.27638309389 6771.80668132705 6753.6244671743 6743.26750765398 6736.68233890754 6728.45907139728 6719.60640462883 6709.78157193431 6707.45979446343 6701.83568507403 6708.71654649677 6718.21318048008 6714.17465497955 6684.46574021043 6659.63313814814 6626.19351064862 6608.97358744481 6605.1926724347 6603.82472021753 6624.30938915634 6626.7825213264 6612.42496799228 6616.68422875907 6618.49398837634 6583.98982840322 6567.56477793304 6552.48694343846 6547.28515089828 6544.41025086092 6539.40993184401 6536.57876817762 6533.72422227437 6530.97054363611 6528.86560220189 6517.22317606152 6489.83714910071 6472.18787033355 6431.80075722552 6413.38714210581 6384.2908873174 6374.37246018569 6326.06680457383 6276.67126577512 6210.9846810638 6182.9186010087
6917.07234930415 6905.33770802649 6894.66075446394 6888.0691066742 6880.5532137752 6866.25956149112 6847.5879991209 6833.43075140472 6818.56368309765 6805.78936714656 6794.59529346133 6787.23792566383 6780.23635183317 6758.36592247077 6737.25176927562 6724.39385349395 6716.20158648351 6706.31268904078 6697.16147995365 6690.1839932192 6683.46832765199 6685.58441238812 6681.32245534257 6680.67183349743 6674.93620622855 6649.37407356659 6621.33585629954 6603.33515484271 6595.74668932115 6592.43689567748 6593.02738960509 6602.51163163988 6605.43032424875 6603.72309564659 6616.13918566099 6625.45183590154 6586.3514627144 6581.89689438119 6584.7759497299 6515.73140161434 6545.73439493141 6549.34208584437 6547.22973069363 6546.73853935137 6546.63467288375 6537.48638260055 6515.21546996091 6487.34364028203 6453.51502468488 6418.89864729809 6399.59117474791 6372.03523376552 6307.22065055941 6263.61331712292 6252.02209814289 6187.12193859201 6170.1246567055
6906.92093470244 6896.63916749763 6882.46824464736 6876.90801362387 6873.39167122922 6858.19999963668 6840.48352509309 6821.08615330154 6811.88951928297 6798.38590100532 6781.86152125588 6767.99144071522 6752.72302132123 6742.05911448246 6722.95698033863 6709.8020972392 6699.34126190189 6689.79641482187 6684.56776103838 6678.90867810222 6674.91183796634 6674.06631058979 6665.93827911682 6648.05319157318 6633.42027493 6614.06844622402 6600.90765141048 6588.46160245786 6585.1264649746 6586.46042000591 6582.4894006838 6602.45657959925 6613.37845928331 6622.68751626485 6624.39720041748 6637.01886427615 6634.03821163643 6629.25015160167 6577.11008910223 6588.79088113186 6543.07939286753 6556.86150519611 6557.82411429 6557.50527734356 6561.61658699525 6551.20205214494 6523.15805302191 6490.16815821877 6439.25693518548 6389.23863788453 6360.31561052707 6323.04069200064 6266.19034243444 6238.30792287261 6233.46469781386 6195.64748133756 6167.92265521219
6903.31281996569 6887.27147173116 6877.32359332423 6869.68260279115 6861.31275375056 6847.08909471414 6834.10547320239 6820.39018694855 6803.44595577583 6789.40691673305 6773.12610484371 6756.70440624864 6739.31602496062 6725.19263085591 6711.83726826187 6700.42815666864 6693.05568420584 6689.96364195674 6691.71662383644 6694.15980670845 6698.02285691937 6695.81173441711 6667.77689246852 6632.822879416 6605.64626541003 6585.28884490299 6572.7877857005 6572.22013858714 6569.87722633752 6577.22207045779 6590.2365991531 6615.53550948904 6629.31046525423 6645.11016243985 6651.49625461833 6642.64822728744 6643.42965065966 6627.13323837046 6632.99969928277 6584.72913276412 6556.34988166847 6575.3740821231 6603.00405322506 6585.49000523504 6567.11138519141 6563.84637005805 6528.18544536041 6475.2821857837 6434.6120865415 6368.91249922057 6330.69717558777 6308.76000416429 6253.49814638186 6218.87716398243 6224.72176549541 6219.57507721174 6157.09950865338
6899.74745871404 6885.73345730852 6873.56926186836 6862.721098961 6851.5069880083 6840.66889632809 6829.70703782578 6818.29909974088 6801.7531417875 6783.00632189925 6766.41345037716 6745.12085553179 6722.69504488223 6705.8452636463 6695.72011436566 6694.81380228249 6702.92129327945 6700.21533122351 6699.99606396513 6702.48963537049 6703.1257625434 6685.76068757391 6648.96480698428 6611.50706305624 6583.93647751581 6566.74436582545 6556.61669359254 6556.6292975663 6559.65565979563 6575.86004757526 6605.88558485219 6626.72251776631 6639.81207085595 6646.6964191172 6645.29008811211 6641.57615083935 6625.38940349002 6630.43826451043 6635.76600439831 6591.85587745068 6570.90405633162 6603.16875708197 6643.22798615086 6637.51569826844 6579.51571067854 6531.07568106387 6490.2707438221 6439.56722359287 6407.84140356673 6371.90434348089 6342.96244969974 6305.18662505182 6248.87380494847 6217.54967054222 6222.59128518333 6209.47937516172 6139.95996021989
6900.16595854941 6881.38239199032 6865.90240419212 6853.96734418535 6840.21213589912 6832.12862448497 6826.24120986012 6820.359654339 6806.52494181185 6783.79786487748 6760.17372853661 6736.06619376755 6710.83300509278 6692.92748131461 6678.86631444202 6683.01358222797 6690.41311844643 6677.50612699484 6673.86760389045 6671.0856242658 6660.19645178905 6640.81761500999 6610.4094918349 6590.04543675701 6568.44393635687 6550.533436115 6541.56307540013 6540.4695168313 6551.93794893134 6584.76346445546 6625.9048053874 6647.93816273981 6646.9516292719 6642.74366644992 6640.63479298997 6656.13224195415 6644.76512357676 6659.1112099202 6654.52612443509 6585.03197578792 6515.18955318194 6524.07389077937 6577.60457242098 6573.20691277653 6509.41216200852 6459.39623281897 6441.89296278866 6429.79186086612 6400.81093609064 6390.97264938814 6335.86353768621 6301.30079934467 6246.25089581698 6209.30424526098 6206.55073341454 6180.72004332122 6118.92832734838
6893.46025340042 6875.922987731 6857.66733893741 6842.56615904129 6829.59797429834 6825.37723477828 6824.14744222704 6821.84180359822 6810.09701664026 6785.86194159563 6756.47033442941 6725.0528025447 6697.30098680371 6673.09677108189 6653.45661814976 6648.06981475969 6647.69190717651 6634.9470925235 6628.01359156773 6628.96252168965 6626.98547566437 6615.19717932576 6594.8144731237 6575.43192678684 6553.98029849938 6535.22247360128 6523.93408999103 6522.42205045486 6543.86740363625 6570.35630219254 6591.2117150429 6593.89035931591 6602.73641427625 6614.95107253288 6615.47041543998 6631.87923534424 6621.02209013281 6624.69744958458 6610.34849838561 6535.79735360295 6482.11232397097 6476.21368998191 6467.86547265817 6468.9381550203 6452.25665708115 6416.18042852593 6432.14295871312 6426.93083226486 6426.13905543008 6400.14389319804 6359.21572039579 6297.64167340994 6257.01380835744 6192.57789267366 6162.77872197361 6148.59602017866 6074.09027504336
6882.44454729566 6864.54281698103 6846.05000524005 6830.66179369144 6818.0174863053 6815.71675836209 6817.89348931228 6817.89454291259 6809.23619810462 6785.96669887181 6752.06578560996 6719.87348658437 6687.22434910606 6653.11694773148 6629.15627193646 6617.06625446973 6610.48504378344 6603.23637313051 6600.72792096765 6605.04713509386 6610.21761969991 6601.56467648587 6578.58012112532 6560.80342865011 6541.06315453628 6518.3723580706 6502.90664306074 6496.91240573062 6500.82135673688 6503.78868200248 6502.28443136906 6498.29367042087 6499.89016486523 6531.1442029989 6540.26046155161 6545.65400945081 6549.17293492374 6544.36564838407 6520.60660793553 6476.86443651619 6447.54884802744 6442.52504893251 6424.07478588389 6410.86346645839 6402.26688179449 6400.13334542223 6411.37677703976 6413.86046164864 6422.91685051258 6400.66602135212 6352.94417170626 6320.06030930622 6278.98671714593 6205.092871112 6145.99373007296 6107.03330948601 6049.82224416103
6879.40139136579 6859.78792297198 6837.37825852652 6817.75346809221 6804.69119124325 6801.28694485687 6805.20249580595 6811.92450311611 6810.11383885144 6787.35563354715 6752.65533001911 6719.77247002886 6687.76099452798 6659.58705096533 6627.79295605371 6601.09097854343 6589.39580974654 6584.85035316491 6592.01961030856 6600.62092047447 6602.04717857676 6587.80219341633 6560.96070782827 6539.08252851477 6514.73446849834 6501.95472899939 6480.16818399692 6466.11182262816 6458.2974369687 6445.63948909002 6439.62572299044 6441.84050181522 6436.73341418889 6455.28360416568 6452.16193204463 6456.66592693972 6449.07278748461 6464.04354884894 6462.22703966918 6432.53218304973 6425.93820014269 6417.52082052476 6403.46861510611 6375.3294865062 6372.69525011223 6384.3701066277 6386.0155795157 6387.10252190452 6399.25044383831 6368.65095770774 6329.21761869754 6290.90497170078 6253.67307867652 6216.58426025525 6160.64542937115 6115.37210952827 6047.35543221815
