taller 3/murcia anomalia maxent/bio4.asc
NCOLS 321 
NROWS 253 
XLLCORNER -2.504166067 
YLLCORNER 36.745833473 
CELLSIZE 0.008333334 
NODATA_value -9999 
[rows 125 to 149 of 253, columns 57 to 113 of 321]
-9999 -9999 -9999 6024.36995239382 5931.5661312884 5839.03833308129 5776.4457343489 5751.31902050884 5791.4511967582 5892.98706868615 5949.81848509926 5981.45096832725 6038.91426485282 6105.34134250978 6162.00337819503 6213.42572808479 6252.04853530563 6270.89329840896 6283.91087588656 6296.03439712615 6312.51131421612 6327.02186868117 6338.00458916105 6347.52212392673 6360.60242404589 6375.35114458707 6389.476836462 6394.39081630143 6389.88752798399 6381.33883747055 6387.3084729083 6401.57471175512 6404.13205513819 6415.56817760226 6415.57980894917 6416.93136861982 6420.99410806239 6415.68664370124 6411.84233134217 6396.54778707428 6375.73377955396 6363.23329818409 6338.90446120198 6307.63202268821 6283.24885849164 6249.54755695146 6211.31038464559 6171.36665398068 6133.00979792054 6096.46223848701 6054.42300071811 6016.19066338361 5982.51518233428 5959.95840946088 5947.75333870317 5945.59004100826 5940.34654270184
-9999 -9999 6005.51010229335 5986.66232236646 5893.83532211466 5818.21455566275 5777.74596365379 5759.01469620427 5776.91527710506 5853.03907331599 5908.0572741055 5946.66389438961 6014.2322058485 6081.54493723215 6138.4229225811 6186.62230317606 6225.27517148513 6249.49770560881 6272.73887409189 6293.40678514567 6310.07619318377 6328.3384906096 6342.06991906891 6367.57454477489 6383.72368777184 6392.95094221031 6399.45054900795 6397.73623528807 6394.64184601496 6387.24588548088 6384.02452169226 6378.12078081045 6387.46824543073 6397.0879064115 6402.98872024305 6399.3150741273 6389.52696419409 6377.4275958035 6378.07321105007 6356.01300187518 6341.04713571236 6323.53965738756 6310.45161802673 6283.87176243407 6266.35178783437 6236.92053739753 6202.81239472073 6166.5283259596 6132.83308114979 6100.98782342162 6063.8897658637 6027.43784618844 6000.08961986193 5978.63266891829 5969.11713156037 5968.01433933505 5958.15877970715
-9999 -9999 5989.5872715119 5966.86655475068 5897.13205675944 5845.95673054763 5838.74617211535 5827.7576814211 5803.46172429945 5823.69880857015 5871.69853667444 5932.29069522586 6009.2065495881 6070.01621649783 6125.84711680055 6171.66139764689 6206.10017820096 6240.30792519438 6281.96375187427 6307.31909662179 6332.25682880967 6344.52333910944 6362.83291620262 6389.52443557374 6402.48988825623 6411.22172425026 6412.90629654051 6402.20431333545 6395.8792569515 6392.57418646395 6375.33499591168 6371.36437170545 6370.71320886239 6374.35557851366 6375.3998392645 6367.85796486601 6356.71609621625 6344.13657099025 6332.81184722337 6336.04919302061 6319.95441291312 6302.27828012578 6280.56799461332 6273.65045358815 6251.60110333174 6225.90044730176 6198.27662779615 6168.33939555668 6136.25412963039 6103.45636163042 6072.99973141517 6043.93710350436 6022.59246501405 5998.52604379944 5987.17932439777 5977.17130498967 5965.67167964247
-9999 -9999 6165.64814579342 6012.33223998734 5959.54251238787 5931.27309482065 5939.14347602853 5928.39623022201 5895.38025564344 5879.6769429969 5896.32081430729 5958.79852769341 6026.9480374144 6078.78277336799 6122.61469226355 6164.71056658864 6197.23980993071 6237.58805102637 6294.63573517093 6337.19875855649 6359.1341366925 6369.94966871123 6384.29222215748 6402.70157467651 6414.14340306001 6428.56066109625 6431.98336222338 6413.80889491976 6401.5637587771 6385.81332166263 6377.40564881231 6368.55968833763 6358.52409724641 6353.72232227333 6353.00917226633 6346.6252377157 6334.41768165247 6322.17870457644 6309.62588902486 6313.60364767871 6299.24409305148 6281.39185715214 6274.8290930375 6257.00286818853 6238.97755183275 6217.80304502716 6196.73659572642 6172.68096405206 6141.75659889921 6112.36274419235 6084.11697906573 6061.83407320629 6044.1842826569 6019.65050368336 6008.93984202167 5996.06037229213 5973.78894385657
-9999 -9999 6165.64814579342 6093.30466957314 6038.24935110003 6018.9765517284 6043.81851399508 6054.34797742573 6015.98708288773 5975.04226937166 5969.31979431643 6011.51003873536 6059.30440952974 6098.15920062479 6135.06432189257 6167.93487376427 6197.97213992912 6236.25063751584 6286.99428333142 6334.36391685991 6365.97126527621 6390.20975307881 6406.79510187668 6422.31595197297 6436.7688180215 6445.04432731575 6453.40717281955 6439.97101295446 6427.46234313632 6394.51463055922 6386.97520731921 6379.35868324245 6363.91154051967 6349.28719661299 6343.86172868485 6338.74879952922 6349.52120505592 6335.50828884123 6322.17149249414 6302.92802089616 6285.1901696817 6279.14503529148 6264.63716324275 6249.33126685042 6234.59780958255 6218.57932227393 6202.91523550976 6185.65327623352 6164.51557130168 6137.66242792856 6107.89441153132 6083.97774078719 6069.83400810686 6048.1910313297 6036.51269019327 6020.92245989734 5999.72800260216
-9999 -9999 6222.25981779611 6184.27112337859 6150.62979528642 6108.64704080962 6117.08022954279 6134.61618147977 6094.73868147918 6046.21932046605 6035.16696256899 6060.96359234265 6093.16534339395 6133.07700370468 6170.81376335017 6198.78454910893 6227.47214565616 6264.89212611202 6299.91543917199 6327.71722758398 6368.19811388762 6402.78322157831 6429.12747934744 6447.83307905413 6464.31313137017 6474.70629781667 6464.83339749518 6449.83222711747 6435.20279608718 6424.56443159061 6419.47184700504 6380.2583068145 6359.05013816513 6357.3998310404 6348.65258928927 6346.10660420574 6337.08616372331 6324.60149776867 6311.90691302139 6304.80637548105 6309.51625136168 6277.0034975065 6262.5248246346 6261.93680669821 6248.73866645257 6239.57757436058 6221.65672362862 6215.31935722964 6210.59167092527 6191.12582813178 6162.41386450521 6134.87873090787 6101.35072848967 6066.12354986622 6052.56751181615 6033.28220854702 6021.08648345345
-9999 -9999 6281.34546684438 6260.31692500656 6237.67778287805 6194.38229364801 6174.57366091765 6163.92307542993 6134.69369861067 6114.2782746105 6109.28272593831 6122.89067522183 6142.6404516341 6164.11885889094 6191.87216204886 6218.25277371023 6247.9480742229 6280.51669287301 6311.18717100382 6338.94352801365 6376.3132424502 6412.23719331752 6445.39589520745 6473.48564525694 6495.10049950949 6499.34443354865 6483.59370563109 6464.46925426774 6453.33216255496 6444.79367219038 6428.23083165251 6407.71496774545 6368.73147660805 6349.11837008765 6338.51362070739 6336.39609624243 6331.78964484491 6319.30015881855 6309.29287350898 6316.46865280871 6304.67099269786 6294.32675612161 6291.99014360504 6276.4181152531 6260.36952742976 6260.32919277445 6264.71721318842 6257.49415409579 6261.68457230517 6259.29403675791 6240.63745897698 6203.76757888158 6143.47990490087 6091.59334218561 6088.67599746545 6072.45549528483 6047.63022875943
-9999 -9999 6332.70471386284 6302.47459009957 6294.0680529438 6289.46837466011 6262.59866058757 6227.08766030158 6206.03470904551 6190.31790881782 6181.55841568722 6179.50769529351 6190.14151238631 6204.70393558712 6214.22336403301 6235.21519014163 6263.90548309684 6291.47041726281 6321.78172097253 6353.89117860833 6388.81665035185 6420.35487902913 6456.09402173322 6487.49851638442 6511.7487240107 6515.15602877809 6497.78964017596 6475.27356647041 6463.48658472187 6453.21675346748 6429.84549426687 6410.69292807498 6393.67943074947 6354.58070063244 6333.57952775339 6328.52417064641 6326.88108419503 6322.21080538094 6326.2827880037 6310.92277384207 6301.84637069206 6295.54718356259 6294.99619148263 6292.36933345688 6291.6182718923 6305.59521210387 6305.22244952042 6312.19163600063 6312.35520731478 6315.32748474629 6289.82720629093 6233.88066133208 6177.1048773317 6136.50474157021 6128.29276021302 6109.42082170581 6073.69600465016
-9999 -9999 -9999 6362.99510683917 6397.34359530141 6398.69649902544 6355.03682086178 6321.66950277193 6290.65339767802 6260.54132879253 6245.30832353187 6235.16520969332 6228.46897010221 6229.19851994134 6237.92967128036 6255.02066962973 6279.32881432843 6308.43614032714 6343.11379918786 6375.55474255763 6402.45187531905 6435.01791544227 6466.53954346415 6495.52738605887 6516.20000969348 6516.2500098031 6500.1900086527 6478.33606171986 6461.8568165736 6446.5538933487 6424.12008090176 6407.21480850145 6401.07373680187 6385.31212940843 6336.50583121072 6323.77596227291 6320.6563338927 6335.30937987126 6323.75882901513 6310.95255120355 6304.90716223504 6301.83009541754 6302.71462566396 6301.46886496635 6315.26498246313 6337.59513834674 6347.25789770847 6334.42631491651 6333.51056322745 6304.23185526921 6257.23532139583 6213.2819637698 6203.82520442644 6172.62950817341 6150.01530794336 6130.06428174375 6099.26222369585
-9999 -9999 -9999 6458.6163820794 6456.76355701708 6435.51821689712 6401.69010643761 6381.41455095094 6351.10250427915 6320.49158110815 6292.86547617964 6268.37451190559 6250.84588681993 6246.70267017034 6250.57835002668 6260.7613969038 6280.07189736199 6305.13745561554 6339.18263723373 6371.02523402325 6400.23060532314 6435.34190257403 6469.80782624339 6500.21785727587 6514.02568084356 6509.1136213921 6491.94187813479 6473.90042793681 6456.54324521508 6433.76717241991 6409.50382874352 6391.24078095398 6387.92542108844 6383.77944937469 6365.40491105042 6367.44233542878 6355.73063502872 6325.14423408776 6319.85654908939 6315.07341756704 6309.42251171488 6303.73283225642 6304.95020796223 6308.68170424474 6319.03279035093 6340.31516666784 6355.83257890333 6330.75977303553 6298.89940785348 6262.9884014881 6230.74565711371 6216.09164968231 6210.99874505352 6206.92153415985 6181.94947620042 6149.2702074502 6122.28498469617
-9999 -9999 -9999 6474.88763777779 6460.56275623821 6435.3205747747 6419.69629715648 6404.37237601725 6384.1227161454 6354.56542864879 6320.16317903641 6288.53219670439 6264.48603441665 6249.23406226192 6248.95168721726 6262.0224274089 6280.92268388866 6304.73308736778 6332.74462854174 6362.85498530899 6396.16596511854 6432.04292052727 6464.54415108317 6488.22687698337 6496.66682452351 6490.70481635042 6473.51914702015 6456.00645223838 6439.66532509819 6417.14052171415 6391.23207485151 6372.69409405449 6365.81758994689 6363.34617303406 6355.60964548764 6360.87024938952 6349.17020677695 6323.79934915448 6323.09152124906 6318.19025055253 6310.47993243767 6305.30064759729 6307.89470040271 6318.82401699498 6335.19497509457 6336.98520829963 6321.57675132544 6296.85456104604 6270.80810974207 6236.64180454879 6221.99203826917 6218.40432371446 6214.62947666628 6216.3217166926 6202.62877816399 6184.68729360634 6160.85997272473
-9999 -9999 -9999 6475.14426393995 6462.85297785618 6446.09669869993 6423.54603611229 6401.14795223508 6384.70711863303 6354.53354224984 6321.48706163837 6291.4805820127 6263.27076419938 6247.65869741001 6248.51285450163 6263.12690886125 6293.08079570368 6312.6138618376 6335.28209782046 6365.4049274886 6395.00405955608 6425.43473075096 6450.57100170986 6465.84313583929 6469.90567317022 6465.02992291611 6449.6325312365 6427.97063016857 6412.41311674223 6394.87566268946 6371.16352781827 6355.61275438737 6351.29853225688 6343.22775254084 6334.26884608214 6346.43351434995 6343.69365922629 6344.8036187931 6325.18721664756 6318.98677280786 6316.2986923524 6320.08100988973 6323.27439352952 6328.49316275348 6332.91048365878 6312.86455250555 6288.99255490844 6257.68353696709 6236.20799399894 6222.37774384418 6218.60697409859 6220.57835277473 6221.36351161294 6226.84630487763 6226.13811695227 6221.65535392172 6201.67502198899
-9999 -9999 6403.82470120527 6412.50536204551 6413.49611626477 6408.09886749392 6400.6418473436 6380.35178774353 6363.84791515378 6339.20394328921 6308.54342075567 6283.53084817128 6267.17685141832 6257.18398101697 6258.38083143617 6271.41568546837 6288.9981107707 6312.72195948379 6334.35158154425 6364.62268026521 6392.22675829651 6410.05468596292 6428.14540568747 6442.85797374185 6449.43394751187 6443.20316912667 6429.56670157166 6409.74732416852 6388.68554206919 6367.87377286007 6349.54452482259 6339.6496913292 6333.77241232135 6328.94303550056 6323.75218253633 6322.32345730859 6344.44912674125 6345.49032135483 6323.49265738697 6323.27088285339 6328.86598667543 6338.11543924411 6336.47074967965 6321.96768748794 6298.77835118176 6274.065608069 6259.30369293131 6237.24799791743 6222.18875727262 6214.71929768273 6214.33524954546 6216.58178553705 6223.96243563077 6236.42476936941 6243.90100403511 6240.34456225156 6223.89986590877
-9999 6376.19466908916 6347.54684554415 6355.68532218547 6352.55278317358 6354.21387711614 6359.14527490048 6349.53739831756 6334.18102191597 6316.91822032252 6296.33576263148 6281.39183679891 6275.54718406786 6272.11414986064 6268.19329366185 6272.76873052825 6292.10130950513 6311.88046294022 6340.71369020681 6364.41685162229 6383.29711256572 6394.59564299466 6407.35842486029 6420.50100222392 6432.65962675138 6427.26915884595 6413.3151954832 6394.8390369455 6374.3883541219 6353.78089282279 6334.72300274521 6324.63567194669 6318.80291030549 6316.48567321321 6317.03396627243 6324.33928530156 6346.77825071392 6345.89211676189 6328.43900043921 6333.27132760522 6342.88128278182 6344.68856744295 6332.36187990706 6308.40437065291 6280.80850239879 6261.78575060377 6250.40317339419 6231.79166351248 6217.42602775016 6208.25113195008 6207.93379488232 6211.86309600878 6225.47499696618 6236.76504457465 6243.97241744199 6243.42614675564 6224.95300615441
-9999 6368.80779245715 6309.74010393756 6313.56526370235 6322.44673405957 6326.97929331864 6319.85758794735 6315.90943649169 6313.58508866246 6304.36054619199 6293.21438596966 6282.81206391817 6276.05021628893 6275.86217909248 6274.91543718873 6281.82065811262 6307.17790239499 6333.92473773402 6348.30973965944 6367.72082336374 6376.12517372344 6382.8001871005 6390.84098244318 6401.01052269354 6411.29009646043 6410.96484787935 6400.58516734253 6386.96331122662 6376.1996216377 6368.60647313279 6341.97355185717 6318.79635468087 6314.76919254994 6311.60966345492 6312.43250821817 6323.83448253634 6346.80004389047 6334.58913985984 6337.46009913744 6343.29185482073 6349.26671474524 6345.67817502439 6327.7063789966 6303.66982461746 6285.95614843545 6264.03901359006 6251.95357897135 6232.80336633977 6216.18914138654 6207.05333952436 6205.87543014921 6209.29336629283 6217.48313684812 6226.14608230571 6230.41270631367 6228.16988108429 6211.34126499815
-9999 6294.39269231616 6279.06138641073 6292.91601832688 6297.49673324796 6294.46381538423 6298.76863355693 6303.18912636273 6310.92734686881 6304.94543617225 6296.13263166788 6288.88873833927 6283.53252838535 6284.32028174632 6289.00662730233 6302.06921914073 6325.19929607955 6346.47477580602 6350.38574134849 6362.106792918 6371.52945034812 6380.23743678841 6384.59150467078 6391.30027128137 6399.14326219413 6397.8401240686 6397.25395995103 6384.31889992163 6372.02916090105 6366.07450618065 6351.30785646752 6334.04850686409 6334.00882441065 6334.59340318941 6334.88945948093 6340.25372291165 6337.50737885915 6339.92367139702 6346.6497149061 6353.11370439891 6354.88330398424 6351.7438783915 6337.01000721454 6315.71354891416 6293.74936631304 6269.5078668849 6258.54537418355 6237.2890116582 6219.94300090875 6208.42979751119 6201.93105238674 6201.22217224543 6204.9180183926 6209.09448539035 6209.63521051274 6204.38721982981 6190.08756105002
-9999 6268.83963417587 6258.62434811176 6271.40370966539 6274.50176306441 6279.72045375906 6295.24559703602 6299.69940229234 6306.65440975915 6309.8064945826 6303.03568734966 6295.50482954517 6295.01280907004 6289.73338087015 6298.35348016947 6323.09680143276 6342.66395436645 6356.5516955174 6361.71953587671 6364.02533836763 6381.09655988225 6389.89948573458 6391.42608939294 6394.05662154901 6400.86420079053 6404.28538260545 6399.15636519726 6377.34194679232 6364.62304178733 6353.30410399547 6353.75394993686 6356.06786394573 6364.17488813671 6387.43331230051 6396.67160339521 6382.32259039198 6369.50331494417 6366.09639221832 6363.47388094878 6364.91638172231 6367.24845889325 6361.44036311727 6349.30810556544 6328.53901554724 6303.95407934789 6271.61856059719 6243.34061359494 6222.93329733888 6219.72662736473 6205.22348742619 6195.24429660873 6190.20314231798 6188.62777544547 6187.96934511259 6186.98634247148 6183.58410193814 6170.67722349929
-9999 -9999 6258.62434811176 6253.69207058349 6269.12774048929 6283.72703745739 6301.7975274285 6301.85335989588 6302.68353179705 6314.87451480348 6311.64992681124 6300.26603642719 6298.75114157434 6294.40923041669 6299.13756354582 6326.9183239089 6348.41095848649 6361.4018579446 6373.94431412336 6380.12559720786 6394.27934118692 6400.68254892142 6393.47254992082 6403.05792111872 6406.89910864494 6402.40010328578 6389.96709103043 6376.43593891854 6372.76771188594 6354.91764863824 6359.7213995288 6367.30831273349 6390.39046727628 6425.23522283459 6420.976101474 6392.83078663529 6387.92019439244 6382.59475464905 6372.29810596316 6372.78664481273 6373.78669894829 6370.18044978992 6357.65390129998 6336.32785355324 6307.95068729966 6276.44803931088 6245.65648198215 6217.68519796005 6193.9212673725 6181.63287479645 6186.17743709154 6177.53364048882 6176.28575385945 6171.78550735532 6170.63496038692 6170.68662536539 6159.21996899522
-9999 -9999 -9999 6273.26498881449 6281.30561796941 6304.91662018314 6318.02715935661 6318.42332737009 6312.50710729811 6311.71144667505 6318.46372867641 6317.53651101747 6314.53013186343 6303.17919095449 6298.86224192556 6317.53337933699 6337.04664221899 6345.82093036792 6364.6765480154 6375.9046447025 6384.47003777567 6386.89048177382 6384.50958160247 6396.31623066927 6401.09839047909 6384.93146364358 6368.55977805927 6367.53570160157 6367.10000829631 6349.63547435135 6336.59614342546 6339.90766251584 6359.62517720174 6392.78373650373 6386.48931289685 6370.3537394 6363.00430279224 6362.10063261123 6362.82941655771 6370.36905441046 6375.10770174318 6373.1093252364 6361.07760571544 6340.30438860605 6311.61371756692 6280.06700746564 6248.33382217619 6218.59358671349 6192.78160145684 6179.28716623442 6164.22251496385 6172.89483649992 6164.46818723306 6163.42959014113 6164.92501526299 6159.1699007641 6142.2770996489
-9999 -9999 -9999 -9999 6310.26131972813 6334.07359632388 6326.53120957354 6328.12817026838 6320.4381907839 6318.9803615937 6319.20360642188 6328.31385052212 6328.36163999126 6313.21167901664 6303.52298031294 6308.49248061846 6315.19404197663 6330.80435490659 6339.07399598118 6348.18625701622 6353.41577661637 6349.87769793131 6353.3756710038 6361.4434345417 6366.52699817104 6360.56521637816 6353.33966237926 6345.74593482712 6336.97043006406 6325.83657826304 6313.01864265731 6306.78496576943 6313.58545849916 6330.76752087805 6347.31857440906 6336.30775005377 6335.17938508375 6341.24478641866 6351.97012534308 6362.05012192365 6367.96947943512 6365.71068746998 6354.27642561847 6332.88280719698 6304.25740412901 6272.7120539932 6240.69528705787 6210.48295427869 6183.68364056907 6168.946714728 6153.41843937805 6142.15120961014 6133.53311686861 6133.84852462075 6138.62941691799 6133.83582685516 6137.08613633066
-9999 -9999 -9999 -9999 -9999 6349.0739812759 6343.86961614627 6329.04725661982 6316.03907792101 6315.01058638228 6314.64005126047 6310.40624172179 6320.52590514752 6318.47761766008 6308.56071468691 6302.13564786647 6300.81879209465 6312.72891889137 6317.91319445364 6319.91821741289 6321.95575193599 6320.81664749983 6323.75785340853 6326.63082410916 6335.65880626385 6343.37518564438 6332.12371914538 6315.2970615282 6306.87757701527 6303.402819806 6296.76943165139 6290.40967596137 6291.40651167818 6295.09570012943 6305.79843204228 6303.76642114912 6311.47965217095 6322.0677493893 6335.39775182865 6347.51308331904 6351.78675816585 6348.97570922885 6336.94749856177 6316.97992555572 6290.83610152709 6260.11214112101 6229.00603315573 6199.60773417003 6179.07352524768 6158.38107279729 6142.68606092246 6130.39453826967 6117.03931108905 6120.72687024227 6125.98496875835 6121.75606086436 6111.27455017849
-9999 -9999 -9999 -9999 -9999 6323.79779331918 6334.2567452143 6320.85874248864 6306.40912433318 6298.71932436016 6298.15273169687 6296.07796149264 6296.62481595915 6319.70316115393 6311.356791657 6305.03439509992 6312.58175555883 6308.20615841934 6302.23439813636 6300.4459387988 6290.82879229347 6299.38350138563 6302.48136837384 6300.5351269883 6306.43848286001 6310.11049257544 6295.42793414522 6282.07000535181 6278.53493939569 6279.29845983171 6277.49874943647 6269.67536776942 6262.30543821986 6257.16616744495 6277.96421203072 6284.67253332421 6292.40604359789 6302.82908451103 6317.93212397898 6325.80458652437 6329.14614704881 6325.64706966267 6312.20079730216 6294.08790782235 6270.81717118377 6242.85214124339 6213.88044782804 6185.8236810838 6166.34857809127 6146.69827952847 6130.78566206642 6117.60539161078 6102.74123637851 6100.01154970517 6098.91346758995 6089.5795147882 6077.0557807339
-9999 -9999 -9999 -9999 -9999 -9999 6313.3489652912 6308.00160657835 6299.35700123169 6292.68066228807 6286.00031837394 6281.15876028004 6282.15389833035 6306.56340487245 6305.94097201858 6304.02904567915 6288.69723575469 6284.80410825939 6289.46018736544 6271.82864108849 6269.48146154428 6271.68087387058 6276.515773681 6272.36350963131 6266.41740003574 6263.20015457543 6256.49070324609 6250.19358960486 6248.2724223148 6249.15907196132 6244.86416611229 6234.18550164562 6228.35190879223 6252.75897472117 6259.53328196678 6268.3982034597 6277.23506568142 6287.0699343619 6295.76166153936 6301.37120386514 6302.45991663738 6298.89054784485 6284.351554726 6267.97984624979 6247.08329165365 6222.09249168658 6195.960272134 6174.90143710273 6152.70461614471 6134.50658346555 6119.33966281157 6105.67382079705 6089.92873009089 6080.73171339443 6072.04962981939 6065.97574077673 6061.48410065589
-9999 -9999 -9999 -9999 -9999 -9999 6287.41185988619 6294.98378712996 6290.12680652926 6284.62398989343 6276.64909549645 6269.61145138288 6267.7037923058 6274.50461617147 6284.9904402505 6281.86841103936 6271.30385790214 6268.47801445151 6260.79177172824 6261.04414996025 6256.26825196827 6248.54637671782 6245.59765288489 6241.72906699132 6234.20397214098 6228.45466136685 6221.43281458353 6219.11386412764 6218.10750913299 6213.60418783451 6208.84843421641 6216.06074294695 6216.96496552142 6232.08234713319 6240.72729051574 6250.15370385171 6260.07368797408 6267.52962734192 6273.96261205039 6277.12398629353 6276.58057441291 6272.44081803073 6256.18753694925 6241.45511233352 6222.75903776115 6201.05952525219 6177.05982117313 6159.63274409961 6140.83521081095 6125.09239518512 6111.33673740355 6097.48371683658 6082.08587827115 6073.16341733503 6064.0197028478 6059.48609042249 6061.47939701232
-9999 -9999 -9999 -9999 -9999 -9999 -9999 6279.84539700193 6277.99531168155 6275.18965832689 6266.56294881544 6261.11204813583 6263.14249678804 6258.8974165978 6251.99064841355 6240.96286626135 6251.94456503156 6247.44254468721 6246.04072148314 6253.13728612037 6247.61828909213 6237.32640774532 6223.8297695409 6215.94358133055 6207.75688719199 6196.45572825496 6186.8333137613 6182.72453746463 6178.37671012802 6170.66353346459 6170.85057470401 6186.34120697485 6195.31183808029 6217.15638721528 6226.87035655966 6236.83112769207 6245.85653594344 6251.53438845518 6255.24051467609 6256.13060898267 6254.00824630144 6248.67547899531 6230.88518865036 6216.88177525444 6199.81937832552 6180.62069209405 6164.16157576635 6145.19051066747 6128.83700862694 6116.11927082591 6104.99887652 6090.72388654269 6076.73189111521 6072.91835635442 6063.8839789219 6062.05526767279 6073.04752263682
