taller 3/murcia anomalia maxent/bio4.asc
NCOLS 321 
NROWS 253 
XLLCORNER -2.504166067 
YLLCORNER 36.745833473 
CELLSIZE 0.008333334 
NODATA_value -9999 
[rows 100 to 124 of 253, columns 57 to 113 of 321]
6466.91267184175 6460.18433426772 6440.96117592164 6410.55680354697 6395.64495060545 6384.32157679301 6379.56070242351 6362.81420136394 6363.09860838438 6366.68661925653 6382.15023453213 6374.04828376093 6369.60511826193 6376.48539538072 6393.31526219937 6396.11006924554 6399.58329068171 6402.19965262016 6435.55924438107 6472.38154289138 6481.0893674142 6467.67802149604 6443.05295326323 6444.88371269691 6439.01800484507 6449.84621629624 6470.34308773065 6499.56920712068 6528.62190911736 6527.53262640617 6505.46461431131 6483.80554097681 6481.56129630597 6482.08096105576 6484.37845236291 6464.56228890592 6438.91899033388 6415.97721531718 6402.55114705837 6398.17749737371 6390.15583009202 6387.96788151243 6399.73152280885 6382.12871335535 6354.26444567922 6346.83330012232 6339.92629778849 6325.64155944922 6307.80185915612 6285.28971882985 6264.45777469721 6263.37992072895 6239.3831515446 6209.85744827362 6186.62864061296 6171.33126082396 6134.96814659551
6510.48090455123 6469.17837948644 6424.7482954854 6398.61872845307 6385.80780848802 6379.41673209172 6381.34698635576 6382.18239542682 6365.24373827147 6366.85994453542 6379.28821242345 6388.70413452848 6376.85072648239 6384.87764727577 6390.19101351238 6395.35601037216 6398.7183834847 6402.69327573177 6421.57840544345 6463.32724829093 6474.35235072299 6463.16511787352 6444.72452917412 6438.99613633043 6450.1241512884 6483.15211339389 6504.5289490723 6530.60726168446 6534.69071655642 6502.67528543976 6473.17297491026 6459.66560016719 6457.29846930995 6452.55754989171 6452.41023258171 6447.50613842804 6432.85713061768 6417.66289649897 6405.96288136183 6416.78721912571 6407.99611568935 6375.38922146761 6367.01426965584 6371.41154683418 6352.45244356817 6345.59519397404 6334.23793333085 6313.12220482877 6295.23259719434 6278.28185988804 6255.7343029479 6231.54523595734 6228.90915052467 6206.03508567021 6187.60633490477 6178.99716066805 6146.17039033971
6490.22167630505 6445.66711363764 6423.94073261116 6407.23368566941 6386.60519541969 6377.8730691626 6374.19491281751 6379.10780057227 6378.4269842699 6362.37389616643 6397.59010248758 6392.54442707214 6383.49948125192 6384.94110565686 6393.04630077765 6398.41922500103 6405.54174881542 6419.24118449238 6430.95436944974 6450.0597070358 6454.91873584129 6442.54822193015 6452.3569601698 6473.75047753041 6482.21193627392 6486.07586295347 6492.3189214847 6490.56644331317 6477.83631916358 6463.2030275487 6445.32446372943 6443.91909445847 6447.83873203846 6446.43836812526 6438.48627318765 6443.37980115502 6442.61992396984 6430.53107098564 6430.60117915641 6436.0902592312 6403.05975273485 6371.23202406006 6362.5065950558 6355.87748091595 6357.06471111146 6347.22971047302 6326.84157862261 6301.27115911564 6283.80233367767 6267.39608752935 6246.4881627981 6223.53329388716 6202.46477696958 6200.32541239458 6205.17258792547 6180.2294735813 6142.27568468085
6473.50369047305 6451.17314491599 6429.33503338872 6414.64067328635 6397.46830608406 6374.38027765023 6365.60396347646 6367.63324839292 6389.49574025737 6384.30553449361 6391.18978062602 6382.55271881442 6375.04875484749 6386.6965027452 6397.52301458299 6400.80674610381 6415.60988636378 6423.58065975266 6438.40382616853 6452.44000091321 6448.93547840646 6443.15850382686 6451.28729938788 6464.61201758794 6463.98730013933 6461.07935758691 6450.66392376206 6431.34233533069 6438.16528977251 6440.99060722456 6434.38721865738 6433.0275076927 6448.80990715538 6457.25105913378 6449.91209026276 6463.30789743128 6474.93869479048 6458.64618003304 6441.9965807036 6443.97808947864 6401.12015497202 6378.3753834461 6379.14198857735 6371.32402799363 6364.64204193308 6339.0580885851 6321.22458498377 6298.15898800119 6279.8595626924 6259.98232885169 6235.12705401739 6214.69297630655 6194.64519952537 6189.237035712 6177.73144072176 6170.06503513872 6137.52321134717
6481.89040172444 6463.09331628231 6436.13117834689 6418.87905119988 6401.14184281744 6394.1614918519 6388.6371150642 6391.25289585585 6389.85621048722 6393.86376092745 6388.99438715115 6370.28271466767 6375.38962286305 6391.51353766283 6417.22089410431 6418.28301610973 6414.05244897827 6419.64790267403 6428.17033719222 6431.9499828731 6432.38893424362 6425.06643559579 6425.09306260625 6426.7095733812 6429.62785343296 6422.71082282134 6421.46949968991 6415.05604468792 6424.60640880077 6439.49517125886 6443.07561368448 6447.66544980488 6454.50436357399 6480.3336877214 6488.67817946215 6468.84763874681 6470.13021349444 6447.72569341953 6430.02023027417 6445.98717670205 6406.89733239196 6391.97245424794 6387.42227600087 6380.99395663092 6354.90061201172 6336.90237720497 6312.09408935031 6292.61924550869 6275.1914973599 6253.98512647711 6231.16340204706 6210.8574812477 6199.91109098696 6179.4937420298 6158.8757103577 6140.96944888289 6121.44147306103
6488.94691893371 6464.70373050358 6441.6490287615 6419.04828045589 6408.32095010181 6403.10353241838 6392.96263421664 6396.75080651256 6386.51971307861 6398.06129667689 6387.73874878158 6379.25713577236 6397.57623981553 6429.54610373176 6430.330538646 6429.89519443055 6425.28228216125 6413.28802190271 6410.09263218918 6403.6857184786 6400.28556191996 6398.24856969772 6395.83610769287 6399.15406909563 6403.19068673236 6404.57873040996 6412.4612848903 6415.92184908968 6426.41179713755 6452.25712031116 6467.46457039423 6468.29315183579 6459.24033105219 6499.08067698951 6527.28459123673 6498.72234352214 6466.41855491304 6440.11892990624 6436.60572311556 6442.83748708595 6431.91812730056 6412.99858107598 6393.17688412465 6374.93711388629 6352.50387324806 6342.51919055693 6310.55535399445 6287.23947067653 6268.96166260605 6253.29181125454 6231.41290823912 6208.74285523803 6189.95516793228 6177.07690426367 6149.413784002 6129.93621637896 6114.77686284654
6496.75683518253 6471.3474595176 6453.34767732971 6433.37297401255 6425.62923446755 6410.28097433377 6373.34243659992 6384.51964335105 6412.47586940046 6405.94252797255 6393.15363173878 6413.51632755331 6425.51581317842 6428.65658751018 6422.99651718465 6418.77950543767 6410.43177036261 6405.2339745483 6401.29519953399 6394.79635807918 6389.08235324667 6388.32717174535 6386.88920358345 6377.46608106768 6386.26392967018 6385.57460177591 6399.80127529405 6435.09189452774 6445.48519358771 6483.07640224185 6492.3028282724 6477.68536742821 6472.5083117726 6503.10770736673 6528.86031591867 6506.60552092774 6480.17378071991 6458.5291445254 6460.92006524286 6465.91594533384 6458.35421952395 6440.55515768148 6412.7163752143 6389.39317721781 6362.16240348493 6332.25753939588 6309.9137205928 6285.29607656233 6264.37701374662 6244.64595323499 6231.43210407476 6208.60875396918 6187.11718729616 6169.70179579908 6147.5883931607 6128.75515658475 6108.35810640911
6506.21398298117 6492.56515447052 6473.5286900622 6452.96410778739 6435.7114773965 6398.62901637491 6377.20493286569 6409.44564851759 6417.36567077177 6427.65539077552 6439.25289204005 6428.6712655437 6431.61564527574 6411.14432553412 6404.41351419014 6401.43829710605 6399.77098954249 6391.91337863954 6383.91910240515 6381.63779027606 6378.83140052436 6390.01712107965 6383.90120670373 6382.26990109491 6372.55342855189 6369.86839545266 6379.32333742188 6395.81049052172 6420.59472132955 6448.09942426313 6448.24491233068 6457.04764821227 6475.80235754634 6496.38687284704 6513.98505531213 6491.51873366654 6488.46008756838 6497.74021106171 6521.55379953583 6518.21487455022 6487.84886218627 6473.80550806843 6435.93892437896 6398.30407090325 6368.31029567897 6335.36192609325 6314.58403073298 6296.78464421169 6270.90371117847 6252.40593907449 6232.96863488393 6212.89941386916 6190.33454283346 6170.9951544255 6146.67932837042 6122.68436994796 6104.26160439038
6528.39204649032 6510.52164208077 6486.26149149204 6471.59189074846 6441.15798478989 6403.63695656009 6395.40416166 6405.328822441 6433.70543684608 6436.71771078832 6447.41207744051 6429.27360460566 6437.97318993987 6427.41128284587 6407.90116391293 6406.66564484966 6408.6836726574 6401.46470542041 6392.44808786609 6392.71595100485 6386.65876683956 6378.75700115582 6364.13320585488 6357.30181372963 6340.77268181458 6335.04139839387 6346.76064131973 6360.23332469311 6379.75033664911 6402.45665176502 6414.26186101101 6440.16152293554 6459.11826296895 6483.67859482971 6497.29778877191 6509.78533102518 6523.7304910839 6555.59412934733 6584.16614577706 6582.92593860192 6551.29094713055 6531.5765240106 6479.01239781768 6413.4968207022 6368.79814712126 6330.99131174815 6307.38443821388 6297.7976857907 6274.6188145149 6249.75652862348 6232.08291199002 6214.34366169015 6196.66899103977 6174.27175637694 6148.55834062457 6121.92631140827 6100.75446594652
6543.74931298336 6523.23243421165 6494.55676280103 6471.3096350741 6439.1501187947 6403.50995602575 6409.10986405256 6426.02236986476 6433.18720225247 6438.99558719602 6452.33484561313 6441.2652106355 6438.93894659802 6428.32561271478 6410.70366899729 6407.2584973069 6394.32311892913 6389.00435679123 6382.99171799961 6389.4530331077 6382.30606139432 6359.28129285077 6344.21392758718 6329.18586053008 6311.10127416624 6305.11960636327 6308.54675435254 6320.64568742307 6334.4904287424 6349.08993023685 6375.84912765704 6403.67683047123 6442.29339034507 6477.5067878141 6507.99338861761 6528.23352073681 6578.6137249784 6614.34128153204 6625.73220826481 6631.26110558296 6615.77765097312 6585.50628471468 6510.58121662661 6438.29897613598 6380.1178713236 6331.21078374089 6300.48305289984 6281.60186544407 6261.17699162886 6244.93089665647 6231.56906378652 6216.64565725054 6197.28241977038 6175.39419481245 6149.74987166555 6122.85486334083 6107.21616126441
6546.08886902907 6525.28862754048 6494.33696468279 6460.42714803076 6436.04498626328 6437.29230427351 6432.16318911572 6448.2862102308 6448.43996140627 6451.30087772719 6444.85160088993 6438.00491761715 6430.30878420618 6422.28600979497 6415.43277955606 6401.34544848046 6392.38835042338 6385.38794534939 6381.33048900537 6381.51842854877 6366.61220353035 6346.25411488102 6325.0406011923 6304.49590432232 6283.40413879073 6275.21633710433 6273.9820539437 6280.82404694304 6286.33834927104 6305.36892251139 6337.73773856549 6376.27226856944 6431.02534023047 6480.05009858826 6515.2656634119 6576.35085853517 6645.9485742107 6679.77073256225 6701.03477410069 6706.51340970217 6673.43917758462 6604.51638899402 6525.49229790839 6454.77727577971 6392.82403456051 6336.220323109 6293.85785878439 6273.24671415736 6250.79955079968 6238.90655357758 6229.75901543093 6216.92011898002 6198.50038413983 6177.11871176654 6154.97415057272 6140.06610920196 6125.54006206877
6533.22203695678 6515.42337548219 6482.83736614179 6471.28437303442 6453.47744019432 6426.23937444172 6459.89087694816 6450.14894285607 6436.6407912315 6436.1463806323 6442.84010513191 6438.47789688967 6425.46328522666 6418.35602199853 6407.77886928145 6397.46922024243 6386.4715129912 6376.03941364751 6368.37361942925 6358.94117061615 6346.17950804625 6327.05409643032 6306.91734765021 6286.59062439696 6261.95618875507 6244.5138350948 6235.71110127553 6232.06291860489 6240.04094278303 6263.61283468272 6304.84027528499 6356.890812651 6417.65767755612 6482.48702603529 6552.87842608943 6633.53429546112 6694.45995420677 6725.95852642341 6770.06772422293 6786.91017502605 6718.39837173822 6621.01911471853 6547.65984252082 6475.56211948971 6397.51782083075 6340.01541787033 6303.354776464 6276.2992108868 6245.42547497982 6229.81959443964 6221.20280451581 6212.38984248146 6202.23173407963 6203.071434184 6191.34289054043 6163.54043545898 6165.42017553713
6517.76762789149 6516.47518406356 6483.98944001134 6446.11728311854 6431.79263039293 6435.21872510584 6439.15360635712 6422.51915020036 6425.63196499065 6427.12740318633 6433.86313577606 6425.29048523102 6416.33591348785 6402.76952987465 6394.99504367043 6391.57390111578 6382.34763617048 6370.24645213271 6360.88694701931 6352.25707809128 6336.56167722034 6317.56440523342 6297.27127677343 6274.6925465626 6247.42869113817 6220.10430330993 6198.18258077384 6189.30450693443 6199.13713217773 6230.93927514847 6285.36710170504 6350.71874745019 6424.95529947499 6508.86954995936 6598.77066063818 6691.65800161265 6758.51397034485 6805.36510009738 6848.35013187987 6848.34117003709 6767.3797987831 6658.05158696307 6586.46226179488 6511.9227450564 6428.07688795177 6350.10827991599 6306.21805361931 6272.52490010998 6238.61313837682 6223.36706732821 6213.81699483986 6204.71483218836 6209.29892407031 6219.57615921023 6203.78386207505 6178.55334746053 6198.47439928492
6500.96600561191 6501.18376759161 6464.43928679474 6432.115885148 6404.63485584246 6412.25838817952 6422.03443874763 6404.97012634529 6402.19980161573 6413.82852718212 6410.8543911014 6401.29767469957 6397.58918680553 6391.1269531697 6390.60400370866 6390.58762650343 6381.74954178359 6369.12825868005 6361.707512955 6349.35224672042 6333.76554242141 6316.49722818237 6294.40846936601 6267.90065081745 6240.03466296111 6205.60149979139 6179.01205038551 6168.16727325614 6180.12764830688 6219.49911219187 6280.41267811653 6356.17417789098 6443.8111917867 6548.0678228213 6655.03430240757 6745.90068130534 6827.79117110149 6891.55639306441 6915.93914132008 6887.04460763231 6806.71385473998 6716.96047853387 6648.46813850426 6552.24550647034 6452.1419407109 6364.02686636049 6315.94076103996 6273.3726255905 6237.28918825632 6213.21042428373 6200.47530456049 6205.20199911611 6215.28647155727 6210.13207981726 6211.17398223701 6218.47933832609 6224.30964408554
6469.16090049581 6465.37259449831 6438.78602403646 6411.38474525659 6386.85169179709 6399.74331053428 6394.56645737491 6387.83562429998 6374.32428183929 6380.02350279144 6382.14456710179 6390.60995447968 6394.38352137252 6396.43787867105 6397.03406610278 6389.24887432114 6379.19048016567 6368.41154614365 6360.70991147948 6359.08976609251 6356.67778988808 6339.31465150064 6308.83503048968 6272.02654759111 6236.55283871602 6203.26102753647 6175.53792453121 6168.18211249459 6187.37977301544 6233.86414171014 6289.57046447982 6369.27100035357 6464.92741108031 6575.43897175528 6690.65463776882 6792.9802094324 6891.73353878549 6968.68426539786 6957.86817792632 6896.58674647458 6835.05719137611 6764.12449644317 6689.66354425228 6572.12875765812 6451.39495229929 6379.1307514003 6314.50054310575 6266.7658271037 6227.70384915827 6201.11844996423 6207.06917536576 6248.7280188402 6266.89065722209 6251.3492246519 6253.44295444699 6249.90694435697 6223.22705651592
6448.40953310286 6429.95505939783 6408.01588623468 6395.44247209286 6396.64769446389 6377.60268789132 6362.05032726149 6350.58332899248 6339.42054690494 6346.51711631568 6351.11702508684 6368.86182599053 6378.79320488366 6389.62904108239 6405.5122585618 6398.24036207864 6381.5172559696 6385.8354857694 6373.85818513366 6363.50138816415 6366.10212379417 6349.20301768632 6316.01054706257 6291.82478906748 6267.21538763219 6234.38794951229 6195.66894842569 6187.19465481584 6216.65240419433 6260.52611479702 6324.02650443816 6400.24992696043 6505.2514557671 6616.02022327394 6712.44433326272 6830.63361154655 6939.24849498535 7004.28017202908 6986.67111203126 6919.39798182044 6872.69151777641 6812.19515356982 6702.25868373725 6561.26412468176 6443.88419638368 6362.49834778191 6305.23385149232 6257.28519320343 6223.6600425601 6216.77058285788 6236.03531970885 6263.31590625408 6270.96162239339 6257.16576014505 6252.72298161712 6232.99624229419 6206.60980294194
6416.43022384597 6389.4310729379 6390.66837388938 6379.76659845902 6384.46474742859 6359.87015185187 6328.47950128944 6312.38575076912 6304.68614417045 6312.56294646422 6322.05058920673 6328.63272884081 6347.59308875519 6366.71011537974 6400.5887096894 6414.75659605109 6399.97107221383 6396.36159936094 6384.66361789061 6364.25990428961 6354.71887731544 6337.26616815143 6315.64180181374 6308.38413260761 6294.40476437229 6265.17556246313 6224.79486366068 6219.27594198324 6245.7074181952 6287.66888934685 6347.77973169653 6434.86778364529 6551.62919255117 6664.43283962469 6750.12092815722 6834.77977467565 6926.63474581755 6982.64182107439 6982.68302868182 6941.91550523658 6901.05009592016 6821.1022844416 6690.75827977275 6559.1649433875 6450.80639144488 6369.70051673107 6307.74344067479 6269.94246450131 6247.4766456047 6238.23648718124 6246.51641702501 6246.90509966554 6252.90955774949 6257.74944018797 6249.00724992355 6224.12084480459 6196.08333173944
6382.60372406723 6373.75094515952 -9999 -9999 -9999 6341.89314448648 6296.61957161648 6268.68267069997 6269.75706228699 6274.60150559444 6284.67213905216 6296.03476560071 6317.45262878264 6350.6006061878 6400.16820675597 6425.01117130443 6407.90652006145 6394.52511292755 6390.01208889609 6377.97353722954 6362.12146003377 6345.59456294888 6332.84775100802 6316.25158432966 6299.87011817373 6275.18115520389 6246.70067620581 6252.03408404868 6277.96275505511 6317.23549954806 6374.8398777988 6448.22354015388 6538.33692602018 6645.91391462631 6734.52277101568 6822.36907452997 6902.62070977426 6953.59193952033 6957.90364567737 6939.62180598708 6885.81006930463 6787.08013072626 6669.52310762969 6552.65799904025 6459.18956270123 6385.61169731316 6330.72078062204 6292.94550432865 6276.3655337775 6283.79751761644 6294.98747443011 6307.84699145863 6318.96687204529 6306.73576946664 6271.29679577244 6232.28914208273 6192.00901326916
-9999 -9999 -9999 -9999 -9999 6285.53905268961 6250.19849469774 6243.27146547279 6233.61178720918 6237.57006831071 6240.69505756603 6262.09673930257 6294.62993327764 6333.61492856141 6383.77412090124 6411.25288166553 6402.97086110922 6399.78976481553 6400.28197417844 6389.08434595198 6372.81217497213 6355.57616041384 6341.6620144837 6324.43916736437 6308.21298756886 6283.30731320695 6272.98228673922 6284.31764857315 6313.53616827747 6347.30422402111 6392.14089614392 6445.2631427487 6526.44857331635 6604.99770026955 6691.88493705659 6783.94586873904 6859.18736902286 6910.17549055555 6915.6585433954 6893.7420433363 6836.24453643802 6743.61689148965 6649.49385750078 6550.32345417792 6464.69857519753 6405.06801116673 6364.95123282114 6342.4613306291 6332.9908935969 6356.89937825703 6365.0307857998 6362.03965121405 6326.40469459008 6279.34585490543 6268.89924580051 6227.91679001416 6155.20167659429
-9999 -9999 -9999 -9999 -9999 6171.36079169404 6199.65764613746 6199.9508737658 6191.08792368918 6200.08493245532 6223.99371533874 6238.79209891772 6261.5223671412 6307.9686552146 6369.19035486786 6406.18055388712 6401.46701369213 6399.00370210578 6401.36797011408 6393.40868682439 6379.06857356175 6361.41422931969 6345.86953036373 6328.67940123431 6311.40767908367 6310.37004928678 6309.77704168399 6314.97847514588 6331.34077341589 6361.81651847581 6394.34013580959 6445.05528877987 6510.80981009391 6577.8414027992 6649.6471284134 6723.63869667939 6798.7109632675 6845.75832204891 6849.07363621793 6818.50817223462 6763.54100330668 6686.03508404417 6607.80417474324 6529.64616348902 6463.64087942955 6415.75441049042 6384.53192682378 6369.41760197998 6363.51522104856 6365.00867684062 6344.1717133524 6308.63969259405 6236.91775939805 6192.60802817951 6205.73599077965 6175.47817657986 6093.71391488273
-9999 -9999 -9999 -9999 -9999 6151.80158094034 6148.35645209186 6145.75446717894 6146.88779698558 6170.0671426495 6217.52767982107 6214.71216646572 6221.49026057444 6279.65259909927 6342.76482666499 6379.47417209517 6383.08615422009 6389.63102952852 6395.27382310128 6389.71258740081 6376.59862395631 6362.83852392368 6348.09660468512 6339.28450161577 6331.58776385942 6328.61403241144 6328.40132221464 6331.87000938898 6342.77920128082 6371.3783247212 6414.63691881971 6447.85473561728 6495.8619581512 6548.74723247443 6602.56405955244 6661.85372032251 6722.91198910548 6754.08153378242 6755.20099327903 6728.94124375749 6682.02586439781 6625.31007021178 6557.21847322971 6493.48539175747 6439.73021014311 6399.35894180188 6368.42699176929 6345.42488016324 6318.07045356607 6287.04816396555 6252.97403850352 6193.53583685397 6131.62141375004 6109.90570841043 6120.70242206673 6127.76298473147 6103.66369565205
-9999 -9999 -9999 -9999 6100.15565286172 6093.20757902529 6090.62618868012 6088.23243581255 6095.69115834208 6143.15949711165 6197.81933076163 6195.35376959292 6187.38558807902 6241.67197261025 6288.08298296588 6328.05654977648 6353.36409935379 6373.07806062002 6381.28274164766 6376.79862322256 6365.98144911881 6355.70473715932 6345.6436350659 6337.18093985755 6336.39044589129 6336.29077518034 6337.58971236229 6340.36949931969 6361.92420537348 6381.34692854279 6412.82982359572 6440.23559416719 6474.92748373147 6512.9716851344 6558.93173243848 6601.08391564662 6642.22678704072 6659.4907161246 6658.29067599393 6637.8480531481 6607.4829923127 6559.4849397466 6503.60811924968 6451.19171031433 6403.97299002179 6365.35828035285 6337.68790123845 6322.54215383119 6273.52726823045 6201.14434592169 6144.84211552099 6111.46456488342 6083.50863238359 6054.55003431769 6060.1987165537 6082.40250871568 6082.51869767312
-9999 -9999 -9999 6030.3538005115 6050.43526309285 6032.70796207506 6019.40877231682 6014.58940623147 6028.86755576294 6075.73967706132 6140.55563476037 6150.88242925753 6153.81765601394 6199.55091369299 6253.57054756353 6302.37517434588 6333.55170703781 6351.18367825731 6358.60278011527 6356.4609655619 6348.96566209825 6342.21862280201 6335.08584254176 6329.75411642827 6338.63138365738 6345.77275866266 6350.10375895364 6356.68613098271 6366.63518144215 6380.52798602899 6392.42088486149 6422.89775627941 6452.24383187937 6484.50037172963 6515.19212898113 6540.95275233246 6561.64830118731 6582.03110547611 6577.16650883814 6559.62107321971 6537.93828172235 6496.5523385797 6452.08766935639 6409.78761272675 6366.16482202188 6323.85946538587 6298.75330657712 6273.50466007271 6221.54008697615 6145.38908487101 6083.58955243834 6058.2525327813 6041.1288134138 6008.4879112376 5998.83040806477 6008.25771956747 6013.2113152935
-9999 -9999 -9999 6023.40820259251 5996.42962705636 5954.80856694187 5925.04613210997 5916.54132287472 5933.34670839528 5986.4918380495 6042.23981309729 6067.59431471832 6109.35833134963 6163.03865492719 6221.53744228925 6272.91983522485 6306.27515904899 6323.92176851263 6332.22909271537 6333.98099414667 6330.70060237392 6328.90229674331 6329.7111010051 6332.46118195849 6340.48241160953 6354.29645721625 6363.37298434582 6373.93234310004 6373.80309113964 6379.85298200752 6398.61513434734 6406.73812225023 6433.26683654792 6458.48570519891 6475.03821392968 6491.21203419317 6502.04699609201 6517.81897752115 6510.83495732259 6495.59808303846 6478.49326326496 6443.84615134954 6407.12738652327 6370.22537848224 6329.87758371941 6288.06717474773 6254.47854809877 6211.04553139337 6165.72236824326 6112.39806033683 6061.67147193038 6022.55598417987 5993.22613541416 5961.91814958879 5949.33925041605 5957.75103342388 5975.48185440028
-9999 -9999 -9999 5978.814151751 5961.25160068773 5884.44027196013 5835.28122494148 5820.43091372136 5844.74033505846 5925.06827562592 5986.80242768049 6014.62356788805 6071.97111052766 6137.53214255099 6192.67134460596 6244.08163913922 6279.89522690457 6296.00967812478 6305.30629480194 6312.80712589163 6317.89201394013 6322.7504199787 6332.25799766522 6341.01292326381 6352.85247402049 6367.01099174603 6381.8096531807 6384.92457546995 6380.91816077061 6379.9200245315 6392.85496044516 6411.92139306974 6416.22988244917 6433.08373690566 6438.39313780372 6446.02198718869 6458.99540818792 6457.02335507594 6460.83150788027 6443.68456970552 6419.05467077535 6398.66236502415 6369.01790178852 6335.11006992441 6297.844602749 6268.65004687219 6226.73033713055 6184.4464406636 6141.12527420167 6098.39369354649 6053.74601712722 6011.98326646093 5977.39135484253 5948.88575782171 5934.74101926485 5939.07170507569 5949.10446476609
