taller 3/murcia anomalia maxent/bio8.asc
NCOLS 321 
NROWS 253 
XLLCORNER -2.504166067 
YLLCORNER 36.745833473 
CELLSIZE 0.008333334 
NODATA_value -9999 
[rows 25 to 49 of 253, columns 114 to 170 of 321]
-9999 -9999 -9999 -9999 -9999 -9999 -9999 -9999 -9999 -9999 -9999 -9999 70.6642073642775 70.2182526818025 71.3695327614045 185.811400249328 185.177001715107 184.176654856372 69.898550161329 69.5484659163242 69.4612555868745 69.7271518395601 70.1232717352121 70.8961219988992 71.6011657357798 71.4988509274193 71.6129000480411 71.3225405384487 70.8743076510068 71.6305934702278 72.658674535401 73.4650805321891 163.264666695298 163.854351223464 164.804726582091 165.487395320381 166.179441230649 166.403080259202 166.892322232748 167.09048820809 166.590820744542 167.670647585427 169.355759246576 170.17775580762 170.70709251829 171.116072043943 171.369440599029 171.400396897043 171.193388386637 170.835558017861 170.467531415766 169.833441910878 169.11877265813 78.470292845143 77.3868433188827 76.0587263505801 75.8868789613003
-9999 -9999 -9999 -9999 -9999 -9999 -9999 -9999 -9999 -9999 -9999 -9999 71.7795745472844 71.1101620467533 71.7226535318737 186.318579875102 185.9904927865 185.242237154984 71.8445813085302 71.5176589818742 71.4162902230807 71.5881388492138 71.7630885346834 72.0832331080469 72.4690970238514 72.4125990860913 72.1014027488113 71.7040244637846 71.2848789824347 71.3811689858654 71.983282371427 72.7569295718793 73.3090722869079 163.010840254378 164.089737293103 164.883968436057 165.759665231484 166.439065814949 166.475179293674 164.417318360057 162.60231385914 165.016112460398 168.250117796634 169.708269941462 170.690162953545 171.416457444609 171.651956463935 171.840791740682 171.9828755438 171.650851911174 171.151529059462 170.631194802724 170.324873388106 80.0795934613163 79.3488035096169 78.3697119708403 77.8211583932298
-9999 -9999 -9999 -9999 -9999 -9999 -9999 -9999 -9999 -9999 -9999 -9999 73.1121275843534 72.4489870478156 186.345997749627 186.781671105352 186.594203799921 186.22951372256 73.2250177100747 72.755771481307 72.7235089315291 72.9884334763461 73.0437534294915 73.2502094857731 73.1465843254664 72.6171063269042 71.9627534530689 71.5152143179487 71.0406820886594 70.2901967696665 70.4306805082593 70.9799574200544 71.626454904893 72.6586597198179 162.462988013195 163.835649194294 165.318202461226 165.654967556796 164.718809457684 162.210096520094 161.524237871766 164.431013735351 166.796939895674 167.897360524835 168.957701773811 170.108378970289 170.64518853696 171.022345576456 171.813506927089 172.162382489426 171.877418574192 171.183464873666 170.752894333344 80.6828968919302 80.3333332858188 80.0135639378716 79.8639418411739
-9999 -9999 -9999 -9999 -9999 -9999 -9999 -9999 -9999 -9999 -9999 -9999 74.3498477357126 73.7752681208911 187.238471249633 187.298769168103 186.946160614048 186.71286812084 186.457159761051 74.2885514101249 74.1015899917446 74.0344106580523 73.9110415097833 73.8763377216946 73.4697110933596 72.7595206938632 72.0559717343004 71.3942334035082 70.7286932228947 70.1544867431904 69.5662206883887 69.6049491230025 69.8739053883388 70.3158033673715 71.2157541995539 162.130289008374 164.68626655963 165.148526616365 164.012168846485 162.618615732681 162.413135151124 162.616231379357 163.588668847719 164.086964986464 164.192601374652 165.483879914506 166.659953392009 169.583270364307 172.278082104431 172.840949174606 172.312681146744 171.21323941957 170.504741089151 80.8616685503957 81.0147012753378 81.2230395985034 171.106330130191
-9999 -9999 -9999 -9999 -9999 -9999 -9999 -9999 -9999 -9999 -9999 -9999 75.4936935989242 74.9244273505341 188.151101975398 188.148495468996 187.41758542494 187.315289187727 75.4433830905307 75.3009402673516 75.0662787174668 74.7621526327593 74.4551592197788 73.7825727572172 73.219481275123 72.785138367786 72.2517107215632 71.763218947591 71.1531916543592 70.0341478790946 68.3400359237344 67.6034622077858 67.7423724606543 68.6997930056939 70.8265037635262 162.155423656529 164.252872427935 164.610839211386 163.655304781497 162.083141540055 160.709743087886 159.941053797524 161.532399880416 162.708336993928 163.542062921394 164.714494889099 166.117521206931 170.469358644187 173.315012750304 172.898500059116 171.166367577436 169.840664307414 169.67127115981 170.336019316826 171.11357499433 171.49991127275 171.840660912826
-9999 -9999 -9999 -9999 -9999 -9999 -9999 -9999 -9999 -9999 -9999 -9999 190.08952908544 76.0629598473143 188.711992670387 188.686214692085 188.302326754625 187.763085783051 75.9545845314712 75.5965820469984 75.4658266427964 74.9594820002732 74.3631149083688 73.6176750503341 72.875058393387 72.6301712130098 72.7157308166021 72.2828278172614 71.2319533057395 69.5775241930475 68.0751778033095 67.3554204505133 68.2627762745423 70.2847881623759 72.8151162379704 163.222170092104 163.65076503658 163.301857909733 161.982957482803 160.752561566168 160.783165410181 161.971041213614 164.06437400319 165.68785898202 167.581268898066 168.625257034738 169.827915619282 172.166666112206 172.638041121224 171.156833507645 169.291973539554 168.875752101974 169.780865243631 170.831704853448 171.601782035121 172.03108203222 172.358707082896
-9999 -9999 -9999 -9999 -9999 -9999 -9999 -9999 -9999 -9999 -9999 190.260488959478 190.08952908544 189.65970638846 189.195400440122 189.069037055614 188.691523606435 188.012567576493 76.5218592145543 76.1282599978902 75.5600111682261 74.5923190350496 74.0584298910626 74.063859015494 73.2496880129364 72.9516324944061 73.3461152968366 72.7366799711042 71.5089544239934 69.6715324124883 68.3009928808941 68.180157781126 69.6444777391483 71.9352846572538 73.3599463160917 74.461006487855 162.52941011561 161.257699940612 159.367661852041 159.780920234965 162.177799209633 163.068652740898 164.217153795203 166.049658706081 167.955449254834 168.874240039634 169.921471779195 171.294731805457 170.852758510623 170.157658773338 169.881851439657 170.157264293372 170.998164057109 171.695753352303 172.258262244079 172.680369323929 172.969268989003
-9999 -9999 -9999 -9999 -9999 -9999 -9999 -9999 -9999 -9999 -9999 190.908173633679 190.431448833516 189.912196846156 189.567126124483 189.439703794778 189.00237545931 77.3333210946888 77.2308031562759 76.6344229137801 75.9141283575785 75.4993960426275 74.9695155123601 75.2059953306015 74.9425571410384 74.6418422215096 74.5363184805729 73.727168762988 72.7883630055553 70.8227459361549 69.0669905549106 68.9365814413097 69.8677236332565 70.8076407967624 72.3321453669644 73.8265108513304 73.3071158588592 160.122119463458 159.721422944963 160.883988111948 162.543269348112 161.959666387197 161.802865390844 163.476124128687 165.559247234694 167.377210616554 169.435882213528 171.08319854865 171.20773828886 171.699178873817 172.016336428836 172.099844431124 172.410376468091 172.630485403889 172.983858150868 173.369497770979 173.616314195018
-9999 -9999 -9999 -9999 -9999 -9999 -9999 -9999 -9999 -9999 191.249390541844 190.908173633679 190.346202720402 189.934721953251 189.894123006814 189.786764058537 189.332653797507 78.0327824662556 77.917383910917 77.5316685808079 77.1882712665215 77.0830974532215 76.7746757340123 76.821113255345 76.8109515732857 76.3671413523965 75.1725251319537 74.0851122906557 73.6010402182489 72.5141377346313 71.2791309267754 71.1596517061059 69.9251611790364 70.4354046748615 73.7810656781504 75.0776220757765 74.2669837959933 161.681515093339 162.338542162505 162.574992202629 162.339041371825 161.789092862175 162.016174645613 163.475278824926 165.337508447011 167.801528222584 170.36001030339 171.77972497787 172.445235764118 172.912486811331 172.980217770346 173.098549845384 173.380645118273 173.485727977836 173.689861309952 173.951092631952 174.171506500142
-9999 -9999 -9999 -9999 -9999 -9999 -9999 -9999 -9999 191.891038423604 191.298352486979 191.06527700789 190.665642115514 190.361552844315 190.220130253582 189.891354185647 78.0798785284949 78.1933806405521 78.6518729099328 78.5000803593305 78.430484072341 78.3744019882512 78.1343394685027 78.0015549660267 77.6349586003904 77.0577734727808 75.5775422381149 74.366278889762 74.4201210602702 73.9212116219216 71.7456517039615 71.5528341405719 72.416698866824 74.2322830660117 76.9352536250216 77.1934012462671 75.9219528481542 75.1898382346025 163.182027879908 162.284900228715 162.150105061268 163.091216235121 164.227290895407 165.565196679928 167.020061032406 168.76970338532 170.035387324919 170.812917415162 171.589821074719 172.301111521368 172.905592117546 173.3800773438 173.684076410825 173.843145374054 174.116384960878 174.364251306609 174.541377957127
-9999 -9999 -9999 -9999 -9999 -9999 -9999 -9999 192.562381864735 192.137020681569 191.664188259956 191.330855565793 190.874656388779 190.426249537253 189.910342879846 78.1417425341824 77.6285435055903 77.4828877731303 78.4315697968203 79.1288070496541 79.3650007907908 79.4316384009939 79.1547590577474 78.761211055031 78.2855927474885 77.8698894213999 77.1499363663911 76.1589706226067 75.4275408955648 74.0174878192291 72.6994670825794 74.3657440841499 77.1654210854263 78.5189047083306 78.775116959447 77.7493131193173 75.9299892017454 75.3995173149277 163.934037237456 163.636598428321 163.856738415126 164.743923127953 165.454675695774 166.350494780845 167.468129269939 168.354094158054 168.654008375689 168.850996503606 169.419394057513 171.118094604642 173.098692286886 173.930610145826 174.08385842913 174.270208431127 174.49874985921 174.727987698964 174.81451431867
-9999 -9999 -9999 -9999 -9999 -9999 -9999 193.044641500524 192.600789375918 191.913012938542 191.296970550684 79.3648898249532 190.164258852877 78.4639366669845 77.9917339933632 77.4135281428431 76.472809014859 75.8448214059975 77.4245180728953 79.4166890334595 80.1599510164299 80.1618057937119 79.848305176081 79.1470334020548 78.809414888175 78.8867360608601 77.3385864047953 75.315101133634 74.8958611816323 74.8926026897169 76.6460807284546 78.9518044555196 79.7718071198542 79.9097662923087 79.0788838131974 77.5537768390978 76.0770547477955 76.332364843169 165.636373860332 165.616271989507 165.133984463098 164.287031752984 163.713010433976 164.434759808705 166.205556147346 166.978844514166 167.784884992814 168.719955834217 169.749180853763 172.122015403855 174.04997548021 174.679640490751 174.680016081247 174.756543306655 174.494407166734 173.744086219121 173.702999919295
-9999 -9999 -9999 -9999 -9999 -9999 192.854974588666 192.665307676808 192.133447348767 191.477648751487 79.1819190280821 189.565171384881 77.5249151943991 77.0155072509784 76.5319199990267 76.6842866863801 76.8963149475776 77.0608103366269 78.163902275927 80.0384698278247 80.8638988947209 80.0748410002367 79.4480585719025 79.0421076683131 79.3738569215123 79.9688875079199 77.9966186604274 76.1466005367414 77.1567304699178 78.827573515211 80.0618470652179 80.4913111946346 79.8378291496221 78.97826146766 78.505744072055 78.5555323043694 77.9294795411833 78.1539031537009 78.3212739771104 164.927349355533 162.977021234897 162.671162178874 163.389191066677 164.422095599417 166.531694696721 167.895658099262 169.40180170322 171.001373200192 172.488915271086 174.168150537384 174.894702751352 175.084327411655 174.943064165219 174.689796157414 173.722563229198 172.617907446584 172.82353914771
-9999 -9999 -9999 -9999 -9999 -9999 192.263000814035 191.860693951262 191.032356555993 78.845595267468 77.9386125399826 77.1882618343738 76.300391755134 76.1577672100627 76.3942473694689 77.5802981229378 79.1706466990233 79.9456926886515 80.4999891680567 81.310350404205 80.6990687791662 79.5434581287258 80.232328958519 80.7575472560988 81.0302250492359 80.8109249706987 79.9861399848515 79.7608661904549 80.8706708030946 82.1588664718492 81.8974879529378 81.2187070986175 80.6071871182347 79.8851777545693 79.7377158966958 79.9631717447465 79.4434601389349 77.6430717802005 75.1849625304559 73.3836802926969 161.939880561353 164.738792571115 166.800842323071 168.041368387553 169.339308137913 170.628383129065 171.787095245529 172.781421524244 173.753931530296 174.612441750918 175.07209043177 174.728852602106 173.917499030376 173.583401717561 173.14861481856 172.906341855734 173.170332994265
-9999 -9999 -9999 -9999 -9999 -9999 191.678316204327 191.495938457393 79.228158049439 77.8003174248863 77.5517146750323 77.4674735130632 77.5546958986358 78.0336479334779 78.8348639660884 79.8664907841692 80.797866373791 81.2926551159951 81.7744283371132 82.3363651515101 81.5627787485698 81.4083632475804 82.6681824030027 82.9812892440389 82.7037408030159 82.1083530085181 82.1187414824519 82.3988543892085 82.7867894602494 83.401609696407 82.8495991041299 82.2526085733111 82.1485597348332 81.9721385685011 81.1810880202666 79.5129954781932 77.3021695681769 73.9213466345883 73.4917236911141 75.8327936528173 166.472101375047 168.80687570061 169.550202729387 170.423957826066 171.309414386657 172.056316343755 172.778392614215 173.544920052011 174.204771767663 174.609967275615 174.653386608397 173.907258699029 172.842969704347 172.464732586944 171.976647188347 171.030162584731 170.73549346287
-9999 -9999 -9999 -9999 -9999 -9999 -9999 191.495938457393 79.3114490913035 78.250197829028 77.9900773108722 78.369444089281 78.832594894792 79.4110777139291 79.7222911563368 80.3612818468372 80.929343427126 81.3787665133109 81.8159890568104 82.2781547129029 83.0817136836459 83.6036999094805 83.7964997598807 83.5627459281827 82.9937700066239 83.3049268549624 84.0964332567689 84.4207113747707 84.5367110845594 84.3385657068991 83.6960459051211 82.9121405634558 82.3159948302372 81.4742643449227 79.6589456832596 76.3243058049175 74.6936131848892 74.8283741052958 77.3805892545484 81.1974603585131 170.95092560337 171.064723710199 171.12814835789 171.59925558428 172.166944736429 172.647203897933 173.106676591242 173.655031233007 174.137462007314 174.179695560424 173.821467668193 173.139742392426 172.214900277582 170.430731176683 167.82529715284 167.831977769369 169.867805354239
-9999 -9999 -9999 -9999 -9999 -9999 -9999 79.1760716580869 79.0406942248703 78.7345822837077 78.205800769026 78.0906637089561 78.4242751672594 78.8473359054118 79.2856743992021 79.7729591584798 80.1892236848576 79.4286637048996 78.6513762747773 79.1025368359551 80.7729572372276 82.8667611895125 83.9719125480424 84.2553617519525 84.0232752737681 84.4452626842497 85.1094676530198 85.3030886873572 85.0662750382634 84.4383313622535 83.7294101222635 82.5478716380042 81.3084036717492 79.0040420543002 75.4932443277563 73.8138996496337 75.849787404185 79.2693227505767 81.5780985385779 82.754496627316 172.187006049636 172.609232533769 172.458724614732 172.635376193224 172.747054966768 172.89317362838 172.92552547005 173.175844661277 173.50042481247 173.328282836689 172.786708216135 171.252378032049 168.695022329139 166.172185855998 165.692132747172 168.815318426805 172.332855473531
-9999 -9999 -9999 -9999 -9999 -9999 -9999 -9999 78.7717221114189 78.3598361468588 77.6903134833558 77.4393362045807 77.6181954362667 78.1372708161533 78.521868051316 78.5474245289247 78.5053531598242 77.1368847169841 75.7035079262443 76.335373162346 78.2969993836013 80.882868730363 83.3933166257058 84.974148951621 85.4222328593204 85.4790500419774 85.7818269459509 85.9049401313677 84.5484859523775 83.4045372636143 83.1831647389048 81.7006477878249 77.8653135978214 73.659305359229 72.6168809950647 75.9665477220856 79.8023018980456 81.8762609486663 83.3241241117253 84.0620795789796 173.293616877313 173.565226164606 173.571861020283 173.314145001408 172.965718564602 172.556121208031 172.093884061997 171.981588039518 172.515338218423 171.847775516346 170.381163146206 168.383082541789 164.405976569881 163.995349930965 168.258421636786 171.975052439771 173.704597752756
-9999 -9999 -9999 -9999 -9999 -9999 -9999 -9999 78.0726210899284 77.5749428082506 76.056630352563 75.9722181327687 76.0347064505297 76.2257192180662 76.8317363024966 77.1875046192281 77.4006150243377 77.6080639408906 77.617250609022 78.4461819604967 79.563261137945 80.9076762480348 83.2167823788129 84.928485151203 85.6629729743306 85.9976444655208 86.4525435669155 86.4540628729283 85.1358070226931 84.1225406943908 83.9502058528447 82.0026482390978 78.4747510808485 76.0187691728134 76.6993770507268 80.2397968604824 82.6592102274204 83.3862769536 84.2246554699077 84.8309473005763 174.032305305896 174.202862840528 174.00123274124 173.208223564158 172.34814179569 171.650508901121 171.261030666057 171.629191492822 172.466904184926 171.246402697589 169.450705587833 166.43233601063 162.977590911297 164.327068711034 169.555810248619 173.602326014553 173.899127838425
-9999 -9999 -9999 -9999 -9999 -9999 -9999 -9999 79.5870115203831 78.5702993716068 77.1952443322317 77.0194155603983 76.9425637117422 77.0525527350876 77.458811174015 77.6071185919512 78.6565270967076 79.9178091192264 80.5949091584069 81.2345384166669 82.1748378101634 82.8445489304012 83.201174320613 84.5280536744867 86.0813403401861 86.983236114746 87.1234246743804 87.0966049631568 87.1116631668755 86.6702454518571 86.2211196534094 84.6939066082376 84.237265983719 83.9568111682751 82.8541997609739 83.3572196221515 83.5897232835616 83.3569064364007 83.6844174389405 84.3264112936201 173.983451482391 173.408349515706 171.291081217347 170.635703568485 171.377859938781 171.755090900367 171.895486780108 172.54438468626 173.000414191373 172.169431713595 170.785842725 168.026694739516 164.785840795623 165.895570030611 171.040978891317 173.69329450802 173.03994300041
-9999 -9999 -9999 -9999 -9999 -9999 -9999 -9999 190.549215550279 190.308337686044 79.6957324123204 79.1230096776862 79.2231000636727 79.4774388898092 79.3902533320063 79.4033045805533 80.4166228404425 81.4897946479486 81.9032813763263 82.2408561671424 83.5547088419274 84.6904215184207 84.6500860374676 85.4169004918057 86.9357960177706 88.0802392663367 88.291847290405 88.429708739645 88.794481500471 88.6201322478841 88.5376713770733 87.9421628006337 87.6744218070777 87.0976008764516 86.3091717780342 85.9256366243171 84.8183350226468 83.2826443000923 83.072543635298 84.3906533132723 173.924574350683 171.477791262869 168.721172182783 170.066637119304 172.373653303959 173.071594255551 173.174254758825 173.103059051078 173.062729192351 172.727925285886 171.033955932739 168.624300041843 166.699236487885 168.43367487616 171.862720772384 172.411174124889 172.105190577524
-9999 -9999 -9999 -9999 -9999 -9999 -9999 -9999 190.53550906345 190.790093414514 80.3796947786186 79.7928941832014 80.4475745122863 80.8574558156469 80.538721669042 80.4077906596163 79.7268973264829 79.5945568382868 79.9594292830479 80.8877303763786 82.6558291331128 84.8517022649718 86.5329661828642 87.1860004704318 88.0561198894746 89.0594934402526 89.999998901517 89.8449006007047 89.9457306654955 89.957280623872 89.9542758481438 89.6643698238517 89.3805502236374 89.0403771015518 88.4183179419131 88.046699937434 87.1508795264662 85.1589179096029 84.9165225258316 196.28002923488 196.869951921599 172.608442279562 171.440021078791 173.225641045724 199.327632688523 173.771146112963 173.558568381033 173.161468157746 172.62608011146 171.90169801103 169.549564436743 166.86414677928 165.771688197682 166.375331020677 168.353634888132 170.190257004592 170.970985547467
-9999 -9999 -9999 -9999 -9999 -9999 -9999 -9999 81.0722775884321 81.0742486954609 80.5524076199117 80.581665951583 81.6462464369348 81.7572882848036 80.9441136297648 80.2478119100211 77.8899152162996 75.1585699266615 74.4110235156592 76.6543094645309 78.7940138525011 81.2999596119622 85.4850382787817 87.9344895047893 88.7755163759367 89.3716233841402 89.3333328933454 90.0852569743233 90.3850378454155 90.4716568695084 90.4313375676346 90.321500388317 90.1625118337245 89.9741545100164 89.486030132019 89.2520967355239 88.7359291638423 87.6947472521922 87.4066193657948 197.427265913162 197.951220542783 197.706629834439 197.901623937128 198.483786037094 198.429168416446 197.796203609798 196.484959623446 195.321207949846 169.989424950849 168.131082067976 164.520395020749 161.679102016559 160.58170883205 162.009279114793 165.417646598897 168.441939132655 169.914587474029
-9999 -9999 -9999 -9999 -9999 -9999 -9999 -9999 80.4619499369041 81.0703064814033 80.6944016877211 81.5636541315426 190.451642717839 80.2904014888296 79.1471678668342 77.3134119334588 75.0266475608597 74.5621994661102 75.3628695299582 77.3460667751007 78.5926351757095 80.5384280214818 83.9452282945295 86.4155140127119 88.2850751515574 89.7063187592842 90.2562646673203 90.1703704816623 89.8858088305931 89.9791805015972 90.0176207331591 89.8959277476213 89.7683511362576 89.8052223849606 89.7594369503161 89.6234179082498 88.5029006283904 87.1185837320248 87.1085512838419 197.101812803752 197.59524961178 197.782109962595 197.413415891955 196.4955302324 194.628105854539 107.139419700105 104.048403868014 103.661992223119 105.850263956685 105.998790349332 104.851420185371 159.462159464744 158.728766165314 160.992375516802 164.794462401626 167.559939771707 169.222670693547
-9999 -9999 -9999 -9999 -9999 -9999 -9999 -9999 81.3244340898017 79.8535933924049 81.2338569857689 83.2978907373363 191.270214361294 80.7038006600648 78.9607135992429 76.5941554066687 75.131444441219 78.3571370162191 81.5987728917655 82.5915919075713 82.8268434516506 84.1459697010143 85.6085996050526 87.1398453139331 89.6851348000148 90.6330052703078 90.090444650368 87.9252100943024 87.5596640893282 88.2264967399947 88.0628687436052 88.4637016218588 88.7545331486354 88.8905727758131 89.1586190727558 89.4084146589661 88.454588578855 86.126451982537 84.26263634189 116.493592285583 195.437195860436 196.502260980029 194.872263606297 108.631175540762 103.385048808826 98.2105557539204 94.1666667471448 94.3081445724972 97.18614975023 99.826158665098 103.159986195675 161.092053679342 161.555456203719 163.046623078043 165.557556964605 167.610485187538 168.96427570664
