taller 3/murcia anomalia maxent/bio8.asc
NCOLS 321 
NROWS 253 
XLLCORNER -2.504166067 
YLLCORNER 36.745833473 
CELLSIZE 0.008333334 
NODATA_value -9999 
[rows 125 to 149 of 253, columns 57 to 113 of 321]
-9999 -9999 -9999 152.781653141534 154.576382622315 157.021083473332 157.858412431414 157.924749427586 154.844605609418 149.07704922007 153.007819749958 163.120997280874 168.614936168737 183.996603574635 186.796687504998 188.248660812229 189.279895580245 190.761260593848 100.336607245709 99.9807609525893 98.6867128416088 97.5197248044283 96.5950847982729 96.1579798080964 95.050926575553 93.9023279488426 94.0902447021773 94.4689315059277 96.1338986748518 98.2303683603758 98.7423128729474 98.3431961855297 97.8517597121626 97.9072387858846 98.4836014168503 99.3054548166514 99.8170003001829 100.739417124117 101.924293462454 102.76361266158 103.082668636889 102.510071727858 102.054275500308 102.085303008519 101.989093202055 101.830795008734 102.149808775839 102.62165098953 98.3112303668421 98.1990740725173 98.8618292924886 99.9514267325944 100.498362983576 100.649854663259 100.671097459496 99.8302963836129 100.522768742397
-9999 -9999 154.264894801895 155.748136462256 157.000816400787 156.570230204355 153.906645824062 152.833334521794 153.066023461163 151.34534515827 156.374655903443 165.291955918208 169.570551898777 184.555317810595 187.142232186409 188.853499980354 189.883235057159 191.066889462439 190.847215618214 99.0034003483542 98.4045571670285 97.4652480444734 96.8996878211042 95.3677340392842 94.2171720065361 94.0136371735697 94.3249087610431 95.2741508878973 96.3849241171015 97.8613077899109 99.065202092821 99.0687007500554 98.6658031520861 98.3569090152187 98.4301911573652 99.4604206568606 101.068465377033 102.579015685856 103.718816960025 104.120262806042 103.892279682481 103.449795028337 102.994860564908 102.954944398611 102.53921468904 102.398428474698 102.746349950782 103.303488794066 98.9667480542725 98.8305760628881 99.6718890721389 100.970090851492 101.444507854483 101.614700943492 101.510896973959 100.76802157374 101.925801771441
-9999 -9999 158.319580127175 159.32456058784 157.827335896987 154.415142205195 147.871296113559 145.97611565549 151.641581524737 157.172784785864 162.863594182878 168.323067143585 182.805613468174 185.454469218384 187.585842657255 189.230993327348 190.695556602521 190.816982211156 189.161550329063 96.7814294404298 96.9201685978033 97.1030681706265 96.3743319579053 94.3789938876805 93.8440300428665 93.7719950745103 94.2325743950632 96.2886728932991 97.2145410205282 97.8098135234306 98.8397608091105 99.5914928288474 99.9592204192968 99.8167900249031 100.008246222149 101.086383061438 102.506694448822 103.768224388722 104.497099077735 105.035280944641 104.853143162823 104.72422109125 104.745643085295 103.745299772733 103.321929992513 103.20498841792 103.222326436283 103.482427876989 104.020244519212 100.152922326774 100.885791053221 101.751908697812 101.914305967921 102.844156243639 103.806721157645 104.280954671056 105.618914398659
-9999 -9999 77.7843379743208 157.314599666506 155.469968894166 150.078951277802 142.209449654486 140.845224510526 147.64510773417 157.182555793496 165.735063310184 181.049026097716 183.231808067942 186.309390112615 188.375876480969 189.906575194145 191.398269364052 190.902811479116 188.125658541701 94.2253238502119 94.2894402062188 95.8216569205216 96.1206609674603 95.5755761768242 95.5298906471448 94.538318600251 94.4956305332955 96.7709918572847 97.9344301174397 98.3675234789878 99.0238512984244 99.8240236038043 100.931006418299 101.439772913214 101.431610911746 101.982989266641 103.266065321946 104.301531891636 105.060553294941 105.47094155948 105.490478644445 105.635623964522 105.152002220426 104.750775249986 104.321847403394 104.064467833141 103.694971205286 103.649470352318 104.578947804798 101.186496328958 101.932929236747 102.477642516556 102.676641228977 104.050414988953 105.260822686391 106.144919960339 108.894271115529
-9999 -9999 77.7843379743208 154.181097163363 153.625503010736 148.987466491882 140.553576811492 137.358005751829 144.680284149993 156.232982787978 165.674082923434 181.152186510083 183.811820321837 186.819472813181 188.709448790339 190.424245350487 191.913016025046 191.870113696092 190.013409790771 188.524153417306 95.7731081127637 95.59538539302 189.848724928512 190.385968090484 190.31404942786 95.5665226503246 95.8263311693934 97.163889377522 98.1837964269423 99.0759651347034 99.0550352557151 99.215112443774 100.636209762054 102.108236075472 102.423844982321 102.527357643909 103.731043339827 104.726623555245 105.395543073503 105.888890877255 106.008851348563 105.820407699481 105.517994226362 105.106791418036 104.570308437785 104.031919318181 103.383496310221 102.942506347742 103.070024144385 104.069383911633 101.380308798477 102.716137933784 102.925436082814 104.236249410413 105.812813145068 107.029908302372 109.42953851321
-9999 -9999 74.967123960008 75.9611048449474 75.5525064257946 150.269911349423 145.924170716374 142.842252473286 150.085838687459 161.043169115188 180.186513974315 183.270013321342 185.514036781763 187.375629866548 188.800257644978 190.475656089507 191.732841235952 191.825744613258 191.803693764195 192.411156491331 191.788528482393 190.349837006152 190.679956038877 191.197626794478 190.987320014273 191.423046394182 192.333464789132 192.944812568727 98.7375808167854 98.8194486829639 98.3373891307686 99.2945464313466 101.102142902761 102.847879751277 103.63112677844 103.911774487824 104.294504702419 105.028376495052 105.619311470206 105.949606666577 105.851233145563 105.802886212309 105.261846750988 104.641485778814 104.129271169238 102.982083946177 101.641038848494 100.17054766777 98.5730434477754 99.0846313804585 101.312501872231 103.661192493914 102.378219810415 105.88232174816 107.85108494545 109.472717244207 110.295060057487
-9999 -9999 75.1949995356989 73.9731430750686 74.2693097892971 153.152150019981 154.554027775302 156.184299570919 161.719122358956 167.937460294335 183.292733827665 185.290688782408 186.721349745618 188.069394783765 189.349200244254 190.271717298098 191.146495437618 191.518617844446 192.028213240737 192.964898139576 193.170853774438 192.987543585729 192.753810433691 192.389890959547 191.809593223871 191.733027852395 192.829540413514 193.552764203409 97.8630098149511 97.2006600093673 97.9081725109587 99.5168058514516 101.629627097954 103.491041350218 104.347904808949 104.173406226678 104.234771007936 104.96746512229 105.990157500563 106.055086394551 106.153473958139 105.72334398748 104.80359059689 103.876056600725 102.898108091232 100.831418854004 98.178085189943 95.8918793674231 93.5420067198534 92.2499489102854 93.8888331409585 97.6182200211921 105.007259170098 106.524246864927 107.079058998429 108.124667770946 110.290364322018
-9999 -9999 76.032499897057 76.4168559963308 76.8733225664661 154.517917983649 159.319756733551 165.203989688709 180.475331614969 183.479299865406 185.560745223879 186.981466794438 187.914156298076 188.930026584616 189.774802840461 190.424264543939 191.076431019424 191.583805842278 192.137538942051 192.707938661676 193.524833036625 194.207103450258 193.960866774328 193.380995243488 192.389422291304 192.164418980599 193.079644426332 193.725111633098 97.3630690710644 96.5462244989118 97.8670369379647 99.0559587771051 100.370403638075 102.821564620082 104.501663289387 104.675449501395 104.396228975821 104.902085263298 105.795015447148 106.691504829298 106.56358856028 105.88040787437 104.768050515785 103.29665416775 100.44305025527 96.7186487170898 93.8827766047353 91.2993203539161 89.3712723007495 87.7349303932234 91.3003393606513 97.9110661454177 103.878391379333 109.117124820042 110.40437220292 111.637029293363 110.4902794026
-9999 -9999 -9999 75.6481437977831 72.2170447402579 152.357623877706 160.468463271043 167.36335064431 183.169070036623 186.658988398938 188.044680672309 188.830068960752 189.418126165938 189.991304944106 190.52096799339 191.250915302975 191.447082183132 191.479039778549 191.359093649134 191.854930932696 192.906994224141 193.562054834348 193.939744150445 193.708231257895 193.013151016504 193.068412408229 193.627335595356 193.846122188545 97.7754292533893 97.4481133723214 98.4972649063074 99.2838701246426 99.0667397531349 100.521983257566 104.221202374658 105.51111143744 105.767029682981 105.555358915961 106.209767837278 106.900413476175 106.512673779074 105.551277863719 104.394051700702 102.902754150143 99.2949909320477 93.9164815108552 90.6266346522571 90.9167127216396 91.8719833560841 92.8102140819666 98.4800843658478 104.050481259916 105.734862748869 108.626968613617 107.514372598384 109.878954069034 111.983952836006
-9999 -9999 -9999 73.9870695680068 71.6061363199113 157.169239256314 165.165895339625 170.828010506337 186.112093884403 189.016759228384 190.168358225305 190.780152461594 191.226258473486 191.401729078395 191.616552068708 192.284372242517 192.582865521027 192.619978646205 192.334472507874 192.726332402807 193.337718376727 193.508564113992 193.336941872604 192.70666825285 192.740058935655 193.333332998125 193.978461460708 193.722373111073 97.903298340107 98.6327288603271 99.9766717684179 100.999772047277 100.456753419392 100.406890418651 102.559678260172 105.044475947524 106.512779738629 107.123257468059 107.087415118584 106.852824196239 106.573082129171 106.117841573609 105.033475047879 102.992902048721 99.9695396350791 95.470193784736 93.2169646104503 95.1611918980054 98.294233096037 102.38956533268 106.358011138363 108.644698157898 109.477029026937 110.259493473565 108.888936095386 112.192354445686 113.5456294785
-9999 -9999 -9999 74.4104198677886 156.513579223784 163.97948818862 170.120985107172 210.592599217654 213.769030231993 190.605322979683 191.869249997931 192.514460423289 192.915573446502 192.905367762747 192.953688610001 193.204772663036 193.13407633074 193.20212716958 193.331192190742 193.36081159237 193.08762534002 192.779055409597 192.429704930865 192.29469897415 192.816722688173 193.503603151741 194.305293948312 194.228642173419 98.9061128557082 99.8514661411589 101.639072153554 102.887219029285 102.99118829148 102.864804951017 103.665730858591 105.81631920636 107.429392128712 107.71357168904 107.251993730244 107.223911869019 107.396598617847 107.016724786795 105.829708637621 102.892809740473 99.1178643762128 97.2962101772848 99.1892566571532 101.203208875836 103.73215059112 107.867815228446 105.314234438534 106.495742938944 107.662504205777 108.4563984603 110.374640145431 112.180091670036 113.037074575005
-9999 -9999 -9999 74.4165145830139 159.85345211721 166.481869640335 208.887994592491 213.788924585143 216.161356629102 193.05101610948 193.987896960031 194.200305677883 194.39641873522 194.495629459222 194.000578374344 192.729363095192 191.828398596394 192.094907455165 192.493514008646 192.308001484563 191.759527103919 191.590651224504 191.624839527539 192.103282528278 193.016221960588 193.571400624326 194.424125696851 195.293056232431 195.106411736704 101.510953384089 103.339915239749 104.466186870438 104.68933763694 105.257128130504 106.4716698228 107.780227583495 108.352518537988 108.142149090078 107.815900999538 108.18178875371 107.854907075444 106.393952109457 105.174578816303 103.044569699107 100.876842089664 101.976414903772 104.920332638416 107.851334850286 105.500804784764 106.905655030534 107.598311239468 108.298570617041 109.26957348636 110.061197242869 110.806253344866 111.25145719415 111.932942317013
-9999 -9999 199.438262531802 200.849050380001 204.141879133608 208.173765719432 211.932113980207 216.201620367065 193.333333612324 194.741907643753 195.522361261276 195.256983238918 194.411297998476 193.814391467369 193.154604511851 191.864339991864 191.164213899262 191.621604284585 191.730005943465 191.082773934248 190.794903813544 191.224322021661 191.383263915125 191.480692211675 191.964944367352 192.867513712693 193.708993244407 194.809101793876 102.130267810175 103.688470853255 105.179582684914 105.827137436798 106.30959331701 106.959103042487 107.900819131835 108.492318958737 108.565565583466 108.582619412009 109.122402776605 108.916892225685 107.657475633407 105.583588202619 104.656259898059 105.562236449346 107.063708676112 108.696846914479 106.100004193605 107.643327870955 108.631118674582 109.135533316928 109.415332556235 109.943504679628 110.422711274023 110.495872350647 110.438866434132 110.611951867702 111.086462734909
-9999 208.650108786567 206.55311998985 207.721600364142 185.345496939143 188.508226800324 190.269581187631 192.894393083002 194.807663240837 195.525492845091 195.587563815117 194.633553760394 192.933708706033 191.78741781944 191.85029141204 191.53425386214 190.397796744997 189.8663223165 189.91439635716 189.57504380428 189.904594224398 97.2667558478795 97.3427905608094 97.0065830609142 96.3418071464552 97.2124946701023 98.5995506641437 100.308117463442 102.173512674711 104.116414036936 106.093449622228 107.138543117086 107.910319427095 108.485235730101 108.902094007937 108.561383649989 108.517869640964 109.197106794015 109.706952828142 109.080707737198 107.48295753949 106.546434384602 107.099507803187 109.178036651734 111.147904645649 107.90771894046 108.584819632592 109.454457241063 110.170971021612 110.60672984855 110.664052002624 110.79703499142 110.563760078927 110.381869535365 110.281905187688 110.314623116493 110.822494873801
-9999 211.841394368432 185.236062526175 186.686709997924 188.092527348033 190.087996020824 192.671847390618 194.0882527324 194.363645013954 194.302412465367 193.750965566489 192.89532870226 191.892747356273 190.843035749663 190.618175041248 190.004665799948 187.963623425249 95.0731118989335 94.8816453107842 95.5171560999791 96.2968638468707 96.6686420111379 96.986989753542 96.786748957359 96.1627993695511 96.7696742139618 97.9504005657732 99.3597458391749 100.140119639891 100.780453694674 104.139973294354 107.284364995822 108.089378945609 109.039996657869 109.676814473805 109.041897358806 109.010108615085 109.650346120483 109.859653226343 109.362518035558 108.48019904786 108.397905887288 109.725439425664 111.128957756973 108.331901578363 109.084284793248 109.480391551628 110.163775694516 110.720385043784 110.982348211269 111.045580292626 110.942302461968 110.688639552742 110.49546312644 110.455939876895 110.465707182756 115.746323102969
-9999 186.377854506501 187.519646486827 187.973624820037 189.412171689063 191.334481282281 192.446633285299 192.429628808232 191.506016934198 191.310655486988 190.993389601791 190.364632598568 189.749489944315 188.996268886097 188.284723070971 186.936288512052 94.3269805021876 92.6739252721393 93.6192223870197 94.9389940893311 95.243672802001 95.2288969848316 95.6096046240943 95.6278790247678 95.2565325021095 95.6576913849427 96.3596218317445 97.7944516995229 99.2470264903272 99.9212115130063 101.957022655615 104.555499263943 105.150369452199 105.82245018294 106.765999781356 107.206508409661 108.63776600964 109.905031506207 109.905668882472 109.665522287195 109.552451577548 109.518483811652 110.203986670713 111.307624254353 108.352731580011 109.090899742226 109.477021109715 110.078759993607 110.56974885984 110.829484453555 111.017240487353 111.041780626415 110.895067766365 110.77977513058 110.791321087434 110.745998625732 110.804584549178
-9999 188.187622612184 188.855598737541 189.097743011201 189.863094210493 190.677529942247 190.125934803357 189.833002589787 214.2842464226 213.225652329991 213.093741679718 213.128252356118 212.431617362103 187.219525669278 176.689988103482 93.2830964476184 91.4176021705702 90.6154397807411 92.5309732551816 93.5639056522323 92.5830198103591 92.2945819819142 93.0865307842784 93.1798784374726 92.9691551810098 92.8023531364087 93.6260753501696 96.5405522407796 98.8782175311406 100.515394068615 100.709558042032 100.854190590948 100.449645886971 98.2449095088459 98.1805872809958 101.520387141795 104.948679108706 107.129273545547 108.691206956277 109.397097144521 109.424567424747 109.730456823188 110.196284780301 110.942325812818 108.19676665056 109.007288792095 109.70772805323 110.179255920723 110.491909025967 110.818378963899 111.073440700753 111.204720148206 111.227502070831 111.210889372811 110.960072836208 110.417767206302 110.366397596953
-9999 -9999 188.855598737541 188.850527353936 188.480756163341 187.82211366839 212.19946914194 212.255308010495 212.026203559261 175.997286063053 175.760301192481 176.591122991334 176.265535705939 176.618507745212 175.890684249213 92.1706820241502 90.0802851764974 89.2970541118565 90.1103120529129 90.4347047324079 89.6567262957263 90.0477514972061 90.9465538292901 90.3511085389287 90.5382812815726 91.489781124241 93.4102158272667 95.1510764517114 96.013996233881 98.4020283012327 99.2252385770381 98.8159188067548 96.5378049938266 92.9233477493949 94.8198958024377 100.353676424801 103.302165059208 105.5997791308 108.371602024346 109.342626975967 109.242217843464 109.427805214379 109.856758122777 110.542230971458 111.524962032733 108.848084228897 109.614298843652 110.265730606375 110.826707977566 111.129896284938 111.291015898184 111.45412480294 111.449643936951 111.37267078613 110.683282511217 109.43203647092 109.206520570961
-9999 -9999 -9999 211.721239624029 211.070552866747 209.716098789864 173.402984429799 173.445559887397 174.090725200118 173.786513281451 173.158929631943 172.923735895059 173.10920191903 94.3133935302675 94.8712943393216 92.8782399218044 91.1020335763273 90.8155811602794 90.7132242454852 90.2291508126592 89.8990773520181 90.4574231695418 90.9143229228219 89.9610890051594 90.0185669188415 92.5683932466551 95.092748025679 95.2234960345239 95.5661205311035 98.512069479672 100.586377221695 100.852869217644 99.1333685747781 96.9928616461548 99.2468677924908 103.725688969817 106.281578878867 108.166124231554 109.546630100683 109.637421983228 109.336087270882 109.386729714872 109.730322842477 110.445429916029 111.397598120994 108.665324979041 109.489066287379 110.265006083632 110.913623795152 111.217283049805 111.521936196121 111.40612525025 111.398894733519 110.460437312354 109.091275754485 108.49552853586 107.919839146772
-9999 -9999 -9999 -9999 171.756525699343 169.751247481884 169.54811301989 170.321711330636 171.244059112606 171.232469490969 170.875686788152 90.151407337687 90.1367805715287 92.3235236135535 93.9828503602215 93.5672250489574 93.5136957113718 93.7227548108601 93.5304782114627 93.3206003681459 93.2300852115375 93.3817676520071 93.5418592905261 93.0437936065027 93.0205968419693 94.2132829344733 95.5419182178592 97.1356079863196 98.6878772695756 100.638426238718 102.957816475769 104.582318419848 104.663318313683 103.583904313934 104.734643226175 107.626575143498 109.506296312417 110.202387056535 106.765723187649 106.56580544216 109.686097609311 109.666667029884 109.973653389519 110.695368356547 111.6492677021 108.921845388098 109.752718212943 110.51808573579 111.166376116323 111.385410307728 111.462500677161 111.335094667105 111.117229175124 109.145674617945 107.220362557732 106.438512618894 110.616699491375
-9999 -9999 -9999 -9999 -9999 86.5333764302834 87.2454297012662 89.1845467138039 170.39322293539 90.3724654834656 90.3080835543786 90.7573566361607 90.4813989340582 91.0397384729916 92.8090362284362 93.9280573344553 94.9642860711701 95.6661210500541 95.9172648334621 96.483069971329 96.7480225910053 96.4324942216718 96.6082716222524 96.9491847426816 96.1610044616115 95.4934628027594 97.3540866020602 99.9896473238623 101.779957692295 102.72299207448 104.013445476351 105.676603094982 106.821136066261 107.570529258776 109.41672139512 111.15901396005 111.589485311547 111.53116075127 107.511141177037 107.040578883618 110.228918649468 110.257281728869 110.592116924354 111.212131609335 112.008036066166 109.231344896859 110.047474072841 110.749269391457 111.163907552648 111.397669726757 111.299980225826 111.056681756182 110.453344544725 108.433143828784 106.213064753154 105.228209068951 104.949569552733
-9999 -9999 -9999 -9999 -9999 88.3761526236181 87.4503707167267 89.2031955777204 91.0920251833118 91.5725406385731 91.6430536776222 91.9849628360278 92.0125834395632 91.5572493913901 91.9668172151503 93.4438429189134 94.4461646702638 95.9134213547461 97.5115277055669 98.5342953006989 99.0653207122571 98.5745499328655 98.6781546708941 99.6022706178393 99.18075262517 99.0048290168313 101.283984482919 103.417238178747 104.305312216599 104.967046468183 105.812205364596 107.482073328369 109.509927996574 111.335562514155 112.265663443856 112.48094451384 112.623046953956 108.779375633485 108.247178564302 107.802261829516 111.030118980005 111.095925827037 111.454321411712 111.976603483448 112.601079254279 113.408359746908 110.364081986867 111.025211946483 111.336368254526 111.385736466864 111.203004340667 110.909508030253 110.284194780892 108.949260854436 107.444157079993 107.070012106776 107.06065484916
-9999 -9999 -9999 -9999 -9999 -9999 89.3019345305112 89.9967197528585 91.1522861477774 92.0831206425392 92.7517107339344 93.5518840021799 93.671751490615 93.2731333941576 93.4630681056416 94.1974203969019 94.8755040785321 96.1422851362196 98.4066969119072 100.32475670542 101.333416457969 101.653275077961 101.610229964627 102.559024460969 103.661022999921 104.330586844687 105.451557445723 106.554590966527 107.127590179483 107.516558819189 108.734124818752 111.048179462084 112.825125373462 113.91180997207 113.997216492572 113.807601940204 113.581900043272 113.275232332574 109.064060354978 112.324297112132 112.07592690059 112.07056660999 112.334061062552 112.786038375143 113.334216092473 113.995079768319 110.751521575369 111.185646003913 111.423018332009 111.284645648463 110.941354649197 110.605969745513 109.948151224786 109.368287055353 108.797836190643 107.884174926829 106.728388199441
-9999 -9999 -9999 -9999 -9999 -9999 91.5286858249179 90.9076525430821 91.5933659522306 92.4189723186177 93.3121523869385 94.4752173451756 95.050561352882 95.5549138837783 96.2487172759008 96.7254479261036 97.0400475350272 97.772552131025 99.5774604745226 101.193541260293 102.49949943015 104.115621405987 105.046149313786 105.879038828685 107.094617061616 107.987059379638 109.02380703692 109.471896201325 109.807649188742 110.847789414428 112.167192021834 113.718870663089 114.72012661087 115.267599778726 115.145288200179 114.837934384611 114.555695027638 114.137296903315 113.638998592996 113.318402410316 113.172458039957 113.125552222182 113.24352842277 113.597888316946 114.05404035629 114.597763115185 115.134512107886 111.242020870373 111.108576887136 110.663804720468 110.10059676204 109.724025436229 108.917082519129 108.190379518863 107.591425770247 106.400515975409 104.318621461915
-9999 -9999 -9999 -9999 -9999 -9999 -9999 92.1497191067545 92.4635476142023 92.9700008713719 93.9923997159882 94.997302684527 96.1094615753715 97.1380287844519 98.0636384160562 98.6834628858226 99.0598811387732 100.01545516889 100.984593881819 101.66017030007 103.039690793594 105.04326153284 107.228845783292 108.508701757343 109.683836163393 111.169509907463 112.326251002714 112.831950194533 113.548239763862 114.997639965704 115.770544035449 116.134837618454 116.206444018771 116.071555029131 115.749096232694 115.39799167508 115.155200972233 114.822727661376 114.478032692704 114.229834661457 114.090537310576 114.065583269174 114.11197730003 114.376066100514 114.728951938812 115.084231665578 111.150198690681 111.125928732074 110.729878365962 109.891080280671 108.944466128315 108.58038813252 107.511366689821 105.989614331422 105.307419994595 103.693338886088 100.343996090439
