taller 3/murcia anomalia maxent/bio8.asc
NCOLS 321 
NROWS 253 
XLLCORNER -2.504166067 
YLLCORNER 36.745833473 
CELLSIZE 0.008333334 
NODATA_value -9999 
[rows 50 to 74 of 253, columns 114 to 170 of 321]
-9999 -9999 -9999 -9999 -9999 -9999 -9999 -9999 193.543290678328 82.7952747871989 192.678075194364 193.871623726356 193.55532807287 192.598782476444 84.1598638458871 82.7066967827109 82.2392496851324 83.8178348128341 85.7817268964777 87.1048128715532 87.257144948258 88.2686474559885 89.7853699955316 91.0236555570155 91.6341511986471 90.7968109767578 87.5417624706249 83.6118231265677 84.5806134537218 85.2744287907515 85.0749150791926 86.9005470532956 87.7130703458057 87.9984371812901 88.20534023395 88.3482136759597 89.0439802699455 88.1925509671555 83.7741746854515 113.980741108029 115.661264857145 195.455087111134 194.108381566351 107.789299487613 101.526712707614 95.0337189552088 89.4954153974582 88.7009098060741 91.8759213649284 96.1664409345123 101.362684227337 160.128586621854 161.837383549254 164.599343877534 166.44109964752 167.919045992365 168.994723064558
-9999 -9999 -9999 -9999 -9999 -9999 -9999 -9999 196.11675413129 195.960268756897 195.99556253738 195.976267573627 196.055957378956 195.34833427581 195.498828764978 195.284744471796 195.550225985725 89.131002720613 89.5265012256576 90.8622502119259 91.4485226076776 92.0640378015579 92.4446775761008 92.3169118381797 91.1280722101906 88.7850689028953 83.908865374866 79.3414070048217 78.7653872678583 78.231207161952 80.4828483572946 85.207280047392 86.6583679584815 86.6485913816777 85.0677146049025 84.853321742567 87.6236526400053 89.7110998976285 88.1325359478233 86.0286527807779 195.975686973595 196.265807787102 195.076848070705 111.011831381348 104.876229807325 97.0221627634223 92.9991804945177 91.911228339877 93.2837853404601 98.1834160707532 102.193661116163 159.550137363589 161.665812189096 164.830485301092 166.823888072013 168.339368314704 -9999
-9999 -9999 -9999 -9999 -9999 -9999 -9999 -9999 -9999 197.225992787272 196.87949938392 196.949508928123 197.190882625659 197.084667153422 197.435443982592 197.948754059295 198.115419681586 198.050166782849 198.239190699202 198.47047359317 93.5001962399218 93.5265013299934 92.7700272752861 91.8536094879618 90.1589212242622 87.2629824318715 82.4937838367027 77.7585406512485 76.2296559602611 76.7715597776458 79.8887025559959 84.2216759243915 85.0984646787412 83.5489687211881 80.8418662304303 82.4769727719453 87.232436296547 90.5324234382812 199.347183655886 199.364230025293 198.989207839805 198.015438607682 196.042768217709 193.834447856653 109.989926556226 104.504566944639 102.625134490185 101.56361696764 100.994489663213 104.737666373543 163.054443275217 163.794761180438 165.611623834484 167.747397468164 168.868083385144 169.617884985756 -9999
-9999 -9999 -9999 -9999 -9999 -9999 -9999 -9999 -9999 197.225992787272 197.245467986596 197.460795070403 197.817128942959 198.415717842518 199.132195799324 199.397611524016 199.494427717184 199.782840898802 199.925607619192 199.649442442487 198.975236830659 93.7231827620136 92.8999301110047 91.2231808723299 89.3320532798616 87.6890966139838 85.3040495444581 82.4882242822906 80.5953186416289 80.7524579940335 82.7331899828249 84.0423282336018 82.7425025998395 79.5469582405521 77.7993280869792 83.2634544663284 90.1612608793192 198.780570642631 200.403759869986 200.358093376153 199.96508398702 198.79310471629 197.274044428504 195.907359508899 172.259980875053 112.817599174677 111.633036296031 167.450934692875 167.03585484158 168.534145001349 169.470100048357 169.712072675181 170.519195196721 170.856540620092 171.082255045738 171.200089440985 -9999
-9999 -9999 -9999 -9999 -9999 -9999 -9999 -9999 -9999 197.221244292713 196.644521563107 197.424497912885 198.402500836245 198.339493034758 199.263724657717 200.201902096307 200.502762067678 200.593618650995 200.288361447767 199.697514082669 199.054605374395 198.332321948376 92.9711389744301 91.4252162930645 90.0570661091393 89.3794922745024 88.9607967905262 88.0967129084487 85.6494546115019 83.5729874256741 83.7867233729572 83.5932401244314 81.8717845343053 79.6910575910464 78.5896710162667 84.6629605185977 92.6599198160522 200.404525610022 201.021432478691 200.861870976591 200.274956034715 198.939870906534 197.695452974995 196.046863822011 194.558934979982 172.946904308634 172.756665488952 172.705428964471 172.324968543751 172.374028015793 172.319521279297 172.55276121768 172.965193824441 172.982950255937 172.515729132661 172.197371201199 -9999
-9999 -9999 -9999 -9999 -9999 -9999 -9999 -9999 196.34366091201 195.466077531308 194.523289550355 197.174287175293 199.470217747156 199.237555318409 199.964037015586 200.840564880912 201.017502604952 200.900293478224 200.367028451191 199.670735296055 198.868698356741 198.052847701368 92.9520639772703 92.2696142315366 91.4502167137117 90.5238697810672 89.9374640098001 89.2896458318385 88.3738052197702 86.4535414364093 85.3176944600248 85.4022522635366 85.2075562900351 83.769897495367 82.8514502416648 89.0889420268479 199.958930504945 201.199827714235 201.11014870147 200.508279002743 199.889890260721 199.059890743897 197.742253062283 196.289203512171 195.002110294286 175.534549956648 175.232926100192 174.924895997204 174.774106833042 174.664992415577 174.57392757214 174.601240220237 174.615043993474 174.250284812077 173.241554851029 172.627394284234 -9999
-9999 -9999 -9999 -9999 -9999 -9999 -9999 -9999 195.132018986043 194.797960440778 195.736280578845 198.92387969311 200.885198232825 201.157814435434 201.338721130006 201.551079952508 201.342307175674 200.896381871453 200.267031881045 199.508933912451 198.602495637898 197.815875216784 92.5285484251509 91.6983033909019 91.1831502583482 89.377677069459 86.6414490249385 85.0477461379439 85.1856673130256 84.7966097049878 86.5524611712749 89.4189829628177 89.5646585243731 87.6309175197952 88.0826551877094 93.8866913062591 201.738305888183 201.818440050998 201.220457228769 199.955279223194 199.040969466329 197.955525689751 196.951612084897 196.164443424546 195.409498986094 177.235852347705 176.563596145667 176.343568784573 176.218021617021 176.083996079044 175.796530645125 175.784318325775 175.698156284087 174.911505717607 173.664921097361 173.276518188188 -9999
-9999 -9999 -9999 -9999 -9999 -9999 -9999 -9999 195.875144189662 196.952327938546 199.366871390024 201.048538154573 201.802024550739 202.207224003691 202.212910517277 201.991752888663 201.474169144318 200.77700697976 200.029661953319 199.100508636723 197.935242974743 196.877110083878 91.2508300459802 89.4288019183587 87.4185869314664 85.6384996932417 84.3933670188506 84.0572070906672 85.3690139387629 87.2847978092536 90.0608044846669 92.3404032200334 92.1993127731043 90.4113741857522 93.1671935300495 200.621317918322 201.719125284706 201.061507274956 199.667485296873 198.034907001506 196.69608495152 195.938796645505 195.596970872786 196.085257397451 196.195913175006 195.05779412354 177.89677227116 177.800984490976 177.487302529606 177.170275359377 176.960152013558 176.667251973941 175.934049550826 175.330616506855 174.642089217111 173.819847524297 -9999
-9999 -9999 -9999 -9999 -9999 -9999 -9999 196.032557003139 197.533561006193 199.263856294022 200.876995188262 201.909553313231 202.459115100761 202.69130358981 202.520731936863 202.041801409714 201.291965092422 200.475374733246 199.632048880465 198.575122192406 197.052255216277 195.324794237948 87.6684069544696 84.6274402631613 84.0262007275628 84.5844138272061 87.001707819956 90.0126663460567 92.1448641857824 94.311743768419 94.800209503178 93.4724837272531 92.2267294518391 91.3806056221968 95.4009061332481 201.900956142147 200.476813241351 198.827040114611 94.1464200682146 92.0212516988816 91.143111950819 91.287293682016 91.727602470844 196.049654051839 196.484194998012 195.366673493126 194.528201270771 179.263203225914 178.669421605958 178.401030194556 178.076132287206 177.555887567989 176.513249490554 176.139364153468 175.49252639473 174.178293886432 -9999
-9999 -9999 -9999 200.292145260194 200.886626492461 199.302517902921 198.674903410889 198.899497324248 199.785930873201 200.688882680193 201.563714766787 202.401042417299 202.842665277106 202.837878195303 202.688048017409 202.160287309324 201.377244157218 200.354363687411 199.217920213142 197.310267200391 194.530876613625 88.3934989653224 86.1854474268369 84.9233080626618 86.6006158181078 88.0057904129543 90.5524859261435 93.9600513436221 199.392311675698 200.098991439958 95.9645602630073 93.7344423955333 93.524001398112 95.2228728927999 200.363009018604 200.786623055959 198.344836125866 93.8932738465616 93.1729517492151 92.5996176687814 92.7011365067267 93.0899162003627 93.5642362946157 196.38138168876 197.013762311547 196.445637754439 195.128968205909 94.704327270024 179.851248899551 179.396973319902 178.883589168701 178.565849580465 177.930136500014 177.291729432761 176.246694407167 175.572272311236 -9999
-9999 199.426216995161 200.710637161488 200.292145260195 200.886626492462 200.787534904422 200.596566043044 200.806662534347 201.117242737351 201.659097647176 202.183397079166 202.832819502093 203.242415093082 203.164013642378 202.722208378828 202.148544428718 201.366958629229 200.152082291766 197.792989499862 194.693760816526 192.944230074333 88.9807680774541 89.9353134122367 194.172482589572 90.9426796447065 91.1653921033512 93.1945458007614 198.671498386167 201.022085655561 201.127347082868 199.031762241041 95.8946615714326 201.229852992121 202.186620893208 201.228983389135 199.098774092214 94.3958848172481 93.4747568249223 94.4796348977675 95.3842376866753 196.966752860152 197.220556294343 197.415614972806 197.553441401464 197.326610207008 196.746343755991 195.901234437108 96.0919758644772 180.896863167028 180.456321933396 179.917584019695 179.328909103239 178.824868268608 178.246687905153 177.669633815388 177.567832827871 177.935027737637
197.143297141336 199.426216995161 200.710637161488 201.575218780789 202.317828466809 202.155016402807 202.079809946749 202.211544358966 202.326863384824 202.416316621604 202.686932937199 203.106621595392 203.608295276491 203.626877183514 202.941227919708 202.031259096983 201.112654738278 199.49846024949 196.094866115307 194.245492820173 195.597437518413 196.619710426151 197.018588050968 196.920072598045 196.469001472467 196.720741638885 198.191643624921 200.450547594616 202.688823558371 202.773852956266 201.883970629966 202.961296200773 204.526253267207 202.981041238439 199.834440635241 96.0259439544597 95.4343603500942 96.024778460735 198.308923032351 198.203698304169 198.94628673936 199.019734837734 198.572068282349 198.205929046295 197.604423419538 196.913345013361 196.059823608671 97.3369833033996 96.7739383630985 96.3317953315012 180.318595170992 179.578558220904 179.054931868799 178.641813833757 178.201703711916 178.29524416122 177.935027737637
85.3264001654919 194.860377287511 200.069281264252 202.361339251572 202.91522124986 202.868989244227 203.140624179514 203.333333459291 203.346835630242 203.221808096375 203.216389737321 203.307839770214 203.891305071543 204.049615999092 203.292572799164 202.348153547066 200.685167262903 199.054991150208 197.280018686039 197.005293535659 198.579503451214 198.916396879724 198.848729921702 198.398825604886 198.173700975464 198.427380867417 199.779697903291 201.971588930911 204.080988516427 204.534684663175 204.758434074429 204.967477651557 204.522317568273 202.433433899539 199.525971912008 198.388513773803 198.932995121304 199.926843569203 200.561715367913 199.837925796569 199.899840562462 199.491944547786 198.803278928164 198.134364819189 197.30583750497 196.293789247681 98.0482465712724 97.7164978745925 96.8640589201689 96.2472587193884 96.0166846975965 178.577747860859 178.009321641202 178.144266671327 177.484272699649 177.446187578831 178.124436129651
85.3264001654918 87.0705638157922 199.142097274326 201.959953428512 203.405318440828 203.557997716602 203.759105795248 204.261976652071 204.089871916613 203.969599535132 203.856856892163 203.346987991237 203.956043917914 204.53063622588 204.008400471644 203.222500586784 201.423587105583 200.077630323727 199.79595784446 199.866831182667 200.116474317717 200.360528817652 200.061677112778 199.367359358376 197.931540715989 197.912047604875 200.522686653007 203.785167263226 204.927124254837 205.071981123633 205.065821808614 205.037466706806 204.4379873823 203.097662767413 201.868618155242 200.982613942705 201.124692731791 201.191169719164 201.2033794377 200.091995032012 199.646285466789 198.974818720644 198.191546028202 99.4146327251125 98.7904704873422 98.1577794887688 97.8798176591826 97.146402277758 96.0650648676649 95.3091677100606 94.9662820143897 93.9331613788599 93.7994139818012 93.5972908780376 175.40728414317 175.649978828139 177.485603909051
194.318822563541 196.400045661709 199.630557131023 201.861528913525 203.775611573508 203.78779132841 204.075278919528 205.100670517481 204.923056090834 204.523038891573 203.823642529404 202.963966122318 203.777944699625 204.98330366948 204.763751243775 203.992317765596 203.197238759206 202.470858847712 201.95582333435 201.624108231527 201.288740651044 201.401594296197 201.087094500147 198.964694699748 196.44374137079 198.151509579177 201.495888327572 204.306949960231 205.446478222984 205.322699322595 205.022602709183 205.00329953708 204.502595894816 203.79584506151 203.439727699146 202.974955891543 201.948801205741 201.336238516341 200.756379956259 199.508782876071 198.771444216748 100.291683887361 99.8485266667788 99.1324405011235 98.1087799836954 97.3659614903225 97.3177015245998 96.7865964218959 95.3773552522669 94.9073819632305 94.3381187991134 93.4468663532814 90.6129143478975 88.0533139345693 88.1865093213202 172.156092404271 176.192643713578
198.184979781896 199.547924912757 200.58505776752 202.057551469671 203.247233620028 203.747420995206 204.620490875955 205.534763634135 205.495019190252 204.887038499224 204.01245210193 203.161117115212 203.741885947407 205.203067314666 205.344598982065 204.718191172847 204.14607616409 203.557159298893 202.85344946832 202.467129194052 202.300446674685 201.838886320527 200.998043432092 197.594484844335 196.26157247961 198.911201025578 201.176948093503 204.195668122015 205.739271144992 205.43610731126 205.009502169696 204.76795340862 204.074246123578 203.401888493901 203.986630586488 203.688599858702 201.252662068714 200.425081460994 199.840127245322 100.449216815426 99.8154141932672 99.5337059806502 99.1185580374636 98.558570567045 97.3019696593256 95.6036416818365 95.1253248665031 95.1050242891959 94.2065788799468 94.4917774543718 94.5327181169523 91.6976531195908 86.4986282952324 85.4511777586025 89.2500645103877 175.337388193037 179.621549537019
200.394637389975 201.101057425389 201.627325085304 202.364942094 202.907884831875 203.694342796954 204.605259913439 205.210445001422 205.531254676503 205.349281732137 204.756920765364 203.735203295162 203.968862993369 205.401866309603 205.930919899839 205.51614865564 204.692996073995 204.156055343411 203.766812938571 203.550685477821 203.447281207657 202.770414185128 201.415199646392 198.334343056941 197.597252380762 200.1980588832 202.230932800713 204.737906238329 205.928078844547 205.479853120097 204.808473863489 204.191671248041 203.394545173769 202.900721368223 202.363154516585 202.20686166129 201.225784515561 199.429004888102 100.777184817515 99.5766202141263 98.656618216137 98.1312657614725 97.1778526435322 96.0774328925747 94.7986225592925 93.2558921738671 92.8129861755137 93.1658772061475 93.0038825058311 93.7887032455817 93.4007660424883 90.8424958650888 89.4104600374421 92.5094303507349 97.5196930889388 183.101789078884 185.010092144297
201.271194830919 201.702664492229 202.171714352973 202.71142379361 202.692374152901 203.237680824195 204.230497888306 204.802714313377 205.347961716071 205.478272675085 205.178042453049 204.474096473876 204.527286292799 205.539261076881 206.4854553162 206.437127236709 205.871932944292 205.607232399611 205.319105058143 204.799011050406 204.259800046222 203.545924937609 202.688522527837 201.683036675808 200.494380815754 202.42645853495 205.460944455402 205.888314798196 205.806360698276 205.214989556987 204.213395182179 203.768145196448 202.851459067315 201.65756782444 200.000203357925 99.3544648181226 99.517701567724 99.1507460844235 98.8253471277576 98.7440844584125 96.6979976704722 95.0424426557556 94.0470143293499 92.7043778927908 91.1687637657549 90.6964835215726 91.8228795517052 93.529804519288 94.6646043099208 94.9219981979873 94.8337960847133 95.8786054688372 98.1370061348996 183.371069704857 185.38447284918 186.496075756164 187.054866119469
201.611776411911 201.948358718363 202.411942587139 202.582006807299 202.151224637434 202.840371253994 204.016598143827 204.511472452479 205.192315155483 205.445257881368 205.26982684019 205.252324956283 205.369173865245 206.114534722853 206.820448861482 206.842927723514 206.616521948322 206.370712599902 205.653541534635 205.037528712365 204.208063939832 203.141218181804 203.067920120805 203.782154604828 203.608530444321 204.541728473211 206.416931686709 206.069915923343 205.322239494962 204.052894504713 202.690444915412 201.719137746212 199.728858911171 98.8095595101255 97.4153789171788 95.6453357152982 95.3623684346738 95.3751662782735 95.7518357406693 96.0370196903646 93.8953522503961 91.0101225314963 90.1323483588808 89.8571323894711 87.8668512125456 87.6894081035976 89.7257026648936 92.2680146937043 95.9578449910306 98.5394909759277 100.061777349423 102.362186915238 103.7414254324 104.529373155815 104.792448165364 187.030669084409 187.493774251085
201.410114163727 202.001553757468 202.331612384216 202.123432156414 201.878265089875 202.449509672587 203.423547830757 204.042726617382 204.83105162239 204.982989028285 204.955082717307 205.363939761679 206.263706778401 206.840030964527 206.805755680857 206.626434118136 206.05006662067 205.047599939132 203.527308795555 201.971097526419 200.214574559777 199.322878838109 201.408483950951 204.33349844532 205.476856979311 206.344489171337 206.221696263403 205.896548738003 204.82206989218 202.690751686493 199.928261835099 98.9590408095611 96.5065364123878 93.878622396969 93.1124261527628 92.8014314845544 91.9554353771326 92.4316139052499 92.0899440180794 92.0740994461802 91.2533858863589 87.249155129227 82.5111069206899 83.717256066693 84.9282815681847 83.9946421826283 87.2502122186212 92.669491270989 97.7563846518059 101.890331468466 103.954260588793 105.40438864025 106.626684137821 107.360936185797 106.194849742549 105.076077932808 107.295078685326
201.021600783863 201.81653324847 201.899884153329 201.766289345677 202.092583450927 202.255777704536 202.73758425936 203.200350031118 203.929025840408 204.595674453103 204.97944481909 205.837355487933 206.647493621069 206.946435494903 206.876281566335 205.420005432608 203.473652310262 202.498001594787 201.339544973223 199.901724967476 198.794414432339 199.681946290038 202.851327005359 205.614941716954 206.774985716623 207.403037411061 206.834653541789 206.193405323206 204.396213883395 201.014853299628 97.7454073945365 94.0206507580279 93.2106310311078 91.7824153804674 90.716652941285 90.1392486267489 89.2427422174936 88.054942198528 86.8372068803013 88.4914707849774 91.0632575619956 86.199960478486 77.3041241614423 76.9848543819626 83.518806898355 87.4246918298551 91.805320716708 97.4307242502284 101.206706112891 103.105198280927 104.695519528034 106.085771609321 107.671289233793 108.837091365418 106.684817340089 106.355578264964 109.454095288329
200.350036735911 201.366275408371 201.864037902169 201.95132052553 202.40017526007 202.322584666558 202.29069145698 202.243268626724 202.647706486758 203.793293492421 204.666532072275 205.814937964952 206.954893409364 207.351639167385 207.463333988317 205.431888469721 203.033552927505 203.561216752352 203.616427239369 203.011464601326 203.460411850652 204.637349589969 206.224625879344 207.133556862101 207.718407719196 207.763297400486 207.7306343848 206.533770825902 203.556095041654 198.018736428065 93.3263229855913 89.4567410440818 89.6855618521741 89.6969131887275 88.3765212967429 86.396195586461 84.766681605815 82.4737532453179 82.6048152891221 87.9536415049192 93.4706402005894 91.8910570360443 86.2405174074416 85.7713367647175 90.6248540285643 96.2905978358372 99.1596299314019 100.833657786263 102.011003792288 103.794209048514 105.896631173292 106.993123141165 108.637790785851 198.989631531516 109.079100676121 108.865116400864 111.980006669321
199.907716775014 200.922014349504 201.868750605246 202.335605357289 202.752723272688 202.546505432713 201.951450406909 201.600001639869 201.851686074611 203.014537158206 204.318990061021 205.854010380568 207.384157177544 208.564672761303 209.432219856058 208.660452948463 207.418473944938 207.992822968759 208.098987682043 207.293450734475 206.96230760391 206.886614491004 207.437559191596 208.024210001184 208.319550295934 208.248038048932 208.27928421557 206.562964862524 202.602508935959 100.131024927107 95.9320878877722 94.4410828496818 93.7975584593245 91.599286292127 89.9891654612848 87.8370570305707 86.290684765766 85.2970254707589 86.8851885977466 93.1668228838683 97.4708405552411 97.4603893044911 97.755128889877 98.8997146693047 100.162496516333 101.600916731395 101.691849579822 101.075828496877 100.955367023397 102.644996661469 106.092478589546 199.750701366083 201.43818747241 201.683554045146 201.206090534418 200.185181423258 201.815676939742
199.808657078829 201.112321766027 202.0961774946 202.610426703649 203.042622732148 202.735087533027 201.973429631065 201.585906754064 201.492253900394 202.324909424018 203.891137517955 205.260186754471 207.27618375043 209.889250504685 211.448827255488 211.59772162456 211.11160568622 210.932504016895 210.554417183419 209.610585621482 208.33981245792 208.003417072991 208.556883938416 208.841157436112 208.761307893895 208.680083040899 209.048364186783 207.819719744702 205.2295819666 203.848428523903 202.820186705117 105.64750308306 104.656119966648 101.085995782201 98.8026901441176 96.9100124040881 95.9251310721171 96.0914422194504 96.8702602199575 99.8877310166995 101.214248046893 101.210805355167 103.014842138911 104.090116170009 104.5983506631 104.130836160895 102.890796340871 102.267647544981 100.19280031326 101.599273212096 106.545644736553 201.563537529064 203.548306446931 203.938560682881 202.961731308941 202.814713123659 204.300810186167
198.676692112758 200.283925842049 201.762226061254 202.767836115032 203.291061855224 203.105063859313 202.40620047582 201.105982496464 200.166667032482 200.796253792822 202.260381454439 203.709384554212 205.707678314947 208.008507689308 210.873407050327 212.997502619954 213.006260829759 212.183319363601 210.387283891853 208.979875436463 208.333333275014 208.717669080128 209.417129193656 209.293687217485 209.061215633648 209.354937265762 209.74820726471 209.543169950168 208.85909521825 208.586060266174 208.208849827817 207.345635105792 206.853087524014 109.887053328709 108.287860592674 107.166263118436 106.723492913412 105.819779637137 104.589359193053 105.383613667818 105.597070123426 106.254487364981 201.272518486956 200.550399836974 200.628981372433 106.767159951981 105.854722810496 104.905449832976 103.350811883262 106.143143070614 201.858271638826 204.182349528704 205.702843426392 206.42170876895 205.785636100981 205.806572974398 205.888773434583
