taller 3/murcia anomalia maxent/bio8.asc
NCOLS 321 
NROWS 253 
XLLCORNER -2.504166067 
YLLCORNER 36.745833473 
CELLSIZE 0.008333334 
NODATA_value -9999 
[rows 75 to 99 of 253, columns 0 to 56 of 321]
-9999 -9999 -9999 -9999 -9999 -9999 -9999 -9999 -9999 -9999 -9999 -9999 -9999 -9999 -9999 -9999 -9999 -9999 -9999 -9999 -9999 -9999 -9999 -9999 -9999 -9999 -9999 -9999 -9999 -9999 -9999 -9999 -9999 -9999 -9999 -9999 -9999 -9999 -9999 -9999 46.7359072287997 177.154803743503 178.174694590747 178.639676118011 179.420440626062 181.01618254463 181.465570666193 136.930195096416 137.593946263053 137.613018409099 136.055976910563 135.719056384018 136.895987465752 137.872830966732 138.136887084048 138.547025015719 139.878853415636
-9999 -9999 -9999 -9999 -9999 -9999 -9999 -9999 -9999 -9999 -9999 -9999 -9999 -9999 -9999 -9999 -9999 -9999 -9999 -9999 -9999 -9999 -9999 -9999 -9999 -9999 -9999 -9999 -9999 -9999 -9999 -9999 -9999 -9999 -9999 -9999 -9999 47.7326901188555 46.3960834515338 47.8961592059002 178.544751498372 180.040977141255 180.750350557359 181.05358853123 181.325821816901 181.682990655302 181.911617989494 182.11363490365 182.287824138247 138.324969626716 138.408145598762 138.522135542976 137.913771122744 136.699369538077 136.433013755084 139.260777725161 143.408722271032
-9999 -9999 -9999 -9999 -9999 -9999 -9999 -9999 -9999 -9999 -9999 -9999 -9999 -9999 -9999 -9999 -9999 -9999 -9999 -9999 -9999 -9999 -9999 -9999 -9999 -9999 -9999 -9999 -9999 -9999 -9999 -9999 -9999 -9999 -9999 -9999 44.9890645682356 47.7326901188588 50.3131976320359 180.540727735852 180.854038478518 181.435104945842 181.775489934517 181.981618149869 181.933129839326 181.95263989807 182.048390411918 182.102163361386 182.263616915627 182.524761907072 183.146844344476 140.175107319477 139.526812255204 138.585803910116 139.227765093973 143.295124574418 148.970842717875
-9999 -9999 -9999 -9999 -9999 -9999 -9999 -9999 -9999 -9999 -9999 -9999 -9999 -9999 -9999 -9999 -9999 -9999 -9999 -9999 -9999 -9999 -9999 -9999 -9999 -9999 -9999 -9999 -9999 -9999 -9999 -9999 -9999 -9999 -9999 45.4624679910604 49.5711862299409 51.9785102159954 181.257317784231 181.285897358086 181.05289975069 181.09377293473 181.551558300553 181.997234685814 182.068667804828 182.045930980104 181.937782028644 182.073769814999 182.422094881672 182.492609149624 183.342872955264 184.492786827049 142.046204576559 143.509320664427 144.530245758753 146.3221941083 149.209376448863
-9999 -9999 -9999 -9999 -9999 -9999 -9999 -9999 -9999 -9999 -9999 -9999 -9999 -9999 -9999 -9999 -9999 -9999 -9999 -9999 -9999 -9999 -9999 -9999 -9999 -9999 -9999 -9999 -9999 -9999 -9999 -9999 -9999 52.0431479790942 48.2733077220719 51.7552015024378 54.0360947568481 53.9955971269651 181.370154537239 180.760724048789 180.028463726499 179.169151309167 178.623203316616 179.057359868128 180.10938619982 180.509541108748 180.56118571043 180.84711524702 181.442931866905 182.098818383905 183.085347800887 184.108975535381 141.362253797507 141.913173930773 143.378180450903 145.488559790394 145.990679215589
-9999 -9999 -9999 -9999 -9999 -9999 -9999 -9999 -9999 -9999 -9999 -9999 -9999 -9999 -9999 -9999 -9999 -9999 -9999 -9999 -9999 -9999 -9999 -9999 -9999 -9999 -9999 -9999 -9999 -9999 -9999 -9999 -9999 56.0570379131646 55.812988236117 55.4282317381033 54.5193921974836 54.0006725804792 53.0897631753722 52.0099806798193 178.898627727845 177.771024530491 176.082143128036 175.11965280974 175.87034216269 177.15665304713 178.082097175479 178.794689959787 179.666632327332 180.842935818804 181.734407374201 181.681129262201 136.905423686634 135.171763940788 137.366398649092 141.870252566861 143.14031087229
-9999 -9999 -9999 -9999 -9999 -9999 -9999 -9999 -9999 -9999 -9999 -9999 -9999 -9999 -9999 -9999 -9999 -9999 -9999 -9999 -9999 -9999 -9999 -9999 -9999 -9999 -9999 -9999 -9999 -9999 -9999 -9999 -9999 54.9981723631909 56.3010875902122 53.5712920838422 52.7422330689028 53.4864924056566 53.0889624224943 52.0241773619192 50.9192521325236 49.8892834486985 48.6945010461259 47.3024076201144 47.5686901578421 174.61654798437 175.773465093506 176.858613180757 178.166666226924 179.11996346428 178.103112976917 52.5396188686552 131.857537827546 129.500117621139 131.719086364547 138.204534928108 141.948384361911
-9999 -9999 -9999 -9999 -9999 -9999 -9999 -9999 -9999 -9999 -9999 -9999 -9999 -9999 -9999 -9999 -9999 -9999 -9999 -9999 -9999 -9999 -9999 -9999 -9999 -9999 -9999 -9999 -9999 -9999 -9999 -9999 49.4462486876937 54.9981723631909 56.2838964502773 54.3493082696516 54.580588950166 54.257687311593 53.6196061795679 52.453279110069 50.1910037169088 47.546646575004 45.9875945982836 45.1849167980434 44.111988882358 44.5703243798726 46.8016584834967 50.3060930521138 176.787022443133 177.166145836291 50.7269382136429 48.5514252413365 130.139843718415 130.165525913062 132.36325230548 137.031974554953 138.854384704708
-9999 -9999 -9999 -9999 -9999 -9999 -9999 -9999 -9999 -9999 -9999 -9999 -9999 -9999 -9999 -9999 -9999 -9999 -9999 -9999 -9999 -9999 -9999 -9999 -9999 -9999 -9999 -9999 -9999 -9999 -9999 47.7063598845704 49.4462486876936 53.5977655919543 56.0774242063071 55.3447896857114 55.3154005538418 53.5248121511165 51.9650153643574 51.0186553325839 48.6391959661817 45.4102773859607 43.3382285578827 41.335310555286 39.6141791030565 41.1474614970284 44.4599494062156 48.3993610058512 51.8956831432736 52.5437454242621 49.3131090554993 47.95765545958 132.672268292501 134.07738328168 133.070979834221 133.435829598254 134.786307577795
-9999 -9999 -9999 -9999 -9999 -9999 -9999 -9999 -9999 -9999 -9999 -9999 -9999 -9999 -9999 -9999 -9999 -9999 -9999 -9999 -9999 -9999 -9999 -9999 -9999 -9999 -9999 -9999 -9999 -9999 -9999 47.7063598845705 51.1509670368635 53.8494221905076 52.7994752573517 51.6603950996707 51.9390717990862 49.7419214547452 45.014552902711 44.1363768803701 42.7822246215421 39.0567638315636 38.4325992824218 38.3962903852149 38.7792244475255 40.5407661913999 43.3788061482728 45.2856702922076 47.6839874295271 51.8632781818458 52.8513850554995 134.049519934157 137.95180394764 139.116773517423 137.257192072352 136.67282953364 139.039366298109
-9999 -9999 -9999 -9999 -9999 -9999 -9999 -9999 -9999 -9999 -9999 -9999 -9999 -9999 -9999 -9999 -9999 -9999 -9999 -9999 -9999 -9999 -9999 -9999 -9999 -9999 -9999 -9999 -9999 -9999 46.4158306425241 47.4715436181252 52.0399148121572 52.3552074842399 49.0947789444579 46.7381558181048 46.8419179650434 45.2367890483647 39.3512066980674 37.0476927313228 36.0821235780402 33.224339375063 33.741739608069 37.4886580733079 40.3350974314271 42.0470259493973 44.7701751904642 45.4515610913031 45.6516138411722 50.1806820038905 136.004973945607 139.210190567304 141.669898471292 143.394677876935 143.764519209135 142.954370165221 144.06657349248
-9999 -9999 -9999 -9999 -9999 -9999 -9999 -9999 -9999 -9999 -9999 -9999 -9999 -9999 -9999 -9999 -9999 -9999 -9999 -9999 -9999 -9999 -9999 -9999 -9999 -9999 -9999 -9999 -9999 -9999 38.5889311024117 44.9832088770284 50.050423688591 50.7527789526614 46.3976149977492 40.5742218144889 39.7166256191753 40.5905758167484 38.3696235451349 37.2465865824959 36.1725869651585 34.3554573920995 34.9450058255934 38.5606614895222 41.957327577573 44.2556257808592 45.8427999372586 47.3136529222672 49.0264342485069 51.8715592297049 136.099873806041 138.899377987085 141.268519528265 143.555659008011 145.583833749765 145.607441439292 146.802656973568
-9999 -9999 -9999 -9999 -9999 -9999 -9999 -9999 -9999 -9999 -9999 -9999 -9999 -9999 -9999 -9999 -9999 -9999 -9999 -9999 -9999 -9999 -9999 -9999 -9999 -9999 -9999 -9999 -9999 -9999 37.4686574644576 42.8382369191309 47.8868732491029 49.465728398878 44.9149922869088 37.8570675417423 36.3161367140483 36.7007821980025 35.6626931586028 38.0028375882933 38.3272848784259 36.1063542954446 37.4993739665799 39.6354912416138 41.637451358692 43.4166437909125 44.3227735709548 47.4398517364409 51.1812202380337 135.519194969352 138.486964234968 140.438602865973 142.733738557194 145.092783924505 147.619643291652 149.329290454091 150.866233457135
-9999 -9999 -9999 -9999 -9999 -9999 -9999 -9999 -9999 -9999 -9999 -9999 -9999 -9999 -9999 -9999 -9999 -9999 -9999 -9999 -9999 -9999 -9999 -9999 -9999 -9999 -9999 -9999 -9999 34.2525721379104 39.1704069843724 44.2989268637221 47.2509545419232 48.2774249308585 45.4355450201668 40.2037260209191 37.4242164369439 35.3086939396212 34.7821436575403 38.6309521837938 39.9279327563544 39.1279469123241 41.2939815520815 42.2147874753564 42.863450158692 44.3473325315726 46.1498509143198 50.5581402442975 135.009306213902 138.039773696589 141.266305994096 143.246819209452 145.494040499276 147.411226969572 149.055413288485 150.367923686643 151.665335402084
-9999 -9999 -9999 -9999 -9999 -9999 -9999 -9999 -9999 -9999 -9999 -9999 -9999 -9999 -9999 -9999 -9999 -9999 -9999 -9999 -9999 -9999 -9999 -9999 -9999 -9999 -9999 -9999 33.789794918898 38.1671652411203 42.9393391230575 44.9918319148753 46.2283034943523 46.5071237807967 44.5457847825377 40.0457788213105 34.4313650155972 33.0114090695276 36.4397565099925 40.1185615284592 41.9362415297289 43.0073532256834 45.2376247474013 46.2243625945948 46.7949856479623 49.3262192735663 52.2666876239661 55.4196173678989 139.082616006578 141.504114323236 143.291637796044 144.642936034106 146.375134777313 147.75904309256 149.014419998773 150.362376677283 151.622999021847
-9999 -9999 -9999 -9999 -9999 -9999 -9999 -9999 -9999 -9999 -9999 -9999 -9999 -9999 -9999 -9999 -9999 -9999 -9999 -9999 -9999 -9999 -9999 -9999 -9999 -9999 -9999 32.9216923883818 37.2520409106584 42.1887017545974 44.1876964136474 44.2259817155905 44.71228362805 43.7045830935323 40.8323641745407 37.5386418593652 32.7824995355785 33.2396120994561 37.8301076906525 40.1686421697698 41.9342670049037 42.600393701861 43.5399180415277 46.8160481022163 50.0275970827724 53.4080574451491 55.6434369720898 55.7628776497304 138.110404808762 140.469302069458 141.936277632005 143.133258107769 144.580385276991 145.06507299905 146.659662510024 148.825226420192 150.580795348316
-9999 -9999 -9999 -9999 -9999 -9999 -9999 -9999 -9999 -9999 -9999 -9999 -9999 -9999 -9999 -9999 -9999 -9999 -9999 -9999 -9999 -9999 -9999 -9999 -9999 -9999 29.6643829339933 35.6354426400509 40.2928835125055 42.3270567580595 42.6045106470983 41.9239662369071 41.0133110762312 38.6190058841763 35.7784454320587 35.7976044635559 35.868849857542 37.3829957874354 40.3087739776523 41.429636245185 42.0144410375441 42.1007640342104 42.1808104692399 45.6587201133165 49.9960256079929 52.4091152841304 53.4615487671938 54.0528948170793 55.9154751476689 139.776708378849 141.69703237323 143.119009489495 144.425535713511 144.927390029589 146.864654471224 148.850691863807 150.49901816923
-9999 -9999 -9999 -9999 -9999 -9999 -9999 -9999 -9999 -9999 -9999 -9999 -9999 -9999 -9999 -9999 -9999 -9999 -9999 -9999 -9999 -9999 -9999 -9999 27.8527017057972 29.7066715604242 33.2370721513385 36.4178029831156 37.2504346483231 36.7127996437711 34.8848269809266 34.0264131909117 35.5940406428599 34.7311436462508 35.0931910469707 38.1666676794058 39.6783508816035 41.2040003445348 43.5402852818252 44.3822304002384 44.3257407786427 45.0596268397348 45.4778352977512 46.8338920790111 48.464760537554 50.2579168335403 52.8741834068534 55.6150824327604 58.4357851494559 141.919086508404 143.505688014142 144.920975784815 146.738097741159 147.752030127414 148.873911081817 149.894650830953 150.960100880548
-9999 -9999 -9999 -9999 -9999 -9999 -9999 -9999 -9999 -9999 -9999 -9999 -9999 -9999 -9999 -9999 -9999 -9999 -9999 -9999 -9999 -9999 25.6710365195527 29.7134744072366 35.1754634124503 36.6977609007322 35.5944842909608 33.5404998830998 28.6462285834 26.2949229170376 24.6861591583415 23.4113450673233 28.2601946524501 32.7367024025097 36.7080942179427 40.5933553889449 42.9207214983547 44.8765938884947 46.616235272564 47.4879971684864 48.0377229780236 48.8884149763754 49.3926089682626 49.9843495978128 49.350264928496 49.6769993063323 52.996389021319 56.3302237853679 58.5370958346646 140.954631682711 142.357603688815 144.008406124421 146.293459792451 148.163065680143 148.690025133677 149.846308135619 151.420286174185
-9999 -9999 -9999 -9999 -9999 -9999 -9999 -9999 -9999 -9999 -9999 -9999 -9999 -9999 -9999 -9999 -9999 -9999 -9999 -9999 -9999 22.9456642226864 30.4721842692206 37.0496307652518 40.813070080597 40.0433852071112 35.1196433480098 27.7750051851988 20.3445277681889 19.0607461176529 18.8721979555856 18.7342330877794 24.6247733588664 30.692178952415 35.3715938173842 39.8476722710663 43.7827225803144 46.2792162324371 48.037559613085 49.597265181792 50.6487949452079 52.1397538793186 53.0911239824703 53.6655156522324 53.3403581733334 53.446488594206 55.1454075532824 55.6256657024985 56.4128859520919 140.311263939776 143.307627896656 145.724115183575 148.100666997684 150.514080557625 151.366223990684 152.08346887696 153.219697567267
-9999 -9999 -9999 -9999 -9999 -9999 -9999 -9999 -9999 -9999 -9999 -9999 -9999 -9999 -9999 -9999 -9999 -9999 -9999 -9999 -9999 32.3143702937562 38.0888029213411 41.914067996568 43.2099434182468 41.0372547577331 34.0222718162676 23.9320768058128 18.4747527053593 21.0922411524479 21.9689299332015 22.9443685224671 26.1188435588737 27.9870037281836 33.3520501982 39.3739393028494 42.835920630036 45.0264356039597 47.592929591033 50.8692360844106 52.7729829728229 54.3279027253954 55.7712684427976 56.5334655067989 57.0350186102239 57.6185840455422 58.5564648396041 57.4348788708305 57.3595658004609 61.5225343149431 146.70702915342 149.43269388168 151.275932136428 152.837338888091 153.886906728641 154.283322526759 154.729307489544
-9999 -9999 -9999 -9999 -9999 -9999 -9999 -9999 -9999 -9999 -9999 -9999 -9999 -9999 -9999 -9999 -9999 -9999 -9999 -9999 38.9917244926691 40.2439788303958 42.5342755352565 44.4161467019262 45.1478964452355 43.0274226756972 36.9199839875467 29.3673704117896 26.2206376275054 28.8897370367005 30.8252952797665 31.6885314736958 29.6296846088319 28.4159989344626 33.438851145541 38.5742640785736 40.9043433159964 43.0402101534168 46.7286988849123 49.5198268490959 52.9608622271289 56.2540553369915 57.1519252764731 58.0987577000118 59.096615528927 59.8586569636562 61.2145592157049 61.4514820700478 61.8975713542309 64.7222883649595 148.554193140714 150.360570529744 151.745288768056 152.737267453151 153.17536885713 153.629970908721 154.427307552323
-9999 -9999 -9999 -9999 -9999 -9999 -9999 -9999 -9999 -9999 -9999 -9999 -9999 -9999 -9999 -9999 -9999 -9999 -9999 -9999 42.0951169424703 42.9648006249374 44.2860273361483 45.9506875618788 47.1147628386721 46.144608978862 43.1596958240185 39.7628806716867 37.7827517683543 37.7134198245709 38.8621569844514 39.3786918211799 36.6511379945743 36.9708907171198 39.9863912895936 40.8062765601884 41.7111071961036 44.4053790839735 48.2677624363097 48.9522078335656 51.604796975705 56.7531878114467 58.3995005933583 59.524703495061 61.0431584272176 62.0139767843679 63.0199497197203 63.0087033387798 63.9514245198862 66.4314767154911 68.4507173817157 150.119482677381 148.972396849836 147.552075096736 149.230965200737 151.345076908072 152.685225447247
-9999 -9999 -9999 -9999 -9999 -9999 -9999 -9999 -9999 -9999 -9999 -9999 -9999 -9999 -9999 -9999 -9999 -9999 -9999 43.7907451581918 44.2585355478497 45.252961801819 46.2667840824888 47.4259198224601 48.6629621412759 48.8464625781684 48.0834207606314 46.8194516621792 45.5560176529035 45.1854202147797 45.3212418514394 44.955274939023 44.0976867024938 45.3215867640534 45.6425636017269 44.6186215343466 45.7244792410598 48.2111772703344 50.1765836552419 50.7402840931563 53.2488880058087 57.5546611971641 60.2627527845769 61.5318051940398 62.8009801972283 63.5334687331672 63.564483684547 62.677661023404 63.0038643478739 63.4254134291582 62.1693807870345 60.4157182228068 138.997630218883 138.536260149822 142.19206417427 147.67991748917 151.217074420547
-9999 -9999 -9999 -9999 -9999 -9999 -9999 -9999 -9999 -9999 -9999 -9999 -9999 -9999 -9999 -9999 -9999 -9999 -9999 -9999 46.9153231266034 47.9171317625033 48.5881500755018 49.068053888556 49.9340007262471 50.6943443505277 50.8419415678918 50.6181537576749 50.0700388830037 49.7243457137942 49.395091041801 49.2239014748805 49.1952334017691 49.3729174167567 48.7703480481776 48.7677791837482 50.1275594804561 51.7235837159871 53.3039610834574 54.7692504805306 57.2396818141683 59.7375750841866 61.6145894317477 62.9703474425319 64.0629655912712 64.6156692614713 63.5737090975068 60.8594616008952 58.0986529880682 53.838495552216 50.8035047369666 51.1100806188311 54.1791405923501 138.34031989002 142.56618132657 148.0474771669 151.454104863979
