taller 3/murcia anomalia maxent/bio9.asc
NCOLS 321 
NROWS 253 
XLLCORNER -2.504166067 
YLLCORNER 36.745833473 
CELLSIZE 0.008333334 
NODATA_value -9999 
[rows 125 to 149 of 253, columns 171 to 227 of 321]
173.821094710942 174.132388318115 173.619630128405 173.60914240559 173.703497859146 173.609501994778 173.488647801507 173.022339772858 172.866196090445 171.72454646239 171.713543002849 171.664644826805 171.577579198864 150.295584504663 150.20605638926 150.118735674697 150.021575038681 149.911767542862 149.420759690691 148.820359582178 249.471766310859 249.728030535009 250.434408093232 250.757840433531 250.942960862448 251.134923541663 251.201337220609 251.143165004123 251.047771460111 250.846918413638 250.495763449366 250.031309809814 249.469109413328 249.129587794326 -9999 -9999 250.160660800842 250.141222752972 250.283974209141 -9999 -9999 -9999 -9999 -9999 -9999 -9999 -9999 -9999 -9999 -9999 -9999 -9999 -9999 -9999 -9999 -9999 -9999
173.180314065146 173.234622080199 173.317467872044 173.483856248802 173.583665234627 173.522150738747 173.451901125349 172.551074026307 172.450751545185 171.911030222656 171.899390452038 171.860241831161 150.684667363208 150.662947332457 150.566121881907 150.472412680668 150.326368588856 150.199947870594 149.606251925492 249.889757426692 249.333936668842 249.591287920645 250.389321258152 250.641389499416 250.873897427109 251.143027084141 251.341233200036 251.423390932234 251.422238035847 251.30634526516 250.970410669281 250.179970099366 248.767052146076 -9999 -9999 -9999 -9999 250.141222752972 250.33576911163 -9999 -9999 -9999 -9999 -9999 -9999 -9999 -9999 -9999 -9999 -9999 -9999 -9999 -9999 -9999 -9999 -9999 -9999
172.447780577418 172.977467332568 173.247573163425 173.407386414823 173.46801238115 173.505056412549 173.497570383503 172.754129518256 172.692267019955 172.211777858955 172.167290862203 172.154097814234 151.169878350472 151.018710415998 150.933384799742 150.877372830398 150.722324632069 150.497446992433 150.124186875419 250.323056014679 250.051174590467 250.112161399881 250.420126613462 250.600094891121 250.862213790461 251.180852540022 251.494997492358 251.712091238446 251.856010950247 251.963726698785 251.939244904571 251.25769902201 248.829496876524 -9999 -9999 -9999 -9999 -9999 -9999 250.556469906238 -9999 -9999 -9999 -9999 -9999 -9999 -9999 -9999 -9999 -9999 -9999 -9999 -9999 -9999 -9999 -9999 -9999
172.162200701615 172.763871117088 173.276349508126 173.430045286166 173.508591944479 173.517822694339 172.926865349229 172.947246874329 172.529083364571 172.508252323464 172.501953451244 151.538725219656 151.543915881381 151.535684471892 151.417502419201 151.313023979653 151.149192569581 150.819595219757 150.47548760297 250.320639818463 249.989155917698 249.958394864913 250.197973523722 250.540008725774 250.914002076941 251.325699600166 251.668692820908 251.96982234023 252.293832577116 252.711648087158 253.268456920903 253.932218190404 253.585859401872 250.168117026303 -9999 -9999 -9999 -9999 -9999 -9999 -9999 -9999 -9999 -9999 -9999 -9999 -9999 -9999 -9999 -9999 -9999 -9999 -9999 -9999 -9999 -9999 -9999
172.00791353445 172.655173857728 173.221049809121 173.504515642877 173.677499057694 173.08989917013 173.108922524215 173.159624820742 172.790644880663 172.781159497816 151.887137751596 151.927282453048 151.942451267793 151.992782221097 151.904422788387 151.749342472881 151.579152504244 151.245664164464 150.891479038926 250.377819103712 249.952100227011 249.833333223836 250.061700613832 250.528887045209 251.044221885021 251.467807116178 251.837771607371 252.256169613066 252.694047285236 253.29890770556 254.273873563493 255.805509250079 257.166666851465 -9999 -9999 -9999 -9999 -9999 -9999 -9999 -9999 -9999 -9999 -9999 -9999 -9999 -9999 -9999 -9999 -9999 -9999 -9999 -9999 -9999 -9999 -9999 -9999
171.957719133665 172.676838147106 173.150909683753 173.570348829701 173.852323032434 173.431019110255 173.420749725178 173.435204269016 173.123620673522 173.079862589967 152.228576260763 152.259903893789 152.257953185144 152.273845236811 152.271758985034 152.245051719066 152.0519692304 151.771786682906 151.39470772269 250.668750115567 250.228824892002 250.060985943476 250.250829221659 250.692169929794 251.184385512439 251.629160788348 252.038753421762 252.473721267194 252.91163605174 253.528009488885 254.450221843919 255.498961853576 -9999 -9999 -9999 -9999 -9999 -9999 -9999 -9999 -9999 -9999 -9999 -9999 -9999 -9999 -9999 -9999 -9999 -9999 -9999 -9999 -9999 -9999 -9999 -9999 -9999
171.844963143201 172.533048144737 173.215097759557 173.643909814231 173.551774585933 173.799403745016 173.840707810508 173.798184935803 173.516022845498 152.542850338411 152.576508235661 152.483671357146 152.41112850555 152.438515929099 152.596661294313 152.685793488231 152.599362799305 152.341911941179 151.95956748664 251.20924785099 250.791339912838 250.62798608609 250.744258760648 251.080194518402 251.461017670486 251.845729624195 252.250059092365 252.61104535122 252.981965890239 253.489713842813 -9999 -9999 -9999 -9999 -9999 -9999 -9999 -9999 -9999 -9999 -9999 -9999 -9999 -9999 -9999 -9999 -9999 -9999 -9999 -9999 -9999 -9999 -9999 -9999 -9999 -9999 -9999
172.228236489557 172.788665676984 173.224361045301 173.795685219169 173.79593104517 174.115441055257 174.247072515133 174.259827556613 152.996074814798 153.043695652475 152.966477738941 152.669167204611 152.413647823717 152.396681202637 152.665614277405 152.936315107274 153.032942336104 152.878976195889 152.508931633934 152.231381625771 251.433812189334 251.27704654933 251.315591700501 251.524030996566 251.816676104437 252.112543858388 252.429103224791 252.699866234087 -9999 -9999 -9999 -9999 -9999 -9999 -9999 -9999 -9999 -9999 -9999 -9999 -9999 -9999 -9999 -9999 -9999 -9999 -9999 -9999 -9999 -9999 -9999 -9999 -9999 -9999 -9999 -9999 -9999
172.699182872943 173.200171324859 173.334170688905 173.656991485903 174.061005485617 174.38438623923 174.60134285619 153.692708663312 153.688957202852 153.741280914569 153.599361511096 153.079362903905 152.477095422327 152.333336003902 172.730551871837 153.10792149695 153.305557111826 153.236151271735 152.977580180235 152.772647695313 252.022897463453 251.836262208468 251.798736867343 251.903518261773 252.124365751061 252.352298931288 252.552902423488 252.763098429406 -9999 -9999 -9999 -9999 -9999 -9999 -9999 -9999 -9999 -9999 -9999 -9999 -9999 -9999 -9999 -9999 -9999 -9999 -9999 -9999 -9999 -9999 -9999 -9999 -9999 -9999 -9999 -9999 -9999
173.111269278764 173.339688489363 173.657661507988 173.955204073179 174.284764511585 174.573435026774 174.922203505688 154.27780720535 154.520803400024 154.739534661341 154.676559104981 154.034609361168 153.156712351287 172.879809541716 173.16602443538 153.469462583241 153.634556698249 153.584754632994 153.450332305073 153.257499904544 252.506291982043 252.271019786815 252.166187910138 252.222955718523 252.374972880884 252.537596056941 252.679972020658 -9999 -9999 -9999 -9999 -9999 -9999 -9999 -9999 -9999 -9999 -9999 -9999 -9999 -9999 -9999 -9999 -9999 -9999 -9999 -9999 -9999 -9999 -9999 -9999 -9999 -9999 -9999 -9999 -9999 -9999
173.292902812274 173.591856542208 173.864131119181 174.115585699039 174.379226083391 174.683041849596 175.084792725177 154.596827003942 155.205092168073 258.135754896191 258.175087204407 231.794217908791 154.604476196715 174.211402047343 174.011387206317 174.104049261064 153.996671717983 153.934100035681 153.79562531134 153.656823352191 153.493209438294 252.705165174264 252.598615093416 252.600156276978 252.635637756872 252.708904660735 -9999 -9999 -9999 -9999 -9999 -9999 -9999 -9999 -9999 -9999 -9999 -9999 -9999 -9999 -9999 -9999 -9999 -9999 -9999 -9999 -9999 -9999 -9999 -9999 -9999 -9999 -9999 -9999 -9999 -9999 -9999
173.468032005253 173.731412278979 173.948509293852 174.121846623027 174.326340789138 174.642766014696 153.990868275999 154.522289125072 155.544625899988 259.42796434481 235.29261315406 234.252633209436 232.121797054111 230.377286358998 174.879809498941 174.639430231406 154.323565204218 154.210346713614 154.107723798703 154.024045829413 153.938281994323 153.810159153379 153.788866816708 252.915133439812 252.873414036534 252.856029187108 -9999 -9999 -9999 -9999 -9999 -9999 -9999 -9999 -9999 -9999 -9999 -9999 -9999 -9999 -9999 -9999 -9999 -9999 -9999 -9999 -9999 -9999 -9999 -9999 -9999 -9999 -9999 -9999 -9999 -9999 -9999
173.63893178817 173.785917900612 173.917084934177 174.053285732797 174.186769608336 174.413695605717 153.691046084904 154.112857981012 155.044730292122 234.583607190417 236.666666796785 235.191563568211 233.018681084378 231.360815562198 175.437802455719 175.020295137621 174.788453319852 154.488763454793 154.394348221724 154.309000004766 154.223654726531 154.131064693983 154.038688187287 154.035356138306 154.009353948029 227.887280430218 227.873181788921 -9999 -9999 -9999 -9999 -9999 -9999 -9999 -9999 -9999 -9999 -9999 -9999 -9999 -9999 -9999 -9999 -9999 -9999 -9999 -9999 -9999 -9999 -9999 -9999 -9999 -9999 -9999 -9999 -9999 -9999
173.735944456483 173.876936590511 173.906262247814 173.993354924373 174.033101368755 173.902263448054 153.284639740511 153.27620821315 153.13522186948 153.652519834277 233.548211998328 233.621167884698 232.519481430147 231.434710796853 175.574703085791 175.19533199387 174.963887350451 154.675170014747 154.558063553614 154.456776712714 154.369529287626 154.297209092217 154.253313044914 154.224213492833 154.174790824456 154.092858709907 154.056714177271 227.897757196608 -9999 -9999 -9999 -9999 -9999 -9999 -9999 -9999 -9999 -9999 -9999 -9999 -9999 -9999 -9999 -9999 -9999 -9999 -9999 -9999 -9999 -9999 -9999 -9999 -9999 -9999 -9999 -9999 -9999
173.566441779198 173.726651938289 173.867121354827 174.010271327403 173.980569879084 173.711123029477 152.971858629103 152.630433288654 151.802548036582 171.000000029524 173.092098359701 175.304320527927 175.796091954772 175.651244232004 175.432275647767 175.200222174148 175.01405725177 154.797500250712 154.689695892728 154.620376266556 154.575368089253 154.503667868554 154.443459030572 154.394330397109 154.317666644664 154.211937222338 154.151833108193 153.854006837156 227.503373788479 -9999 -9999 -9999 -9999 -9999 -9999 -9999 -9999 -9999 -9999 -9999 -9999 -9999 -9999 -9999 -9999 -9999 -9999 -9999 -9999 -9999 -9999 -9999 -9999 -9999 -9999 -9999 -9999
173.260372988807 173.45222997918 173.680296992595 173.836066112129 173.8848883506 173.660698164756 173.42306122315 173.001879864523 172.348394358608 171.986962917863 172.966404443953 174.300381305245 174.970401017726 175.178486332483 175.23270805919 175.137463777418 175.030626142553 154.896706077379 154.795414353624 154.738462219879 154.700986400265 154.607676914336 154.496688003037 154.443729845614 154.398617661279 154.285166190318 154.191262205141 153.84116438283 153.824004926329 227.614954523449 -9999 -9999 -9999 -9999 -9999 -9999 -9999 -9999 -9999 -9999 -9999 -9999 -9999 -9999 -9999 -9999 -9999 -9999 -9999 -9999 -9999 -9999 -9999 -9999 -9999 -9999 -9999
172.980413899251 173.249870399583 173.399152868878 173.50060667661 173.620826525711 173.4984942865 173.449355056709 173.266367286455 173.029774878052 172.969481266437 173.44404898763 174.060770953531 174.467966515203 174.891282177945 175.026349705217 175.038020936848 175.002593458294 154.938607349635 154.847131895702 154.729856090998 154.62641663791 154.551140062632 154.404150739917 154.311837535373 154.262840231639 154.15637603773 154.106177969348 154.112950946142 154.139296619274 227.501293188217 -9999 -9999 -9999 -9999 -9999 -9999 -9999 -9999 -9999 -9999 -9999 -9999 -9999 -9999 -9999 -9999 -9999 -9999 -9999 -9999 -9999 -9999 -9999 -9999 -9999 -9999 -9999
172.685724638305 172.932553894137 173.106586316257 173.235960271512 173.109939568863 173.307993952862 173.48294068686 173.479861639043 173.450314134515 173.484219079044 173.7402015056 174.06023269649 174.369966570904 174.528652688094 174.58639830053 174.614843467452 174.873798682567 174.755226599209 154.69203623999 154.55174499262 154.458407080774 154.37636731961 154.24463620437 154.139671745654 154.025322051594 153.91446943871 153.946891532703 154.035164705948 154.066887106667 173.538363331731 227.380434638831 227.360272828411 -9999 -9999 -9999 -9999 -9999 -9999 -9999 -9999 -9999 -9999 -9999 -9999 -9999 -9999 -9999 -9999 -9999 -9999 -9999 -9999 -9999 -9999 -9999 -9999 -9999
172.463248911234 172.691785344961 172.942090799711 173.091187995536 173.008131803467 173.25865102193 173.440582103465 173.507518282497 173.494596183667 173.716476999825 173.845917356946 174.027840858636 174.262043976834 174.376266969041 174.414181454266 174.397293184204 174.325592446515 174.137907618799 154.135085611311 154.274302435033 154.18977872561 154.100363437771 153.996400077368 153.841055979363 153.800234499724 153.786969535779 153.814470001803 153.808840252334 173.196087988293 173.333158543078 227.193727918457 227.22411112564 227.185237330073 226.872607196602 -9999 -9999 -9999 -9999 -9999 -9999 -9999 -9999 -9999 -9999 -9999 -9999 -9999 -9999 -9999 -9999 -9999 -9999 -9999 -9999 -9999 -9999 -9999
171.982215671106 172.25398158263 172.640338681696 173.045661524743 173.03923806235 173.327329561273 173.508949702931 173.544711543833 173.536944454228 173.772213173099 173.917163365502 173.994864748787 174.094050629835 174.150686857259 174.132092878338 174.036405951884 173.818779982574 173.412216733278 173.202068736543 153.617784053367 153.473024492338 153.070248941297 153.346614278911 153.444058752731 153.43844151227 153.484874376343 172.896064097168 172.792479273562 172.787043065535 172.976766264512 226.802518343895 226.937493442092 226.918998968785 226.872607196601 226.857680591733 226.592735661646 226.389205512871 226.262204728601 -9999 -9999 -9999 -9999 225.778680198867 225.760754802988 -9999 -9999 -9999 -9999 -9999 -9999 -9999 -9999 -9999 -9999 -9999 -9999 -9999
171.425328746545 171.740823679294 172.142550767265 172.775386329906 172.961546725693 173.439595906998 173.739102176418 173.663166458447 173.493599172475 173.758661747444 173.908148883948 173.818398052335 173.75117082818 173.784363710807 173.739222230582 173.572389505024 173.308529277903 172.711452131274 172.56923150027 226.897331027882 226.507157025818 225.8496302479 225.832518725404 152.639406135454 172.055603681859 172.314631331322 172.108285683246 172.107046305828 172.071772871412 224.99078763465 225.23331517446 226.246262832247 226.237891941789 226.255296103069 226.391703629322 226.592735661646 226.38920551287 226.262204728601 226.392297850773 -9999 -9999 -9999 225.910377239528 225.796605594746 225.520397953232 225.466109974398 -9999 -9999 -9999 -9999 -9999 -9999 -9999 -9999 -9999 -9999 -9999
171.104879954601 171.642184494401 172.047176003868 172.570774497662 172.840452955721 173.414847023399 173.851183380024 173.714770184573 173.594512597246 173.778063894028 173.600212515668 173.517119440205 173.268266665224 173.094446171962 173.026975543028 172.891739623035 172.858587446823 172.360450202079 172.172453928949 226.120493472646 225.417553463862 225.09660044411 225.32930611527 225.382045123394 224.907074028671 224.571360219648 224.481747111856 224.206421487901 224.415193370068 223.566879529228 223.84171895223 224.991689569054 225.120477902618 225.507416937208 225.918441179207 226.154775671941 226.065255204141 226.085902393287 226.215644184904 225.989818840905 225.502122839125 225.446835403367 225.910377239528 225.724793672188 225.520397953231 225.466109974398 225.424807240551 -9999 -9999 -9999 -9999 -9999 -9999 -9999 -9999 -9999 -9999
170.644363241704 171.414287959639 172.131858935395 172.262299146493 172.887999797394 173.388872090577 173.763109739255 173.8363369731 173.985903725636 173.905297782374 173.668941920699 173.699925616782 173.498613089917 173.31516137812 173.187803732118 173.098057155987 172.987033785821 172.564861205675 172.312640995325 225.659950148306 224.662001417883 224.558387319995 224.891441958235 224.640828509106 223.713863954723 222.953160156079 222.469065483057 221.819034025157 222.350672867095 222.90111318799 222.22909623893 222.339010732584 223.049200858855 224.490395223213 225.557422387941 225.646434367286 225.559121145231 225.453523899547 225.413832129506 225.391192528209 225.502122839124 225.446835403366 225.362648014612 225.397184689157 225.455796136435 -9999 -9999 -9999 -9999 -9999 -9999 -9999 -9999 -9999 -9999 -9999 -9999
171.060204285883 171.469696956888 171.856390111466 171.983075716042 172.758622510999 173.259540538905 173.66867085697 174.069823733935 154.908882316198 174.011811846895 174.008047197902 174.203410993504 174.349791637249 174.404121278249 174.209687781404 174.002618150979 173.632472547496 173.133018239693 226.260223052908 225.507110456708 224.601578297638 223.996479029492 224.036770602784 223.460781839982 221.731404043843 219.619690569644 218.508397594962 218.21200281393 219.378653742476 220.154123271658 219.31690776741 219.578277077772 221.222779059159 223.387593368611 224.949656281622 225.028950596823 224.78409795775 224.300248810483 224.419350526538 224.753195951083 224.479224467003 224.381719761624 223.770148474367 224.454288723434 -9999 -9999 -9999 -9999 -9999 -9999 -9999 -9999 -9999 -9999 -9999 -9999 -9999
172.232910383822 171.881630655618 171.273617691248 171.447157890067 172.260322422918 172.674652222107 172.798082061265 172.070108243907 172.451021837255 173.607025406038 173.642066081261 174.106970449963 174.712838402996 174.828294604854 174.198609098982 173.389449142269 172.670446505246 172.013389252665 225.153263538945 225.139842928223 224.785742312442 223.677703329591 222.253605988858 220.199613214305 218.426405474545 216.431294232393 215.904012066414 215.857830505109 216.530962847788 218.385132496064 219.068695260904 220.342632155794 222.126206752274 223.354413115217 223.7424955384 223.396049429955 221.946008908044 222.327503541614 223.988378845007 224.830785323184 224.878914481039 224.780838171804 223.232679121195 -9999 -9999 -9999 -9999 -9999 -9999 -9999 -9999 -9999 -9999 -9999 -9999 -9999 -9999
