taller 3/murcia anomalia maxent/bio9.asc
NCOLS 321 
NROWS 253 
XLLCORNER -2.504166067 
YLLCORNER 36.745833473 
CELLSIZE 0.008333334 
NODATA_value -9999 
[rows 50 to 74 of 253, columns 114 to 170 of 321]
-9999 -9999 -9999 -9999 -9999 -9999 -9999 -9999 251.157584057257 248.844820072495 250.256042947091 251.320706308563 250.941997758798 249.946057601225 248.71200524127 247.124546817846 243.494117640388 244.435896464301 245.703146827632 246.424528266374 246.155700889625 246.646636398146 247.548801630825 248.215664034576 248.467994196332 247.610911422734 244.66856351749 241.135940205134 241.824555692144 242.316118440734 242.119825870501 243.744117203343 244.592286835386 245.232684815198 245.664862054054 246.268889077257 247.611517750732 247.617612927083 244.640348453089 243.138551085873 245.625236494177 247.203951350495 245.87571379395 242.249347306103 237.879307493587 232.987759688023 228.390354645424 227.135001734355 228.425325902861 229.765999773338 231.304734297929 231.239493802281 230.215797028822 230.313201131892 229.798796576678 229.218874180439 228.730929209727
-9999 -9999 -9999 -9999 -9999 -9999 -9999 -9999 231.803205109055 231.714300847467 231.747459835692 253.358517169243 253.204147408007 252.453416906533 252.483340158969 252.196417518142 252.497268292033 248.898336001002 248.832574661189 249.575381923382 249.688435693417 249.848635957341 249.765363997269 249.354846136024 247.985890470429 245.693469590164 241.339503009379 237.281915819843 236.66256424826 236.125690122646 238.069283194321 242.174028122092 243.556361202516 243.942266258017 242.798227568192 243.05634912335 246.137155538743 248.577610993924 247.970626236166 246.789854853939 247.668697064665 247.898987305528 246.70092215429 243.967665299925 239.604270887698 233.44341845153 230.035917062313 228.459045472884 228.187500888884 230.048161577921 230.63243859356 229.840333556895 229.44254024231 229.662574301721 229.287274434292 228.742942976501 -9999
-9999 -9999 -9999 -9999 -9999 -9999 -9999 -9999 -9999 233.027459850039 232.684699341846 232.47494767486 254.323272342258 254.149289520744 254.373365479682 254.780822022056 254.855775786283 251.482705249936 251.485248504716 251.536234223012 251.41104968028 250.969293563283 250.008680274862 248.916480861129 247.232939186021 244.399915662659 240.005100020669 235.77773481981 234.363072133118 234.762471614393 237.407169701211 241.164428980976 242.085153299053 241.149068326874 238.984865372532 240.776461554172 245.507648644478 248.903134556909 250.878559872915 250.794229709239 250.397958424175 249.457485359218 247.514699056578 245.473369506601 242.43449178277 238.122760538625 236.376029307346 234.746960967985 232.833999911191 233.775377654002 233.881343745795 232.424621765793 231.79452743452 231.558178815046 230.479999366526 229.081598169678 -9999
-9999 -9999 -9999 -9999 -9999 -9999 -9999 -9999 -9999 233.027459850039 233.097052839251 233.048092012431 233.419809138717 255.459229171515 256.03612342647 256.211305475476 256.222736993649 256.415421712112 253.087094363036 252.67471423658 251.949571860551 251.110670158575 250.00351604376 248.357038483179 246.508805245939 244.912054074165 242.505530064413 239.709073989069 237.987389414842 238.059975173138 239.740808269105 240.901040370302 239.972842580795 237.48140720429 236.164838740058 241.358674984993 247.68742319146 250.38679273609 251.8194983912 251.669095481754 251.251042636337 250.120680470163 248.677121451824 247.286434301189 245.37462048606 243.26300565368 241.928073789959 240.545842524846 239.224062075366 239.154688761508 238.110115611565 236.392192876324 235.054349344849 233.417549184587 231.673790150682 230.007285071001 -9999
-9999 -9999 -9999 -9999 -9999 -9999 -9999 -9999 -9999 233.123523644955 232.269194823954 233.070067668273 234.068140278177 255.395804925711 256.208489354716 257.028501253821 257.237746785598 257.245183691289 253.516225467411 252.815477049125 252.077879355147 251.281519621589 250.033277085342 248.519120230178 247.125865193999 246.361137547874 245.859554033641 244.316939116305 242.208520582674 240.36374689556 240.52164824391 240.378083886053 239.075792290818 237.320942998469 236.580294376294 242.278658647666 249.47056172469 251.856734426971 252.359445752287 252.095175198134 251.493171219897 250.205070167749 248.98315589482 247.318951405601 245.905812376854 244.686160704597 244.173534945309 243.533746219881 242.277725278151 241.06681553687 239.299480601744 237.758494500633 236.266022430972 234.419383406603 232.324360529762 230.377092754989 -9999
-9999 -9999 -9999 -9999 -9999 -9999 -9999 -9999 232.251611520103 231.37969939525 230.194070678887 232.872571363799 235.194866991302 235.057755299968 256.919979197898 257.686644118032 257.782098815252 257.59465613766 257.01090308778 252.887813863427 252.004499061098 251.120831202526 250.248686095902 249.334170267211 248.298472139137 247.339460970544 246.697505653976 245.943374057408 244.317149505397 242.591059374718 241.69884372122 241.772210465257 241.651298907359 240.600437517495 239.965642119865 245.768420896631 251.517895935495 252.566980072474 252.416132176347 251.735031554636 251.099088119426 250.241975026514 248.969014401265 247.570555046417 246.208346841957 245.607737458818 244.90828761648 244.024907076164 243.007032517487 241.761753046829 240.086402414022 238.551047856401 236.904943323916 234.906701025826 232.508254937432 230.420794902551 -9999
-9999 -9999 -9999 -9999 -9999 -9999 -9999 -9999 231.143609938566 230.907520481883 231.750936443877 234.983016473251 236.664821188908 237.048878356568 237.25383512372 108.618113323755 258.14337085633 108.397519750157 256.973490584225 256.179379505624 251.854524187274 250.960658541617 249.852255508476 248.906739114323 248.172832131538 246.456891596091 243.980877748833 242.273727619421 241.81611600016 241.471466253848 242.458779708299 245.037870020192 245.177258546956 243.672458509151 244.18410837568 249.556905246235 253.146523533282 253.151470590029 252.528309495278 251.224310377692 250.24943500137 249.183750777685 248.191804831573 247.396775103796 246.492305629197 245.891114491968 244.898443646521 243.989483840849 243.037705019265 241.866915868558 240.134994376353 238.736341066532 237.185395561918 235.000295580723 232.442667064935 230.669352141674 -9999
-9999 -9999 -9999 -9999 -9999 -9999 -9999 -9999 231.968384949142 233.029249416402 235.384199105212 237.135931124493 237.954361482707 238.170900369653 109.581555345593 109.181151844175 108.83365000562 108.279143283717 107.847594215255 255.846062743469 254.668421429477 250.183096013579 248.695110790849 246.912163591822 244.89992693667 243.211102480927 242.013371662494 241.496447948871 242.324698584224 243.191415764369 245.500477547227 247.501987496759 247.488451782504 246.059193425277 247.970887069989 252.178063773296 253.12305935109 252.446861834991 251.125742509326 249.421556184318 248.116209184878 247.344090531458 246.905209850397 247.27776559821 247.295805656931 246.000715490732 244.971251949031 244.16074295945 243.094160653393 241.855323865272 240.288922456361 238.803618812774 236.863509097242 235.002459472228 233.079874663437 231.070737356775 -9999
-9999 -9999 -9999 -9999 -9999 -9999 -9999 231.922312897848 233.471138203237 235.221093160996 237.037583938399 238.170270085854 238.655760139978 238.890305947524 110.009119206988 109.7288918939 109.130521382095 107.967689138958 107.41574299206 106.430376553495 253.878407488354 252.119218328648 245.530602662983 242.713765494347 242.009686979394 242.155164551736 244.090097609965 246.415122547906 248.327238572624 250.122930370246 249.935637319449 248.15027592592 247.264632599818 246.252069851671 250.019214122521 253.205677280012 251.97797706816 250.386581752918 248.858417018374 246.586332402112 245.821469772706 245.938550991302 246.243821362505 247.265238561716 247.523449874656 246.222893507584 245.337362943847 244.403484138271 243.241298699672 242.126604217892 240.54746449621 239.004233857904 236.948276943317 235.414162661591 233.680688308354 231.402113525981 -9999
-9999 -9999 -9999 236.423658376011 236.763935892911 235.016627322809 234.310835934158 234.66115376175 235.577826032764 236.592125217276 237.709764724916 238.681566160933 239.23899800573 239.294124086692 110.291935274626 109.950186525083 109.305420784258 108.375130236369 107.305375560294 105.539648854406 251.467089162128 249.416988636009 247.293594853137 246.022446738956 244.094882094257 244.994119943337 246.82832311045 249.640681096298 251.873533423266 252.477173670271 251.554853153461 248.785197455737 248.601846526931 249.403662639624 251.847679051596 252.174541364644 250.072719438938 248.454237108585 247.389744264708 246.379162409371 246.362669922872 246.600263404138 246.847882545867 247.563301491457 106.561961584303 105.961030256822 245.899114333874 244.54253850576 243.435558766588 242.335554809396 240.66807020268 239.419634778879 237.821990531281 236.226627503566 234.286163227682 232.696866194175 -9999
-9999 236.172539297624 237.169715068795 236.423658376012 236.763935892911 236.392426845556 236.094092714086 236.425158542914 236.824882384806 237.521243952031 238.314427657459 239.13716936461 239.690824060853 239.690660100908 110.642519040571 110.271901016449 109.64969540294 108.225265023556 105.727367344751 102.363016827345 249.992189073893 249.73571092685 250.41405260591 102.364950071414 247.503018314619 247.347449506192 248.951520924841 108.556680562848 110.5056130198 110.639433873851 251.584836767917 251.302305157398 110.725360975204 112.852112463562 111.41255016102 108.413445133227 248.142578031184 247.330034207173 247.886420097671 106.286770567461 106.894337377932 107.210328164525 107.498275437362 107.630794062866 107.334963545424 106.920523642246 106.271417158093 105.432357572363 104.737740719185 242.813108300668 241.341681443646 239.690224917564 238.350639834955 236.92796837969 235.509865846835 234.823341535581 234.154308513022
234.000416861406 236.172539297624 237.169715068795 237.719478456977 238.071804683034 237.675888442146 237.458910746754 237.717797351327 237.949117677639 238.236959543065 238.732285944912 239.451203845736 240.122064595817 111.510726268031 111.014854050524 110.245456664834 109.453875825022 107.845599482921 104.154379142624 102.075362961322 103.910449171239 105.293218414906 105.943910154997 105.606673482152 105.789993309868 106.201887532669 108.010924779519 110.715311118592 112.504433123933 112.626836844156 111.794208787941 112.921492745127 114.690785376375 113.753499885339 110.333308348561 107.245321575859 106.574964244042 107.176422301213 108.089109278571 108.595270157192 109.478975688562 109.615971273722 109.356691483097 109.069528061011 108.559395642675 108.001072270832 106.96693243634 106.272530470847 105.232037093658 104.268555538993 241.535784942619 239.811092004976 238.366987340624 237.190403151868 236.329739740453 235.198129984774 234.154308513022
228.333050274577 231.828294425188 236.664496292417 238.595565818661 238.711645801861 238.383162815097 238.476791651848 238.790840514088 238.94251032491 239.052226411053 239.308791681634 239.724455616063 240.469479501263 112.153696113948 111.563378079383 110.741462506821 109.074269348799 107.43505783037 105.61997479957 105.537587004591 107.459316336578 108.041929796455 108.14804368749 107.802793812399 107.866729155212 108.284717422048 109.962494255042 112.597832368408 114.35242494136 114.780112080337 115.260593195013 115.394784551292 114.855050008428 113.363938351947 110.210501835438 109.379028666497 109.127754137206 110.284905411115 110.923098453776 110.889348353249 111.01366045051 110.619444995926 109.932054031739 109.305811984208 108.700050284289 107.769800694513 107.042784547308 106.34152228573 104.971673128372 103.86337953007 240.791003824401 238.75201314178 237.526209948382 236.892697992678 235.788371312856 234.596181669349 234.523144823087
228.333050274577 229.742981923756 235.964759617618 238.396676564317 239.36364420292 239.188046239819 239.323441944197 239.805328885947 239.773937202792 239.902252067348 240.06461977528 239.882442349237 111.93808905399 112.88852640207 112.55316008097 111.899102581031 110.059862887297 108.736985562075 108.641099704843 108.94884086519 109.460123400445 109.817019353742 109.65263516449 109.023674457485 107.527897272037 107.809043557089 110.952957731309 114.063921718622 115.466917346015 115.694670220299 115.56045724712 115.64831201555 114.947819517777 114.390397255782 112.901310881047 112.638310665934 112.872220666596 111.918433371234 111.97808073784 111.556422586254 111.114322364098 110.433773518338 109.651833587444 108.856505896973 107.968538191522 107.037788486991 106.453040158832 105.340170941949 103.757930995665 102.539493730836 239.672636321059 237.648496234259 236.597241806244 235.126064462939 233.70671521119 233.35736625239 234.329421762483
100.112509852251 233.930749635917 236.824819563001 238.629903460895 240.063164069597 239.735145032581 239.92306919082 240.911614000794 240.861935919827 240.678332625626 240.232970211249 239.673785858708 111.949679731924 113.606500415565 113.600864401192 112.945704945559 112.254886211806 111.637083297046 111.259262204001 111.09048365498 110.915417859454 111.136540217092 110.952794861689 108.669320641198 105.918647875626 108.063114137335 112.225219976913 114.819522519363 116.228184059026 116.154672987964 115.858202983389 115.80267837468 116.314416012482 115.464105657569 115.005742603878 114.591453611397 114.091014001645 112.36623912787 111.757256093089 111.228563231825 110.464149766454 109.778889226548 109.13404124775 108.172535035328 106.854195093587 105.810541028876 105.485623878474 104.610277685223 102.759086077298 101.688214234128 238.845110578394 236.668890480306 233.74459053716 230.684887180376 229.838834427137 230.670516659348 233.580624128392
105.045398706824 106.591280213973 107.724914990361 239.152589100535 239.95931329678 240.162360042826 240.931581205568 241.791158293162 241.838495880839 241.383628064561 240.7060014313 111.355028664802 112.133527218998 114.059469889413 114.45030567556 113.945455529445 113.498498980536 113.027788850219 112.420797330642 112.179848028866 112.193108798448 111.865453498178 110.970962866065 107.20465979088 105.83549198537 109.077870272401 112.011320104805 114.863587448627 116.748910385738 116.476870735089 116.044375279049 115.510188805464 116.07244475485 115.276847708479 115.00026575755 115.069830235835 113.535908047328 112.68182990155 110.980931891153 109.965435346734 109.083185332218 108.624876611156 108.005516416264 107.210565316671 105.643566771268 103.577478366423 102.801428551829 102.494114864279 101.21651336098 100.985079502912 100.6811108787 97.2638490140594 229.66502460413 228.123762822473 230.53813506298 233.523927117602 102.016322936509
107.904978527428 108.706975529569 109.263441824044 109.987344843335 110.540814233684 240.695368705796 241.506222439285 242.037451844188 113.765281042026 113.611472022128 113.10507284359 112.286381780298 112.614009907087 114.482021450002 115.30224368347 115.027125190706 114.276596972871 113.855644859618 113.604163621615 113.552808497406 113.633270814545 113.051804701456 111.582827097565 108.194390370757 107.521740773877 110.71501202127 113.244056909171 116.086634290159 117.611946432709 117.225217191973 116.5661159965 115.888169977918 115.046915046988 115.035299763138 114.389877052955 114.176491050129 113.36738560664 111.776647370724 111.117320426804 108.730108273515 107.529217788359 106.804298248437 105.602990746945 104.226431555782 102.639368310666 100.748513141012 100.022281118629 100.132863731714 99.6685287710652 99.888333206945 99.1554701646767 120.853454424705 118.863372614814 121.689237422452 102.217262320573 105.832246265275 107.786041571866
109.321063975078 109.812797547979 110.302911457228 110.793737124107 110.71057243183 111.28742923547 112.446725766319 113.162010968318 113.887922239752 114.167587457047 114.015566102377 113.377091279994 113.458073105838 114.818614562849 116.107301040439 116.24522728246 115.784310771594 115.670909259001 115.52940268348 115.119217216744 114.689290678382 114.061739906661 113.274318900803 112.214015567721 111.025568840997 113.452828828377 116.940648117574 117.601587942463 117.660837725236 117.116837420635 116.083706773557 115.685791878752 114.711026565854 113.864622339276 111.933477641733 110.530848799505 110.272393833033 109.622808270719 108.667170111517 108.343544591501 105.137156816534 103.192765304181 101.946172267919 100.310952145479 98.4522119188014 97.7225406585253 98.6980549099824 100.281525932138 101.231172802914 100.916419337877 100.526493846104 101.396864729794 103.405287976926 106.159378125953 108.05019339138 109.481655757736 109.97956261193
110.171312794838 110.548542296339 111.007939194557 111.034517509816 110.442186684849 111.148295339561 112.492010657208 113.178821716081 113.948189005116 114.342751091734 114.333290121425 114.470138515659 114.776949123658 115.643051542826 116.644001848219 116.857026468107 116.783325971343 116.686827465745 116.042742012479 115.515934871267 114.744893896452 113.705759234908 113.82808900089 114.932801395606 114.951453092323 116.256011531515 118.233387569335 118.005882300682 117.302289792775 115.980795946392 114.926065464009 113.53190603118 111.319889877714 109.444877195864 108.223984555901 106.273908695203 105.523508059696 105.273220435164 105.553242907018 105.151520454875 101.926069846121 98.6478868663021 97.7399430867259 96.9889565187178 94.6462794890611 119.935655189489 121.795440625143 124.171351540784 102.422152968751 104.644576976977 106.060670667736 108.258815744487 109.333027730553 109.889117730005 109.962738257029 109.931096727823 110.411693156691
110.47195777927 111.115677228369 111.308926506383 110.908756364401 110.469296427535 111.009465901485 112.034418585505 112.741155042832 113.695758205619 113.973856219058 114.118940198165 114.744921736279 115.914695526913 116.620321293895 116.759625527297 116.73661928867 116.25628374478 115.281459468901 113.703486393024 112.082013011306 110.231442251181 109.393085158633 112.020242380627 115.685940725769 117.242718544895 118.483547687395 118.573936478569 118.250862193209 117.209548900512 114.930245461432 111.905539123427 109.423184607881 106.752598847176 103.892809974824 103.168295556128 102.955299743072 101.590929055824 101.471871304949 101.327370245413 101.197594738525 98.8718031880606 94.3867552087674 234.886519711733 116.027146053622 117.053873068761 115.769143707982 118.942816183529 124.407959519179 104.05833262511 108.040680544508 110.136140790942 111.405295961727 112.443289217922 112.83908380369 111.368186018513 109.853556953042 111.874483977194
110.663323150055 111.433270142854 111.314825216665 110.897142337244 111.022533494294 111.006487344301 111.400950422047 111.885486271668 112.753310445636 113.612072190295 114.206302434443 115.356918302266 116.480507332306 117.000434810539 117.095490025461 115.58693473956 113.392295010794 112.452733677717 111.294576185587 109.805799809233 108.701365104388 109.922362616266 113.809435063847 117.28939947531 118.881256451859 119.860325663403 119.448220941208 118.779799387743 116.907321175858 113.18302009311 107.671653804393 103.614925882848 102.981352844316 101.402855256377 99.8069485948477 98.7801131071882 98.2410406442616 96.8591192803724 241.077722564205 96.7431784476909 99.1242114344843 93.0663090530733 109.302888691983 229.5779645057 115.431919369856 119.327286681223 123.60137865247 129.318641942355 133.154660747007 109.517397574744 110.987438207167 112.053622857808 113.483037418193 114.438289230618 111.786146080398 135.557694560062 114.041407045236
110.627613381489 111.599638122137 111.816127276136 111.507779321334 111.643908416732 111.239853025711 110.963687856817 110.811040643798 111.293416245968 112.725596574885 113.912732220721 115.424495195709 116.9244789656 117.557666476364 117.861451440201 115.688162415429 113.114775000588 113.912010269666 114.067044115098 113.539476405682 114.229184821781 115.780200078263 117.915415232832 119.174374722786 120.120221107861 120.443090910344 120.529873987236 119.377300124523 116.142960512626 109.922804935735 102.744794121941 98.5192454136386 98.6463898340404 244.374009924814 242.839731238522 240.972195509259 239.023156286153 236.919903138489 236.912117187711 95.9249635992928 101.366630530684 99.0565173292619 118.535624168455 117.799147091677 122.75180986469 128.548057221412 131.425373163127 133.019965141741 133.878940250981 135.605235249882 137.381703328947 137.912883922279 139.148299252201 116.101733622582 138.753887006448 137.97485117711 116.579965792454
262.658889923164 263.108822239139 112.37301112554 112.330212962928 112.280761079633 111.580398509168 110.593447904781 110.041327364878 110.34645960134 111.834040027493 113.561223906582 115.551395084216 117.512272513259 119.049039809742 120.224126192641 119.516902627122 118.283897341497 119.157996706473 119.465318112768 118.690182785141 118.409619493319 118.546093693395 119.425309448891 120.345177086685 120.981182299872 121.191915053273 121.379946842474 119.635313550787 115.26724812318 109.987956939053 105.235295640211 103.438956599317 102.889046949413 245.643013323429 243.86241880964 241.843364296735 239.979068362235 238.964351541301 240.295519579655 101.089718204687 105.083044481563 104.902331979563 105.046146159092 105.924883801331 107.114937417019 108.635712757106 134.080133609964 133.147902968054 132.783626436221 134.28671397384 137.634339312246 140.516733660859 142.638555775767 119.245239233934 119.185539208011 142.390863798363 120.957085866517
263.236047864564 263.776586504166 113.11912422231 112.978250812702 112.821099485184 111.90400478004 110.647368276911 110.013428770965 109.924128166796 111.073760389575 113.139913648428 114.955693172772 117.467026151728 120.63657378312 122.593185797703 122.95718540787 122.633445107188 122.682060255632 122.461873293061 121.519092461866 120.171225601704 119.975440982269 120.894892044091 121.445161556451 121.667529175802 121.911015447295 122.513092604117 121.341691397533 118.564978328088 117.163871494565 116.148148542995 115.356096026743 114.185020170664 110.458316113476 107.628321611894 105.633077668987 104.459706918208 104.522085588577 105.235598694442 108.136785615423 108.970024547002 108.800055861264 110.574512847983 111.561243886713 112.098552015088 111.418928217 135.407908610448 134.131513371601 132.046191368094 133.26166377128 137.986581104637 142.144128758599 144.659829272874 145.981672041126 145.575634484975 145.768544777726 123.982058981306
262.434228775618 263.163424007845 113.034192609533 113.407388646265 113.310264494202 112.494458206158 111.277033903051 109.56630630878 108.500002869333 109.431210576515 111.38923160446 113.275659239233 115.711114251427 118.451072536785 121.871362695332 124.520576047469 124.820996101921 124.209669228503 122.421612581458 120.967497910469 120.333332220564 120.951162075946 122.074874524646 122.262696160576 122.362781032769 122.857480770956 123.574219787384 123.586323479828 123.012001176963 122.928730107883 122.66129333937 121.807986167957 121.364194713632 119.438746235844 117.798553793014 116.477182896131 115.537223285761 114.68726230623 113.415211821041 113.777420967856 113.764917226626 114.325991174579 115.701091006817 115.188781303563 115.364957291154 113.835896030315 138.109970023612 136.879749457999 135.043863806907 137.78368165544 142.557862387253 145.42288202889 147.404510773833 148.5129830584 148.437788568658 148.862942354701 149.60862171593
