taller 3/murcia anomalia maxent/bio9.asc
NCOLS 321 
NROWS 253 
XLLCORNER -2.504166067 
YLLCORNER 36.745833473 
CELLSIZE 0.008333334 
NODATA_value -9999 
[rows 150 to 174 of 253, columns 57 to 113 of 321]
-9999 -9999 -9999 -9999 -9999 -9999 -9999 -9999 124.602973628381 123.609115333705 124.275761249045 125.255727575497 126.423684396049 127.611079314692 128.965527456736 129.93511503123 130.666082040923 131.248957173547 132.386980160601 133.577242427908 135.202468383562 137.137117846776 139.689043577056 141.722597580636 142.954795870663 144.086280973226 144.85060206019 145.661717770972 147.308312643062 149.150969922444 149.713795772163 149.621083908198 149.061329591727 148.538368010562 148.197908946018 147.773774615252 147.511393790424 147.254979313385 146.995463781197 146.804841501632 146.614186344103 146.477670146518 146.223553131853 146.121871217955 146.066669305471 145.835206184013 145.597070480638 145.301660390968 144.485506498643 143.193632813292 141.135124535238 139.515724920338 137.187803147123 134.188194462209 132.899350901984 131.420382295984 128.383217716177
-9999 -9999 -9999 -9999 -9999 -9999 -9999 -9999 -9999 125.596831923058 125.665593429651 125.87003616716 126.331695956189 127.253193905377 128.698616419813 130.45308826677 131.986813622431 132.845694726812 133.600039731074 135.207006347236 136.817577835219 138.617871868364 140.214428774893 141.981004432685 143.413371301033 144.380572211469 145.589395466011 146.659250319423 148.866429634159 151.092173235609 151.296993093729 150.631518269834 150.01100955283 149.240899664641 148.590522143917 148.137473057467 147.790302781726 147.515002800183 147.263363159138 147.082744686983 146.920677051339 146.800334896104 146.568469841509 146.049449513327 145.654387735877 145.271661538607 144.96207075857 144.563259717297 143.525750307862 141.880082149195 138.884190033484 136.217118999312 133.655880792914 130.368337001594 128.311339311941 127.971439179573 128.329467313723
-9999 -9999 -9999 -9999 -9999 -9999 -9999 -9999 -9999 -9999 127.396699858307 127.738913708636 127.420125120701 127.856878226811 129.353409285075 130.708698404054 132.650358424009 135.045514509902 135.982616386779 136.456424540426 138.488491219408 140.623497918986 141.149056992219 142.074935885974 144.041488409074 145.905492771498 147.990084960486 149.643532106801 151.580208622846 152.796964858349 152.311347601919 151.490286202252 150.812164147823 149.826316417001 148.916317565275 148.217760717829 147.785260734549 147.597160197719 147.343282938904 147.190399190605 147.040273975149 146.873604407391 146.510241309065 145.78125826559 145.153195361399 144.635756646589 144.180235100854 143.625493435364 141.731843588573 138.363383124355 135.057116155852 132.439299557159 130.450731542013 127.402951663893 125.949478888327 127.10626790469 129.107136781521
-9999 -9999 -9999 -9999 -9999 -9999 -9999 -9999 -9999 -9999 126.93635975862 128.619775205833 129.27091725267 129.696624458461 131.069535406137 132.180381376853 133.615759527248 135.254491260951 136.00026174043 136.223352836861 138.260010942457 140.778211318519 142.395543135046 144.027337170354 146.118918010524 147.814046331286 150.098043688497 152.432623993464 153.378044561732 153.333547614849 152.733054760665 151.716407511005 150.920716688205 149.968635380537 148.994617243771 148.212319373779 147.758544675598 147.34494510659 147.059077599413 147.10633978959 146.995457923402 146.787645369954 146.299876296569 145.461415892467 144.732471510217 143.946835204103 143.107153811835 141.564214541444 138.883410651687 135.740707310222 133.640377047903 131.337830210833 128.843495483575 126.953220770258 126.20455336682 127.003107858217 128.018737811707
-9999 -9999 -9999 -9999 -9999 -9999 -9999 -9999 -9999 -9999 -9999 128.432203243008 129.349641398809 129.682670539768 129.791854935837 130.63136367109 132.291930825684 132.872060130333 132.971509388372 133.393606790607 134.825490966158 138.014271449466 141.294522088753 144.00636688184 146.878905748682 149.481181304669 151.460452010603 153.166667084188 153.545233132568 153.371557379888 152.714877072399 151.656305914463 150.737720290003 149.609812549163 148.571972966458 147.82288518397 147.353845524127 147.001105784648 146.790743102718 146.706833057436 146.637789739757 146.552803530441 146.024982056759 145.243470529621 144.165552864965 142.825964564478 141.149607749508 139.611598092591 137.928798729693 136.472269902266 134.714382447998 131.958668794841 130.183871527755 128.872041569649 127.092297759864 126.02554705052 126.546142435152
-9999 -9999 -9999 -9999 -9999 -9999 -9999 -9999 -9999 -9999 -9999 -9999 127.11305028987 127.194942047213 126.964968369131 127.464324443153 129.044964759975 130.274461736083 131.290021019941 131.718531098331 133.019311683979 136.655608131436 139.794997528625 142.292999708116 146.164533849402 150.208670670944 152.031317050955 153.077545442496 153.443642650662 153.139430386566 152.321204692688 151.265038266999 150.059254035305 148.99388355272 147.90164057203 147.192319528299 146.793925635657 146.473709466392 146.348993447905 146.346735220189 146.234794877473 145.78969685709 145.198208511393 144.350792202582 142.785199783916 140.722618212881 138.878029091159 138.559326117189 137.933233738992 135.589073671455 133.306539875077 131.427796460761 130.310346194277 128.056791032921 125.696020105377 125.108054495337 126.556740648417
-9999 -9999 -9999 -9999 -9999 -9999 -9999 -9999 -9999 -9999 -9999 -9999 -9999 123.792728824144 147.875827789862 148.754629564174 126.683335246825 128.538952176526 130.810458827898 132.70336703543 134.557362348924 136.702256377612 139.097287452498 142.363068912469 146.676974805228 149.978920880812 151.79168958242 152.675861496998 152.869866382811 152.508839452089 151.601924198646 150.485528475678 149.232574234583 148.153954214297 147.170769031911 146.476870900961 146.107096559968 145.855032379997 145.778645977392 145.721564019632 145.417597061858 144.811721857698 144.073929306881 142.490933358444 139.994595378372 138.144000439588 137.103093083668 137.260372618212 136.851188834527 134.345097066247 132.281809414082 130.540245908851 128.745743906131 127.337464140393 127.094776237884 127.426574650633 129.248231108307
-9999 -9999 -9999 -9999 -9999 -9999 -9999 -9999 -9999 -9999 -9999 -9999 -9999 -9999 141.553756253059 145.382106878742 149.264748167049 127.366353104032 130.264001229865 132.882165365455 135.306079761975 137.11954420039 140.043739104266 143.711948856814 146.967024708871 149.28939931336 150.84202359741 151.638964425236 151.604629674454 150.502837304559 149.161466352377 148.764953176397 148.031499910719 147.119128321159 146.366423987524 145.691799886732 145.30189111614 145.110796599201 145.068068772412 144.831787084768 144.399891493477 143.834150707062 142.806359633703 140.58076429785 137.910154286297 135.93296639885 135.048904877679 135.479659998233 135.479208602687 133.830295362275 131.476270144874 128.365893044771 127.781615827485 129.488456593073 130.492033456754 129.540288354076 129.593290187739
-9999 -9999 -9999 -9999 -9999 -9999 -9999 -9999 -9999 -9999 -9999 -9999 -9999 -9999 -9999 143.390363710496 147.146890579173 150.259820075162 130.052576041072 132.44306723667 134.236658151243 136.765109518093 140.804655732175 144.433879943647 146.262464995501 148.156360857767 149.423527789895 149.995245072176 149.562362581736 146.550101550292 144.957896490939 145.932438603231 146.266900718763 146.331433507943 145.565250312591 144.873690072022 144.515317100028 144.329541203683 144.309507625327 144.127268015471 143.814879194657 142.904994120623 141.588533983988 139.378457090181 136.875465428692 134.578296319656 133.255701071099 134.358379717267 134.326442069398 131.664994565432 129.59712897909 129.388444020175 130.890404552217 132.1049324401 133.26073027871 132.401802104804 131.562201206451
-9999 -9999 -9999 -9999 -9999 -9999 -9999 -9999 -9999 -9999 -9999 -9999 -9999 -9999 -9999 -9999 148.463499155105 151.165999177376 154.08468022184 132.107225912464 133.486937149806 137.148655739478 141.127982235985 144.108788349376 145.905784634552 147.410560637174 147.918332928765 147.133510435227 144.936801837992 141.008404586172 139.912598318969 142.672192672913 145.053835109912 145.741868304796 144.961475105278 144.219716831022 143.805509470848 143.590988521273 143.47805993748 143.453323791413 143.230124491659 142.234605978676 140.107184842666 137.549430393217 135.825120694662 134.396820177885 134.277727317995 136.002921889216 135.764610701617 132.166949370267 131.107277307476 133.521696074454 133.381308583723 133.223812431054 134.449435304385 133.965532189642 135.187754648146
-9999 -9999 -9999 -9999 -9999 -9999 -9999 -9999 -9999 -9999 -9999 -9999 -9999 -9999 -9999 -9999 151.667465322525 153.115174545047 155.059162106947 156.64760245756 135.985437258655 139.82760423627 142.554712744945 144.066553544097 145.62952918354 146.60100849891 145.954537458541 144.058381245402 142.311249390268 140.486297751293 140.307234309267 143.035983282325 145.127045496224 145.103304207108 144.348873398208 143.625796322541 143.176679737338 166.186067412555 165.869062935182 142.682209042632 142.495483103923 141.413841471333 138.832227609412 136.26039876729 135.017380758307 134.938909520195 137.362985634418 139.169968558161 139.033317197998 137.377724012461 136.932610390802 137.662656296214 135.878542573637 134.006142860873 132.133821434197 131.280599235854 132.743204770354
-9999 -9999 -9999 -9999 -9999 -9999 -9999 -9999 -9999 -9999 -9999 -9999 -9999 -9999 -9999 -9999 -9999 154.401505898251 157.276294062196 137.07082912851 139.421860310205 141.634421825049 143.588460641709 144.596461345754 145.017154752288 144.849014543919 143.320887758296 142.871987428569 144.008775094671 144.604648978971 144.898957061589 145.499913873402 145.392768630846 144.720063864787 143.866088700072 166.2469559951 165.899953436177 165.950250330939 165.794486638908 165.467964772413 141.778414321606 139.837209490852 137.624001102185 135.75202150992 135.061430997931 136.926158345875 139.682978412268 141.88276401617 142.644547291784 142.277709318805 141.153114219115 139.528407786194 138.002211166573 135.085442510882 130.834829806432 131.210259523611 134.265313403457
-9999 -9999 -9999 -9999 -9999 -9999 -9999 -9999 -9999 -9999 -9999 -9999 -9999 -9999 -9999 -9999 -9999 -9999 160.534097642332 140.083716461194 141.638499757604 143.130245068989 144.032824993986 144.141830395201 142.994100084751 141.496757810759 140.965010431141 142.471158317644 144.384310504174 145.772624514609 146.333740857018 146.167288083919 145.717643533787 144.950970014156 143.674528047802 166.022456311896 166.146194055784 166.4999987079 166.378134046261 165.166718591204 163.087783689177 160.507259920387 159.406964283775 136.494368092816 136.824626126433 138.91401196169 140.081035467976 142.750114867111 145.248748389463 144.434050994395 142.358096999473 140.16965255644 138.59270503152 136.302915280531 132.860815234926 133.321883882142 137.477453879655
-9999 -9999 -9999 -9999 -9999 -9999 -9999 -9999 -9999 -9999 -9999 -9999 -9999 -9999 -9999 -9999 -9999 -9999 -9999 164.7387620453 143.393541331694 144.166567590866 143.49713702463 140.328140503587 136.75779091614 136.665958400934 139.975497178244 142.417997329478 144.295526995485 145.789241294062 146.333822352983 146.387846530875 146.123605490721 145.112540121126 143.54399430519 166.201554576888 166.993820381796 167.227385072706 166.419888933728 164.213410330724 160.722098861758 158.67703784445 159.409825376692 139.018425302503 140.777264909244 142.163119048277 143.066415015801 145.182279166375 146.30667380187 145.165745837629 143.958244836314 142.558895714691 140.568167917155 137.233164558998 134.459162788028 134.218738272411 136.985316091571
-9999 -9999 -9999 -9999 -9999 -9999 -9999 -9999 -9999 -9999 -9999 -9999 -9999 -9999 -9999 -9999 -9999 -9999 -9999 -9999 144.797524616973 143.991382547146 141.047809161331 157.858780762331 154.118875366189 157.649931114142 140.23984933909 142.869151563287 145.139674475422 146.165738586286 146.58106032149 146.805241494047 146.46423486042 145.245773615333 143.780776782936 166.695594974801 167.807445705816 167.729688291922 166.188407663013 162.91431339614 159.142220769003 159.319695712367 160.216336975501 140.034183817226 143.343365851923 145.690645391865 148.055677506625 148.67056501167 147.473493734886 146.355137359885 145.59130935352 143.442560502088 140.136744672778 138.71409424348 138.135588313762 136.742884396245 139.201619138741
-9999 -9999 -9999 -9999 -9999 -9999 -9999 -9999 -9999 -9999 -9999 -9999 -9999 -9999 -9999 -9999 -9999 -9999 -9999 -9999 165.435082689511 165.091110614234 160.770173272058 156.415729178801 156.268461030123 159.950224942401 141.594358996816 144.74282175913 146.644302049833 147.442490743458 147.279377950866 147.501194825886 146.659837596378 145.10339366754 144.422600587978 145.409873704307 146.236743210658 167.9724742121 166.147527848784 161.787320160768 158.680924975557 161.388741564421 162.614665227295 140.899630094259 143.376844746387 147.163292616188 150.059864276551 150.358977478198 149.281218285144 148.111201423538 146.504392140647 142.606092213291 140.282763335972 142.762358471402 143.921720598713 141.934781112353 143.910281347876
-9999 -9999 -9999 -9999 -9999 -9999 -9999 -9999 -9999 -9999 -9999 -9999 -9999 -9999 -9999 -9999 -9999 -9999 -9999 -9999 -9999 165.779054764787 161.202509222218 158.893395377645 161.138466343647 142.182355030231 144.695076539713 146.857843869373 147.921239093327 148.584487544004 148.670108245024 148.246167942499 146.961291042132 145.71321494331 146.105213558761 147.365918490848 147.435531837829 145.726511433889 165.440701553937 161.351114196438 160.284231092154 163.817354586007 144.652809135711 144.581143198609 146.342686259511 149.911347408766 151.378179993398 151.721693219291 151.129881605752 149.029903017935 145.987042781387 164.47138589162 145.422904674055 148.353447533354 149.282316114396 148.191780402358 148.95503854662
-9999 -9999 -9999 -9999 -9999 -9999 -9999 -9999 -9999 -9999 -9999 -9999 -9999 -9999 -9999 -9999 -9999 -9999 -9999 -9999 -9999 -9999 165.996603344669 164.884220452801 144.045163636182 145.842307134268 147.076927002162 148.21812846786 148.882599100255 149.353942251531 149.329295226225 148.333460476223 147.58242475934 147.627437486258 148.227947212446 148.761996024792 148.111963401945 145.783051705955 142.419661256869 161.568471403514 161.954151343546 144.491393330771 147.681476894339 148.633236964368 150.318755576931 152.304202183465 152.593126508813 152.908332111896 152.593110050392 150.414062678594 147.894509651964 148.405626932994 151.483894272013 152.874972500632 153.33096833338 153.612804821894 153.628002544569
-9999 -9999 -9999 -9999 -9999 -9999 -9999 -9999 -9999 -9999 -9999 -9999 -9999 -9999 -9999 -9999 -9999 -9999 -9999 -9999 -9999 -9999 -9999 148.086185059828 147.617665312379 147.979210096471 -9999 -9999 -9999 150.065095939994 149.602577794607 148.293525329332 148.142726789433 149.054591002889 149.664234843698 149.788802637645 148.681774296167 145.586943920195 142.428201144835 161.557683676863 162.12710190794 145.63506825763 149.163836057235 150.788166843565 152.036302062953 152.372032578678 152.977763277102 154.444507313568 154.403852209714 153.03655624135 152.540997605088 153.693270382431 155.446243106536 156.196617875222 156.027196265409 156.461648234641 156.78735464468
-9999 -9999 -9999 -9999 -9999 -9999 -9999 -9999 -9999 -9999 -9999 -9999 -9999 -9999 -9999 -9999 -9999 -9999 -9999 -9999 -9999 -9999 -9999 -9999 -9999 149.450393145368 -9999 -9999 -9999 -9999 -9999 -9999 -9999 -9999 -9999 150.498766583463 149.396535875754 146.548127172502 143.846879750525 142.133409168107 142.936217410811 146.441758806452 150.052414031545 152.480832976822 153.188763741242 152.49047357013 153.033682408875 155.602959257503 156.586253938234 156.181564610015 156.630714260653 157.75569390483 158.299314694562 158.495326494486 158.547185504132 158.86633608673 159.247707946533
-9999 -9999 -9999 -9999 -9999 -9999 -9999 -9999 -9999 -9999 -9999 -9999 -9999 -9999 -9999 -9999 -9999 -9999 -9999 -9999 -9999 -9999 -9999 -9999 -9999 -9999 -9999 -9999 -9999 -9999 -9999 -9999 -9999 -9999 -9999 -9999 -9999 148.5320837811 146.490572794241 145.577048627166 144.96948382462 147.408955578546 152.184902002528 154.185544892363 154.126294326095 153.666323528485 154.334010422722 156.622355922879 158.235208651631 158.992988372482 159.935478130007 160.403072760634 160.160361579242 179.458207279366 160.49633695649 161.107624905018 161.153353414095
-9999 -9999 -9999 -9999 -9999 -9999 -9999 -9999 -9999 -9999 -9999 -9999 -9999 -9999 -9999 -9999 -9999 -9999 -9999 -9999 -9999 -9999 -9999 -9999 -9999 -9999 -9999 -9999 -9999 -9999 -9999 -9999 -9999 -9999 -9999 -9999 -9999 -9999 147.878659959772 148.16243742635 148.278687328923 150.936296129093 154.842310990597 155.62495610007 154.709324930709 171.942577669223 155.781625237601 158.126093594201 159.4581938229 160.485851710283 161.584393893758 162.009826824852 180.788091153166 180.063739739804 180.854336797094 162.513328298317 162.356059588415
-9999 -9999 -9999 -9999 -9999 -9999 -9999 -9999 -9999 -9999 -9999 -9999 -9999 -9999 -9999 -9999 -9999 -9999 -9999 -9999 -9999 -9999 -9999 -9999 -9999 -9999 -9999 -9999 -9999 -9999 -9999 -9999 -9999 -9999 -9999 -9999 -9999 -9999 -9999 -9999 152.901074818438 154.973460143109 156.595511637067 156.902489934744 156.172725453057 173.053711410345 174.548564491133 159.424813598987 160.475950415459 161.37518022594 162.559892861214 163.335372476768 182.320968929319 179.500002094237 182.139434015055 183.308953994379 163.543493488649
-9999 -9999 -9999 -9999 -9999 -9999 -9999 -9999 -9999 -9999 -9999 -9999 -9999 -9999 -9999 -9999 -9999 -9999 -9999 -9999 -9999 -9999 -9999 -9999 -9999 -9999 -9999 -9999 -9999 -9999 -9999 -9999 -9999 -9999 -9999 -9999 -9999 -9999 -9999 -9999 -9999 -9999 157.545359472509 158.202292576954 158.335856135357 158.427807299302 169.666668005197 160.467659261698 161.430283861482 162.359931223333 163.409115438624 164.531694751206 165.768672283201 167.833332917771 185.656591379035 184.698654583618 -9999
-9999 -9999 -9999 -9999 -9999 -9999 -9999 -9999 -9999 -9999 -9999 -9999 -9999 -9999 -9999 -9999 -9999 -9999 -9999 -9999 -9999 -9999 -9999 -9999 -9999 -9999 -9999 -9999 -9999 -9999 -9999 -9999 -9999 -9999 -9999 -9999 -9999 -9999 -9999 -9999 -9999 -9999 -9999 -9999 159.9116218182 160.161401357349 160.603314062734 161.351641264041 162.297589735466 163.256400831595 164.291037553773 165.450746929496 -9999 -9999 -9999 -9999 -9999
