taller 3/murcia anomalia maxent/bio9.asc
NCOLS 321 
NROWS 253 
XLLCORNER -2.504166067 
YLLCORNER 36.745833473 
CELLSIZE 0.008333334 
NODATA_value -9999 
[rows 125 to 149 of 253, columns 57 to 113 of 321]
-9999 -9999 -9999 107.783150111794 110.491480406005 113.821116422834 115.221289941921 115.449698699062 111.871427415915 105.003374377616 108.263769854853 118.001579694928 122.949412643423 125.935652761615 128.443480522065 129.547918780974 130.318653524103 131.775894513908 132.686370557598 132.40537238234 131.052204761938 129.808592667735 128.829463448978 128.378406777188 127.167105873061 125.942812760402 126.243579158905 126.654431385769 128.410350640849 130.578663378072 131.113699608466 130.690893358748 129.955081737837 130.033994555919 130.614867888516 131.661721718864 132.204093676127 133.171467431099 134.4889680245 135.142785594619 135.297646720207 134.81783628265 134.077977941159 133.825138049307 133.163824479286 157.570273160934 157.362897833177 157.296669311872 156.976504085692 156.441158302099 156.78168364349 157.434533007179 157.642593827954 157.565806900211 157.426925539009 156.337601884585 156.908145602515
-9999 -9999 109.384487855508 110.985825599222 113.150550976525 113.444788610192 111.136379232347 110.166665498955 110.130734174487 107.549407671014 111.927940242403 120.384354529028 124.01756258367 126.764239301297 129.039219778215 130.45025495046 131.215443694355 132.279589314953 131.871296727638 131.215882370687 130.730732924601 129.808184229077 129.287918089578 127.679651613743 126.467087711436 126.279390005019 126.801798754961 127.785967583381 128.919589260368 130.380819387821 131.600832588761 131.334154858871 130.844188677758 130.467345278475 130.506335646211 131.67326522277 133.33988331686 134.881160776575 136.32889183265 136.316771403468 135.889194219321 135.198641251602 134.868423993516 159.585064413316 158.514891337213 133.108095638667 157.789574006375 157.863416436652 157.550282105677 157.027640024348 157.519769260868 158.47025940455 158.690479412851 158.592322395693 158.354279938802 157.454784470846 158.380206784049
-9999 -9999 113.288734016192 114.59861656251 113.786229830639 110.862186371152 104.378355325811 102.514690471006 108.299440763501 113.51068026396 118.62883914074 123.426209450316 125.507671248885 127.846604989955 129.639623629008 130.99966553656 132.269169420233 132.093766871853 129.882209797387 128.856373298956 129.19706906494 129.552976824865 128.927931602014 126.931396116698 126.419785115469 126.410533683855 126.892571961965 129.191162911531 130.036461015415 130.550248098047 131.335863523616 132.003359423115 132.27458819973 132.015862524078 132.126003058465 133.302292560341 134.729230044302 135.974486307159 136.631689706266 137.392472742424 136.749689441083 136.396126675586 136.177872401563 159.899263836588 159.081459480338 158.550503751409 158.138836299776 157.962315517246 158.063025278116 158.323439485021 158.797515855042 159.345602841943 159.256749458286 159.921861295384 160.827692419845 161.123572026184 162.306620137305
-9999 -9999 105.268622173138 111.97885146987 110.667170588267 105.537398884908 97.5628274765401 96.2338973958763 103.244594881928 112.818414521253 121.114871931198 124.074606281462 125.808746968978 128.655160307946 130.524754721691 131.795072938017 133.109883590265 132.165744286321 128.670734309986 126.14809170445 126.503055657901 128.536838405229 129.084845070981 128.696923356753 128.784186522432 127.7820542269 127.710710761514 130.080127016853 131.124308772711 131.240951246634 131.730937658747 132.384396074237 133.384742205573 133.766767157705 133.614511299323 134.190891404182 135.438274293574 136.416784066764 137.089032961385 137.456168901096 137.284333757586 137.226876387705 136.865738743455 136.196211818077 135.185865797552 159.238831028114 158.48282063989 158.082803087203 158.626372422634 159.462900774012 159.886355014571 160.15199721082 160.131199645369 161.25122582156 162.432083800343 163.132971745319 165.703016938942
-9999 -9999 105.268622173138 107.906513123478 107.869637559001 103.394912484343 94.6883219299518 91.3299499554915 98.9248158534942 110.771503332336 120.18931951205 123.697836018489 126.13371532546 129.025609828299 130.775066793316 132.323731057551 133.611857309332 133.206534390971 130.770980169968 128.71874218573 128.487093383384 128.652486320806 129.465603354511 129.896619294493 129.681653267669 129.398791002102 129.729591841368 130.989129203962 131.879866739249 132.451404844043 132.161655266849 132.081228797528 133.374399222788 134.749358885064 134.911879653319 135.470678241467 136.358625435036 137.266889338555 137.820079626727 137.985891647764 137.78603051627 137.702196532977 137.163937840309 136.492529434188 135.363243408073 159.09906850474 158.096751295501 157.299600685549 157.079417592298 157.750324785795 159.419903546571 160.493694548125 160.512518524019 161.587916162318 163.147829123452 164.173754353866 166.390068641444
-9999 -9999 102.416950056836 103.27786344384 102.544354357388 103.597849042656 99.1229872596276 95.8104729513758 103.354420307779 114.699360821329 122.413716898069 125.511641161237 127.646468039838 129.315570147326 130.558697230228 132.072192539976 133.16769069864 132.922195374675 132.515201851939 132.915191517486 131.882874997787 130.038155273291 130.155518434751 130.539110929106 130.160883449339 130.563016599314 131.641931935477 132.418529170883 132.807177865663 132.572095390914 131.739313183776 132.302164673644 134.168998493915 135.788462956295 136.442711759432 136.692740105415 136.928361811056 137.544732159692 138.00688691975 138.183290106253 138.006748990695 137.716557910488 136.829848636782 135.950233163646 135.16061975899 133.680014608028 156.294055819549 154.488069566992 152.558957233041 152.773144504831 154.887000409041 156.989251062434 160.119341612228 163.364964838849 165.316655343816 166.732383692975 167.378833729755
-9999 -9999 103.075316388146 101.556036669832 101.713065016167 105.43807737522 106.967086400352 108.629815209984 114.374451307987 120.776464531627 125.077741424482 127.121792000132 128.497533890127 129.766671845482 130.948895849754 131.668590252175 132.339780861835 132.382897893698 132.652697821526 133.408854051065 133.299513425354 132.772005018835 132.21756314566 131.575187606788 130.791423522877 130.679366416474 132.012782263315 132.918969454026 132.167475288419 131.064594219075 131.439969085537 132.816664246443 134.763306436711 136.505791607587 137.214838862617 136.852478038237 136.844835327765 137.453943706571 138.375115475114 138.394985507008 138.310091595861 137.667522073129 136.586050628252 135.319304253237 133.821612917231 156.090445675311 153.094698667784 150.173343457491 147.510319681121 145.930377013954 147.482311881633 150.925071979366 158.325016731911 164.161939530321 164.719746059684 165.558189078522 167.49818791211
-9999 -9999 104.359747354169 104.594596106459 105.045968078118 105.683269924962 110.704526660384 116.850765763984 121.106844642511 124.50487954338 126.844923977572 128.41127964328 129.326383822176 130.315016138401 131.193026354587 131.670464285206 132.059908952714 132.350024147812 132.67197184301 132.995051474609 133.563098564477 134.016474569668 133.427867009315 132.525568424483 131.264466115872 130.999841964488 132.158184925911 133.036000132548 131.844654582676 130.519461861219 131.50155451009 132.390816681049 133.471251326051 135.802169601463 137.377237938433 137.378622515581 137.005322580228 137.372688729045 138.294208247489 139.077180189088 138.755964071121 137.827859205273 136.564909149547 134.767415241419 131.429227094663 152.147921506131 148.769383896639 145.858069254697 143.53493899002 141.607081981647 145.266294690995 151.696286383319 157.169756310068 162.432208149624 163.768178181023 164.844929424222 167.821303319442
-9999 -9999 -9999 104.12489860188 100.522798917781 102.26895370885 110.706024318409 117.861927152196 123.242690690537 127.29392281742 128.934176410765 129.894936709468 130.603277887165 131.227693774047 131.731297091148 132.310937062676 132.305311778159 132.069694950296 131.627050345557 131.86883713291 132.774336648056 133.191787951361 133.317464226344 132.816708988228 131.8991356683 131.970592206505 132.72823885869 133.16303392407 132.374507631448 131.541615758181 132.20760182211 132.647704446887 132.078159492554 133.356744725031 137.062377776159 138.258188729017 138.462832396463 138.214849855617 138.751664276725 139.324202403771 138.7345353532 137.517270993911 136.209109363432 134.394320760012 130.299187570214 149.369845940173 145.739175227075 145.732047198947 146.571934768535 147.157825765174 152.622677250869 158.013088258247 159.384448046239 162.061226704309 141.475979323514 144.044370478543 146.070920471667
-9999 -9999 -9999 102.884434899356 100.218414188118 106.5267825566 114.741900082624 120.516351904066 125.888524724975 129.315774745477 130.816302652249 131.704472315583 132.351558402442 132.564569939407 132.757544760086 133.379375679722 133.528911211921 133.325658082182 132.711526941692 132.848740789614 133.260595799608 133.136192816286 132.646058566673 131.702620756969 131.634644812515 132.333333154701 133.199081638423 133.086961355917 132.456690994394 132.755016487699 133.738693251611 134.43564048352 133.523508061308 133.200806169811 135.285900113025 138.105789235413 139.525622483717 139.905640627982 139.719905454319 139.318158609095 138.857275761549 138.191990158965 136.963697994636 134.56511427153 131.09481389643 151.061034268769 148.576588234432 150.22890841356 153.09109579915 132.384004061961 136.351095352379 138.573741420765 139.210551557718 139.809092103783 143.217886737972 146.475824235986 147.703395422575
-9999 -9999 -9999 102.987117769157 105.550455610594 113.151820373393 119.325573621977 124.477651129733 128.247768023616 130.750730412118 132.42339205961 133.399121793024 134.043929346684 134.210171163348 134.243391124228 134.366571572252 134.111451765383 133.97083018622 133.85882065533 133.605217292628 133.028471951611 132.379649158392 131.722950606816 131.377673480227 131.891009389744 132.700323282858 133.729099910189 133.802754359375 133.336475603448 133.898416647635 135.386256064397 136.350133827678 136.15323692202 135.770651012106 136.328951338843 138.904470696748 140.498680588514 140.561165731245 139.941924546198 139.781143501584 139.82137760506 139.250147567343 137.913070074261 134.559065672643 130.2832984093 153.008660787763 129.845133804056 131.704049998141 134.106924734346 138.271040209741 140.056373921623 141.106499120624 142.130643244522 142.872446757983 144.621621017946 146.488813972626 147.187192489792
-9999 -9999 -9999 103.35572430323 108.716687933195 115.402466623451 122.389289033824 128.145076391503 156.633021257591 133.428179702864 134.73004256764 135.216208049534 135.700368213569 135.946812837536 135.379735377298 133.862103799725 132.599461572345 132.7007199622 132.927590267999 132.459319502894 131.605109906135 131.158482576775 130.985339933007 131.379518960802 132.364611436446 133.020504709253 134.071929564674 135.200286715598 135.118294266461 135.428565398181 137.011412011231 137.889009606208 137.78153229947 138.163302545777 139.291725520333 140.974626133764 141.482504280226 141.16761960248 140.607570174142 140.893374718633 140.421000037173 138.709969992892 137.337715929922 134.848285784082 132.286564221194 133.189502824527 136.069712225742 138.891815479114 140.692410515352 141.934576607215 142.484408573574 143.024111528583 143.836280022722 144.571311824516 145.15724167046 145.532025863213 146.053271538492
-9999 -9999 111.477682200008 113.153244747357 116.948471902297 121.676288182633 126.048310061081 156.716274321323 159.166668762657 160.726349554038 136.535813621568 136.467298253622 135.694098046236 135.134358068015 134.382448198805 132.855159593595 131.93841683698 132.194138595684 132.116408167687 131.138787707737 130.586263012873 130.91206873739 130.925218790604 130.913000660071 131.425017264894 132.434888228437 133.467823786059 134.825278201876 136.119236424678 137.459877643543 138.744096604706 139.097601944878 139.382876512697 139.899249562712 140.776450830232 141.319695233121 141.712311710994 141.672056920117 142.083721907615 141.788901709757 140.344682628358 137.996319466039 136.833057531313 137.690397864235 139.044690264175 140.505542797712 141.84143901259 143.218987324777 144.016425420001 144.314135438355 144.42557020341 144.762796017208 145.06691286253 145.048574291793 144.795359133294 144.804507067115 145.192367907917
-9999 119.590344965664 119.964745044464 121.36383122806 124.916584514262 128.416567321498 130.33418627683 133.299183669364 135.529840364228 136.474543747361 136.726256365351 135.824022188871 134.033501476263 132.819746219707 132.889960014834 132.486785677207 131.0814624274 130.326712933771 130.093549550753 129.516005879621 129.697069265486 130.339997945249 130.724689528319 130.601938021962 130.107050067209 131.016506620151 132.384336918399 134.023168340851 135.778690773088 137.548796263169 139.410500680035 140.307858554427 140.956203707842 141.440945300503 141.801675431025 141.391392221881 141.668449628079 142.371862935722 142.802269694458 142.091877454005 140.31389294307 139.200562822852 139.628878298472 141.724003272399 143.569915515587 143.993188215286 144.506418094977 145.176277468295 145.683406834612 145.882430750977 145.709177332481 145.612350021701 145.268927524278 144.875544229072 144.576261098438 144.500000787946 144.825404596631
-9999 122.47766553102 124.990586017576 126.622931201618 128.18433067251 130.340044549334 133.261884387744 134.872899681157 135.236983341132 135.266123616302 134.77303131135 133.938033020293 132.908837646026 131.744814163855 131.500278043636 130.753293214866 128.316615863505 126.263350192671 126.383280974202 127.415305066844 128.57103622482 129.297514921926 129.944855517727 129.918763022496 129.336662438661 130.032338836234 131.217956200681 132.514837559173 133.16300428413 133.665968420856 137.070022839868 140.270763774057 141.007864180802 141.942747217206 142.584322724728 141.904276860336 142.204170598398 142.677920356603 142.927371319757 142.531024550454 141.547248132179 141.366244419232 142.62995188034 143.892581564007 144.727845332368 145.298165252453 145.509343379789 145.978275700376 146.270682321935 146.293042148347 146.170370823273 145.830125035117 145.34502640539 144.932229634082 144.684926938626 144.555644077567 144.677299422305
-9999 126.382272627111 127.773959236647 128.175912605888 129.817088609602 131.985102330755 133.175606173133 133.170506461427 132.167498536476 132.023774690991 131.764723147085 131.14892594804 130.527165429408 129.672797165921 128.853086224941 127.257014050569 125.032518419484 123.528841762181 124.816781963306 126.62077255862 127.204746435511 127.458049994912 128.050344610765 128.203498986071 127.859269082129 128.288579576554 129.030196360672 130.426243301687 131.84740186573 132.427776622027 134.473099493903 137.143510359725 137.72857974299 138.41147109976 139.424779227767 139.937961426769 141.540533202967 143.029643310694 143.1005381074 142.890846559282 142.855092079762 142.743220474232 143.312543801125 144.262586448419 144.730670320113 145.256757751842 145.569431011365 145.938970842953 146.189046451727 146.201465245574 146.139639704504 145.924869627399 145.543475987908 145.204662445541 145.004888379271 144.750774947199 144.609140075068
-9999 128.578291361537 129.382623486428 129.553454140722 130.43691292989 131.385113977606 130.665589143198 130.356019904656 129.641402294241 128.452092140776 128.373935492363 128.386263740583 127.586127297926 127.681589902687 126.497540098955 123.584197284124 121.797750543889 121.167068398236 123.572529730556 124.90296122912 124.064631056479 123.983143707356 124.975032067946 125.135772616008 125.011339809106 124.835835428425 125.678568117516 128.641660452505 131.12720605673 132.784637418554 132.909370472891 133.002804945141 132.539759446794 130.18888076667 130.165791623715 133.820352741133 137.649820658906 140.121261581513 141.901458540853 142.739023578398 142.849156284977 143.106223536647 143.454133391961 143.997706501132 144.625878362909 145.180205840595 145.621666963193 145.957546863845 146.097040019377 146.173398650387 146.17541664886 146.065452391707 145.854139246725 145.612354744488 145.135679919868 144.362922420408 144.10739721053
-9999 -9999 129.382623486428 129.488022062348 128.95778068194 128.242393401808 127.247598652449 127.370100723983 127.060931258112 125.325938370246 125.114332453562 126.085000036234 125.835343694637 126.317783362918 125.631595168466 122.289510518738 120.251066026705 119.607683998293 120.799535923313 121.332415163593 120.670807619598 121.23595802307 122.305868423529 121.74906088584 122.042723896814 123.063767900008 125.092970956257 126.81506245816 127.678510525359 130.096248362672 131.1069891964 130.646445012212 128.216693706916 124.392908364181 126.498831405835 132.579450873201 135.8971803754 138.499509242477 141.606911442884 142.756807969189 142.677462465745 142.825954859374 143.128567576099 143.591427011136 144.328990253185 144.993207992325 145.49979663497 145.876401067494 146.159616294224 146.366607804467 146.355460521697 146.27450138371 146.013594362573 145.707716661019 144.77428396908 143.264405465048 142.868337480806
-9999 -9999 -9999 126.433702833687 125.770274826984 124.335598401344 122.860054442974 122.82101406025 123.462565616293 123.123283356894 122.446882178006 122.244443896798 122.509131540287 124.225862871044 124.942676594095 122.956334292046 121.24662708999 121.106416407343 121.289624450633 120.925060941383 120.640710857321 121.353793924342 121.976327240127 121.01751401852 121.165273096442 123.894652198935 126.579033744701 126.58844945937 126.920572037122 130.040351318839 132.183558621913 132.471655964882 130.666282471208 128.640753063929 131.151515495009 136.101771845776 138.987113077171 141.175161938292 142.821422298862 143.053982878266 142.790758551449 167.512418526082 167.641329820112 143.494717127047 144.121983453445 144.733747759997 145.29125828287 145.789525935201 146.15742697931 146.391534396095 146.453866913439 146.185171456355 145.942847395802 144.742775617964 143.104409319762 142.278847028654 141.418350050562
-9999 -9999 -9999 -9999 121.502747261902 119.387039169484 119.149657936141 119.58832475312 120.533139693328 120.50267215879 120.126879932668 119.561923367212 119.610792608134 122.037433220736 123.922524353738 123.607136851733 123.72110715116 124.21745633765 124.146263746755 124.046237504248 123.989512958877 124.190680758201 124.42560269785 123.936294813563 123.981002288119 125.256447643321 126.666529497089 128.350274045107 129.999227261814 132.076000087735 134.502109667752 136.265528955565 136.40704698177 135.341808328782 136.915272358503 140.140173843414 142.312724817835 143.239707604014 143.464950816597 143.290614941643 167.746838930229 167.666665832643 167.758120714371 143.660336832233 144.291255289298 144.895311605296 145.460672110344 145.94825929143 146.315717189407 146.449329353345 146.272990863924 145.897127053743 145.4400221787 143.075557515562 140.868979717644 139.856877326465 139.008531533366
-9999 -9999 -9999 -9999 -9999 115.915550119629 116.658083534603 118.715504140875 119.716749893558 119.742024491471 119.695810604727 120.181090398826 119.921823626554 120.604369625604 122.598394046861 123.910181830741 125.174354584169 126.176944293413 126.556319216376 127.261639704548 127.562099795018 127.234923607086 127.467485299 127.91105148209 127.073506858351 126.354917471231 128.33404561111 131.142314187496 133.049235156154 134.063682966224 135.4138157692 137.235892941561 138.530035691264 139.432052461674 141.748775780867 143.750620564222 144.394426061858 144.491820404873 144.077903672961 143.626867325757 168.010678484269 167.976121569727 168.091234502148 143.997948067523 144.48601709267 145.06184530753 145.618717741725 146.046443219254 146.342900913992 146.32005397278 145.962968737999 145.466720361534 144.500241176707 142.184685162646 139.670796258171 138.448801987736 137.967543310967
-9999 -9999 -9999 -9999 -9999 117.827275271054 116.847881371859 118.711013811292 120.72765473047 120.976078981503 121.079279949739 121.487111612095 121.536042764893 121.408172640971 121.628992247139 123.312017230149 124.664212731948 126.330600975428 128.130217086207 129.303866572227 129.81087019046 129.329703736652 129.467870839516 130.516578422895 130.058989224173 129.857488262089 132.279803664918 134.551519546757 135.503437682866 136.226376335636 137.165682510829 138.953322967583 141.20399300349 143.269122579857 144.632370758414 144.98334140411 145.271213045828 145.163517041467 144.677827197072 144.214284196685 143.969638898636 143.989719736289 144.201779605821 144.504205261622 144.832703503086 145.276096584652 145.761476354104 146.158130035824 146.352716040127 146.143228618216 145.701210479633 145.154985117524 144.162531269945 142.559029293463 140.78882887793 140.203322061695 140.004862216256
-9999 -9999 -9999 -9999 -9999 -9999 118.806669170252 119.541732138646 120.777432639865 121.783545050307 122.563898891172 123.451250696375 123.624845608259 123.149153340875 123.479276012752 124.279065734487 124.783500766717 126.224549281293 128.874958460988 130.958901751449 132.079362315538 132.448066211649 132.470252838115 133.472899871555 134.629700898866 135.319859528876 136.495072462091 137.661016667092 138.266694785466 138.707486221309 139.998405148674 142.544894062643 144.531798786261 145.976101977439 146.173209200437 146.088265621819 145.971909600558 145.801072914732 145.315071886274 144.958894511094 144.718272505404 144.652019659796 144.749972387294 144.995785721088 145.27144018009 145.589747113377 145.949300499971 146.262190431955 146.252398664944 145.854601483239 145.250662600158 144.664392168251 143.637730517875 142.820108684638 142.022750276375 140.877941833378 139.489954885886
-9999 -9999 -9999 -9999 -9999 -9999 121.158688553488 120.501413159427 121.235769476375 122.129348448218 123.14900190116 124.420147468525 125.074101363419 125.568056458653 126.349922878216 126.911854387353 126.995272522552 127.853985270001 129.852113944661 131.748442815468 133.171942956623 134.911081551448 135.953093283308 136.815195761458 138.07644949784 138.98854154806 140.059671950101 140.515813807341 140.8779562172 142.014713039926 143.4805964181 145.239555514687 146.410259835381 147.187563747312 147.166500147577 146.947991923437 146.790070128704 146.432810474738 145.968596779139 145.660484581209 145.490865189558 145.365968449474 145.309311464801 145.466693011135 145.670684535399 145.920827660449 146.098055886187 146.105709664106 145.719352542432 145.010096683243 144.182824218112 143.557584814932 142.377175226515 141.408284199155 140.582669902026 139.151337195535 136.802716903765
-9999 -9999 -9999 -9999 -9999 -9999 -9999 121.81596394755 122.151970205746 122.702699760542 123.857865782215 124.955008784534 126.081648913581 127.221747272157 128.257697996457 128.619513416396 129.052715885501 130.140779984588 131.23550758 132.113527746951 133.6024553171 135.798078208971 138.103814616234 139.42562055006 140.623661055113 142.149235673765 143.330891739226 143.830593563557 144.586428723655 146.164465004127 147.079071485159 147.563161897114 147.759527335765 147.864262139058 147.591259801046 147.323069909459 147.192023487886 146.900516512154 146.567168509952 146.301910491403 146.110385142696 145.990953340198 145.854300634818 145.914406666574 146.026698047919 146.099602265807 146.021044172711 145.761339595916 145.108987097815 143.995737608687 142.774165942624 142.165142453835 140.714371152253 138.920272873754 138.009546783482 136.13991643559 132.475575745845
