taller 1/variables/bioclim5.asc
ncols         720
nrows         300
xllcorner     -30.008325510658
yllcorner     30.991671412252
cellsize      0.083333337679505
NODATA_value  -9999
[rows 66 to 98 of 300, columns 518 to 591 of 720]
192.36 202.51 212.64 217.79 219.95 219.8 220.84 212.04 211.86 219.57 226.26 229.43 232.16 233.66 234.42 231.1 226.53 225.49 226.83 228.4 230.78 234.04 233.41 230.28 225 225.14 226.97 222.99 220.54 217.6 213.04 218.33 216.19 213.87 218.77 215.32 216.26 202.14 194.77 207.19 217.23 221.11 216.28 210.82 216.18 224.12 228.82 230.13 230.35 231.08 231.28 229.73 230.56 231.82 233.82 234.63 234.88 236.33 237.03 234.3 232.04 233.01 234.93 236.59 237.05 237.03 236.93 237.36 236.5 237.27 236.51 234.66 235.15 232.59
211.95 217.17 221.44 222.75 222.79 223.68 225.73 224.96 224.9 222.79 222.25 227.78 229.75 231.57 235.93 239.16 235.82 232.64 232.48 233.07 235.17 234.53 233.1 231.1 232.97 230.75 230.32 230.85 228.59 226.12 225.46 225.69 226.26 228.4 227.94 224.24 211.55 200.49 187.14 192.14 205.56 220.21 217.31 210.55 203.11 201.77 219.89 225.29 226.86 225.66 226.74 225.78 227.23 229.22 231.03 233.3 234.98 235.64 237.23 238.27 238.51 238.5 238.96 239.33 240.07 240.85 240.36 239.31 239.31 240.48 240.04 238.86 239.06 233.76
206.96 218.39 223.36 222.75 223.07 221.91 218.57 216.34 213.28 219.02 224.86 230.26 234.78 236.55 240.57 242.14 242.33 241.31 237.94 238.08 237.95 238.01 236.63 237.66 237.2 235.63 232.73 232.73 233.11 231.46 230.18 229.83 231.8 230.42 229.73 227.64 221.48 206.08 187.91 184.34 191.76 213.21 214.92 194.81 199.56 186.72 195.28 210.1 208.36 215.36 217.63 216.4 223.75 227.82 230.89 231.37 232.71 234.37 235.28 237.57 240.06 239.93 239.56 239.43 239.11 240.56 242.38 243.39 242.22 242.56 243.69 243.25 240.9 238.71
198.09 211.02 218.76 221.2 218.65 214.88 213.78 210.37 212.65 216.69 223.79 228.5 233.38 235.9 238.53 238.71 242.31 243.28 243.07 242.99 242.3 241.74 241.01 240.49 239.24 236.66 235.86 234.95 234.48 233.54 231.85 233.32 232.39 231.24 230.82 223.78 225.73 219.64 207.46 194.77 192.91 206.11 213.09 182.42 174.38 189.06 183.25 185.52 204.1 183.81 193.9 199.82 212.33 220.48 227.3 228.67 230.8 232.01 232.24 235.47 237.73 240.96 239.56 239.88 240.21 241.96 242.46 242.85 243.13 244.68 244.18 243.95 243.32 239.05
208.52 211.8 215.32 216.1 213.23 218.75 219.95 217.59 216.33 217.36 221.53 224.52 230.62 234.21 239.32 241.82 241.66 240.71 240.94 241.75 242.03 242.06 242.7 241.74 240.55 238.62 237.19 237.16 235.52 234.21 235.45 235.49 233.8 231.31 229.59 230.46 227.65 223.75 215.41 213.74 208.03 202.18 207.99 197.94 191.88 206.43 192.64 180.68 175.61 178 193.96 203.4 205.78 218.73 224.02 227.46 230.92 232.92 234.98 235.34 238.57 239.59 238.48 239.63 241.17 241.46 242.23 242.83 244.09 246.01 247.27 246.16 244.89 242.43
212.14 212.84 212.43 209.61 212.16 215.74 215.79 220.57 223.69 224.98 224.79 228.64 230.9 234.64 240.76 243.94 241.87 239.52 235.45 234.72 236.96 237.73 239.04 237.84 240.59 239.97 239.11 237.09 237.26 236.86 236.73 236.31 235.65 234.82 232.12 229.81 228.53 221.26 218.76 218.9 216.5 207.93 196.41 200 203.62 208.93 213.01 199.05 167.83 183.89 198.83 207.36 212.13 217.49 223.04 228.73 229.44 231.57 234.71 237.28 239.45 240.98 238.4 238.51 240.17 241.29 243.13 244.13 245.14 246.56 247.17 247.21 246.22 244.55
209.82 213.66 219.84 217.45 221.38 223.38 223.78 219.85 219.97 223.93 233.14 234.02 235.17 238.88 243.24 237.94 234.93 231.85 229.37 226.66 230.22 231.32 232.48 230.49 231.4 237.77 239.66 238.76 231.62 229.19 232.18 233.57 234 233.76 231.49 227.8 230.52 223.31 218.74 217.82 217.77 216.89 205.88 213.01 220.94 224.58 218.27 201.8 196.28 201.83 204.82 208.48 208.17 213.31 222.2 227.51 231.87 233.02 234.39 235.16 236.46 240.64 242.36 242.17 242.05 242.3 243.58 245.26 246.45 247.3 247.37 246.49 244.83 242.38
214.87 218.71 220.14 222.62 224.72 220.28 218.63 218.32 226.13 232.55 231.99 229.19 228.6 231.34 239.52 238.35 236.41 237.16 236.63 231.19 230.59 230.74 225.43 221.27 225.5 229.86 232.87 234.37 233.41 220.74 217.44 221.89 226.83 227.36 224.87 220.03 224.05 225.93 218.66 216.67 217.96 224.47 220.54 217.47 225.77 227.35 221.84 227.23 215.19 206.72 204.27 203.08 207.99 214.25 218.29 222.57 226.85 224.5 227.12 233.42 237.78 240.4 241.31 241.76 243.69 242.99 243.73 244.67 245.01 245.71 244.66 241.09 241.39 238.89
224.01 226.32 227.4 227.19 225.89 220.73 217.32 218.04 218.53 219.38 222.72 226.04 232.99 234.33 236.37 236.92 234.32 237.88 235.36 228.01 229.34 230.75 230.01 224.84 221.92 219.99 222.94 223.36 224.08 223.75 216.45 210.48 211.34 211.82 212.5 208.56 213.95 217.44 215.48 217.85 213.21 222.14 223.17 214.76 224.4 233.65 232.51 235.1 232.88 218 208.11 208.78 205.54 212.13 215.68 218.74 217.66 223.59 229.75 234.76 238.66 239.49 238.96 239.15 240.14 241.44 241.15 241.57 238.25 228.53 230.96 224.63 228.92 218.36
228.1 229.21 229.46 226.31 223.58 222.6 218.04 209.96 202.06 215.14 222.55 227.43 231.02 237.56 237.9 235.69 230.89 233.06 227.16 227.14 231.65 228.1 228.9 230.48 227.43 225.32 220.4 220.81 217.74 216.97 215.94 213.38 209.6 204.34 202.55 203.06 209.27 209.57 207.7 219.54 215.14 218.5 222.55 224.01 223.34 226.68 234.16 237.11 237.6 234.3 217.27 212.89 212.2 211.84 214.95 219.74 226.41 233.22 235.58 236.79 236.78 236.36 235.69 236.56 236.09 238.75 237.03 227.05 224.07 212.63 209.76 235.21 237.78 231.64
228.12 229.13 226.73 221.92 226.28 221.13 212.37 208.7 214.99 220.05 221.66 226.26 233.87 234.28 229.92 234.21 229.79 223.05 221.36 228.34 228.24 219.82 223.26 224.13 226.35 219.7 222.19 222.92 223.5 222.74 219.36 213.34 209.35 207.86 200.55 203.02 208.98 208.47 208.23 216.98 219.99 218.87 225.78 219.15 216.34 222.05 231.66 238.42 238.09 238.97 231.56 220.02 210.35 213.24 220.53 225.75 233.47 234.52 233.44 233.02 231.33 226.33 232.08 224.81 216.88 212.17 230.78 221.24 216.01 209.47 199.61 227.21 221.93 219.6
225.81 226.9 224.5 219.48 222.23 222.4 215.83 216.6 218.97 224.34 227.51 229.35 231.91 226.4 224.98 219.44 222.55 221.97 223.52 227.39 219.61 217.7 219.19 223.67 226.3 222.16 217.95 216.94 219.29 220.8 220.85 217.75 214.56 214.5 212.55 212.43 213.36 214.69 217.76 212.74 223.61 227.73 223.12 208.34 214.59 227.25 234.32 238.18 239.49 240.61 237.28 234.01 233.3 234.19 233.28 234.53 234.4 231.22 226.45 220.38 221.78 213.24 216.1 205.15 203.51 202.21 212.37 226.86 223.78 214.7 219.15 219.08 199.17 182.65
221.57 227.38 226.11 221.06 221.31 223.4 220.09 225.05 226.99 227.92 229.23 232.48 233.75 229.23 228.69 228.11 226.01 228.62 229.79 225.67 216.75 218.8 220.63 219.44 221.87 219.22 215.7 213.24 215.61 221.42 220 215.69 214.34 217.59 215.97 218.16 220.62 219.2 222.2 214.95 227.2 231.86 216.98 211.31 212.2 223.6 234.1 240.75 241.85 242.58 242.06 240.82 238.76 236.36 234.34 229.78 227.37 230.65 226.97 224.73 217.08 207.32 205.07 212.53 212.21 215.31 224.45 227.11 219.93 206.01 207.25 205.84 200.2 203.9
225.37 226.59 221.38 217.1 220.55 223.85 226.84 226.21 224.92 227.45 229.62 233.24 232.96 233.22 230.68 233.32 231.65 230.65 234.42 231.34 222.98 217.73 214.21 215.34 218.25 214.57 214.25 217.04 217.42 218.82 221.61 216.97 218.52 221.96 222.18 217.71 219.36 226.56 230.76 232.85 230.9 229.3 223.91 219.3 219.5 224.26 232.79 240.68 241.97 243.75 244.1 243.23 239.45 235.33 222.95 214.9 220.89 226.89 219.88 212.95 212.41 211.22 204.45 204.42 212.91 217.5 213.44 222.35 226.63 212.58 209.05 202.87 197.3 204.18
218.09 214.19 213.66 217.02 223.24 227.14 226.9 230.91 231.69 232.87 234.76 236.76 231.62 232.72 234.69 235.78 233.35 231.5 234.15 231.7 227.51 221.33 220.32 219.6 217.61 213.63 213.95 218.08 214.53 214.85 218.5 223.77 219.81 223.21 225.93 226.04 222.99 224.02 228.54 238.67 236.66 232.34 230.32 224.5 227.4 236.59 240.18 240.32 240.61 238.09 243.22 245.05 243.36 238.77 234.52 231.38 226.45 222.93 224.37 218.74 212.93 207.82 205.82 213.35 224.52 229.78 229.68 233.36 221.48 217.54 215.03 205.06 198.72 196.2
194.37 190.68 197.52 213.4 217.1 218.2 215.77 221.42 228.57 227.89 230 234.35 237.65 232.34 233.43 235.12 231.99 235.27 235.61 233.61 231.4 225.74 227.88 224.59 219.86 215.19 215.25 221.64 217.34 214.88 215.28 224.16 226.63 227.1 228.28 230.68 229.35 227.62 233.91 235.04 241.62 245.3 239.95 238.68 240.42 240.62 239.13 234.33 235.3 236.59 234.25 239.05 244.41 238.98 234.46 232.77 229.34 223.19 222.49 219.21 223.45 223.37 229.9 233.61 238.02 231.74 236.29 237.93 233.34 205.24 184.65 198.64 220.41 226.29
200.65 186.18 191.47 198.35 202.95 196.11 207.66 215.79 221.67 225.08 229.57 232.05 236.03 238.01 235.52 234.49 229.8 234.56 235.92 235.06 233.08 229.47 228.37 223.5 218.84 218.81 222.96 226.98 222.59 221.85 220.98 225.72 229.16 226.93 230.56 233.14 236.57 239.15 241.88 239.44 242.69 248.31 248.27 246.58 244.57 240.81 238.89 240.08 233.01 230.73 239.29 246.08 245.44 240.59 237.28 233.06 230.63 231.99 227.51 216.62 223.52 236.32 238.49 239.56 227.56 227.16 228.73 200.3 209.93 227.49 231.61 219.42 217.85 215.96
211.84 210.62 185.81 183.94 183.4 184.86 194.65 202.26 204.2 218.62 222.86 227.04 233.41 237.79 239.62 239.13 232.43 231.98 234.72 235.4 234.11 231.21 225.91 219.68 216.52 219.08 226.33 227.23 228.14 226.91 226.76 230.66 233.31 232.98 234.49 237.59 240.05 243.12 242.05 248.02 249.39 249.57 249.24 245.9 244.02 245.61 244.85 244.29 242.56 241.44 248.12 248.46 243.14 243.83 242.31 238.68 229.65 226.16 228.09 229.81 241.06 242.84 234.3 231.78 227.67 221.24 203.12 202.79 229.48 236.05 215.89 199.64 187.21 213.29
217.12 207.12 196.95 187.92 181.91 190.22 196.77 198.07 200.07 207.46 205.45 216.29 220.65 229.66 235.14 238.83 233.94 231.34 233.15 234.97 234.07 231.81 225.68 222.26 221.04 226.81 227.88 229.07 229.24 231.82 231.97 233.12 234.63 237.11 241.53 243.22 247.13 246.81 249.03 250.99 252.12 251.94 249.41 245.99 247.99 249.65 249.14 249.6 249.04 249.8 250.48 247.5 243.22 239.14 235.1 223.82 223.75 232.26 239.76 247.16 239.15 228.62 218.91 212.85 212.13 211.85 214.06 225.46 235.7 217.94 202.93 184.65 191.21 206.65
214.02 219.09 219.77 213.07 209.11 204.4 197.39 203.88 208.03 203.42 195.95 206.73 219.73 216.89 230.64 232.77 233.19 233.48 233.69 232.66 233.6 232.15 227.14 224.1 225.2 230.07 225.9 230.63 230.17 233.1 233.2 233.15 235.81 237.66 243.34 246.86 250.1 250.54 250.88 251.8 252.53 250.24 251.54 253.22 252.47 250.04 251.36 251.7 252.01 249.09 244.02 238.98 235.01 223.29 222.8 234.81 234.63 246.95 248.73 234.95 235.88 226.84 222.18 224.5 213.22 239.44 227.45 231.49 230.77 207.85 188.11 197.91 194.85 193.52
225.2 226.95 230.47 231.07 225.35 219.73 206.95 201.25 191.86 207.38 206.09 212.3 218.18 224.96 221.54 224.48 227.41 224.51 228.64 229.44 229.8 231.85 228.73 227.21 226.37 229.17 223.17 227.75 228.13 228.96 230.8 233.52 235.45 242.91 248.5 250.39 252.29 253.54 253.91 254.76 252.56 250.81 251.38 253.96 254.81 254.05 254.11 253.51 249.19 244.83 235.73 236.01 234.84 235.34 241.05 244.7 251.27 241.42 224.53 241.74 249.6 243.39 236.35 227.41 240.36 248.13 237.93 224.48 219.28 195.1 207.65 224.37 229.38 232.43
235.45 236.17 234.12 236.78 234.18 221.3 216.43 217.88 217.32 204.75 213.37 214.93 210.92 217.88 220.56 222.01 223.81 217.24 209.88 212.87 223.27 224.35 222.86 224.44 224.91 225.2 225.31 225.84 232.21 235.4 235.2 236.99 244.96 248.79 250.27 250.57 253.68 254.98 255.19 254.45 248.45 249.19 251.78 253.74 255.32 255.92 255.22 252.45 249.43 249.26 249.7 244.09 239.56 239.89 246.28 251.43 253.1 233.54 225.92 245.18 251.71 252.14 246.43 244.22 249.83 235.71 215.61 223.78 219.83 209.05 207.34 240.32 238.66 231.99
239.59 238.32 240.97 240.16 239.11 234.52 222.36 219.16 221.04 225.24 220.5 207.85 209.8 217 223.72 220.19 218.72 206.43 201.79 205.72 214.21 218.09 221.13 223.62 225.56 227.47 227.54 232.04 231.51 239.14 243.69 238.99 246.08 248.27 249.18 251.37 251.24 249.48 248.66 248.78 250.63 252.77 254.77 254.25 256.23 257.06 256.34 253.8 252.37 250.98 251.42 246.5 241.13 243.97 251.36 256.26 252.44 236.86 244.01 252.01 254.61 256 250.82 251.09 236.16 202.66 218.86 245.57 244.64 237.38 231.78 249.07 246.61 239.02
238.45 238.55 239.77 240.58 237.11 234.19 230.4 225.76 223.51 231.84 230.32 222.41 213.5 211.98 218.83 221.97 218.9 205.87 205.28 201.87 204.32 211.27 215.01 218.94 215.85 219.95 221.4 226.57 226.18 236.67 243.49 239.73 246.77 249.46 249.22 249.78 249.08 250.07 248.15 251.24 253.53 253.65 252.12 255 256.76 258.46 256.79 253.9 252.57 251.33 241.19 247.37 249.16 253.41 256.26 257.79 248.98 253.24 254.44 256.59 255.34 246.55 244.99 236.17 228.63 229.34 238.28 249.3 236.87 229.36 241.94 241.1 234.99 239.88
238.14 242.75 245.39 244.93 240.12 233.84 227.35 234.94 234.88 237.01 233.29 228.29 222.11 216.08 216.97 226.2 228.92 220.15 215.8 212.19 208.18 206.59 211.7 207.04 209.64 212.67 219.57 227.89 235.82 246.08 252.29 250.95 252.05 252.37 251.54 253.62 255.97 253.85 252.82 251.63 254.47 256.13 255.09 256.3 259.09 258.94 257.22 253.73 248.11 237.11 242.2 254.08 255.47 257.51 258.5 258.19 253.17 257.04 256.34 258.66 245.4 241.78 247.67 246.67 229.35 236.13 245.95 232.33 221.63 230.18 229.62 242.82 224.86 213.86
240.62 245.18 246.44 243.99 244.12 243.78 238.93 240.94 239.9 241.38 249.1 246.79 236 230.03 236.17 242.62 239.24 233.38 226.82 224.15 218.11 210.62 203.47 204.74 209.34 219.84 226.51 235.87 239.61 247.7 251.46 254.71 256.42 257.31 257.74 258.25 258.72 257.03 258.99 257.14 258.97 258.82 259.37 259.65 260.51 259.96 257.13 250.25 234.47 240.92 253.78 255.98 258.91 259.72 260.5 257.92 256.66 257.91 259.74 252.95 253.84 257.92 258.46 250.56 246.79 244.65 238.55 240.5 233.93 241.1 245.72 241.05 229.89 231.07
244.26 243.91 242 241.94 240.03 242.35 242.51 243.98 244.03 248.21 252.09 253.61 251.31 254.26 251.67 251.04 249.16 246.42 238.92 237.53 231.26 228.26 222.25 219.48 229.26 234.76 238.4 235.96 234.53 246.32 250.85 251.85 254.26 255.32 256.2 252.57 246.68 249.52 259.32 262.21 261.89 261.39 261.54 260.72 260.97 260.66 256.26 238.73 244.81 258.42 258.02 260.57 261.27 261.37 262.01 261.16 260.42 259.42 258.44 261.56 259.12 260.61 260.44 257.3 260.07 257.6 257.05 250.96 246.49 253.56 254.06 247.86 238.27 242.19
239.16 239.78 238.21 238.11 237.11 235.67 241.68 243.38 245.24 248.4 249.25 252.16 253.24 253.18 252.22 254.53 254.26 255 254.62 252.77 246.62 242.7 242.49 244.63 250.19 248.14 249.01 248 247.89 248.17 248.88 249.25 249.6 248.98 245.65 244.99 248.31 254.33 260.23 262.41 262.63 262.74 262.04 261.98 261.87 260.77 254.13 250.61 260.29 261.24 262.25 262.98 263.1 263.24 263.42 264.04 264.36 263.08 262.85 262.7 263.13 262.36 260.81 260.95 263.37 262.95 261.24 260.22 262.21 260.19 251.33 245.29 246.63 255.22
233.4 228.57 227.56 231.11 228.59 228.57 236.18 241.51 244.71 246.9 245.7 245.5 248.49 247.57 248.28 251.38 248.7 247.8 248.24 248.55 249.37 250.58 250.74 250.34 248.95 249.68 247.24 245.98 243.97 242.43 235.24 237.45 236.1 234.94 236.18 240.14 243.76 255.81 260.36 261.29 260.7 261.52 260.09 260.45 261 257.44 260.18 261.55 262.15 262.91 263.19 263.88 264.11 264.23 264.54 264.99 265.29 265.43 265.36 264.92 265.38 264.27 261.55 261.64 264.49 265.66 264.76 264.06 265.7 264.15 257.19 260.49 263.42 264.16
234.69 228.64 227.46 232.02 236.24 237.4 241.21 243.74 243.03 242.88 241.2 241.12 243.51 244.07 246.29 243.65 239.51 243.84 245.42 243.67 239.21 237.38 239.53 241.23 239.68 231.48 231.8 232.72 227.81 233.33 227.36 229.34 226.13 229.83 236.47 238.13 245.33 254.53 260.37 260.72 260.57 261.31 260.48 260.52 260.94 261.17 262.97 263.11 263.31 263.69 264.49 264.83 265 265.04 265.32 265.78 266.23 266.32 266.42 266.29 266.39 265.61 261.65 261.94 264.95 266.58 266.34 266.46 264.53 258.01 260.21 265.68 266 263.24
232.98 229.99 226.86 231.38 235.71 234.68 232.76 238.93 234.91 234.81 231.49 238.22 232.13 230.3 236.65 230 225.91 228.37 226.37 233.86 231.41 225.86 225.19 225.55 224.47 216.09 217.11 216.39 221.07 216.01 212.35 212.96 214.27 222.94 233.78 243.38 250.69 256.43 258.27 259.07 259.66 251.59 256.02 262.76 262.1 261.6 262.72 264.07 264.51 264.95 265.11 265.79 265.92 265.98 266.03 266.31 266.75 267.19 267.25 267.29 267.19 266.95 265.63 262.05 264.99 267.48 267.17 267.51 247.73 232.73 252.81 262.45 263.7 261.9
229.26 225.7 224.76 224.1 234.52 214.87 221.71 234.21 207.45 223.18 213.56 220.04 226.94 222.72 217.22 224.79 224.3 220.15 227.76 219.97 216.7 214.75 215.03 201.86 198.48 206.89 197.42 203.21 212.46 217.81 213.54 212.59 222.33 226.42 222.85 238.47 249.86 254.56 256.3 253.14 254.14 259.82 264.95 265 264.86 264.1 264.29 265.07 265.54 266.08 266.2 266.35 266.61 266.91 267 267 267.32 267.68 268.21 268.31 268.08 265.55 265.09 266.72 266.57 267.15 266.83 264 257.12 256.61 262.21 259 258.73 256.8
220.82 214.47 222.95 212.32 217.58 204.67 198.07 216.69 203.46 213.78 202.4 212.96 211 197.75 191.99 204.64 205.47 216.61 205.18 211.59 208.64 210.17 189.8 192.78 186.17 201.68 200.57 192.55 194.36 186.64 206.2 189.85 202.7 219.91 230.86 247.55 251.55 249.42 254.57 257.7 259.76 261.06 264.7 264.98 265 265.01 265.33 265.85 266.07 266.45 266.88 266.83 267.08 267.35 267.61 267.89 267.89 268.16 268.18 268.76 268.98 268.8 269.19 269.55 269.77 270.24 271.2 265.06 264.06 263.56 263.88 269.49 266.82 260.94
