taller 1/variables/bioclim4.asc
ncols         720
nrows         300
xllcorner     -30.008325510658
yllcorner     30.991671412252
cellsize      0.083333337679505
NODATA_value  -9999
[rows 0 to 31 of 300, columns 432 to 503 of 720]
-9999 -9999 -9999 -9999 -9999 -9999 -9999 -9999 -9999 -9999 -9999 -9999 -9999 -9999 -9999 -9999 -9999 -9999 -9999 -9999 -9999 -9999 -9999 -9999 -9999 5996.333 5963.22 5903.85 5854.53 5801.26 5767.79 5757.99 5753.54 5746.34 5753.32 5767.45 5779.48 5806.16 5837.35 5880.7 5928.4 5972.4 6024.3 6080.2 6136.95 6184.3 6227.59 6230.88 6177.38 6119.71 6061.97 6026.682 -9999 5941.8 5903.967 5898.353 5909 5888 -9999 -9999 -9999 6050.5 -9999 6194.8 6193.369 6218.692 6247.073 6256.396 6277.432 6308.72 6319.824 6315.373
-9999 -9999 -9999 -9999 -9999 -9999 -9999 -9999 -9999 -9999 -9999 -9999 -9999 -9999 -9999 -9999 -9999 -9999 -9999 -9999 -9999 -9999 -9999 -9999 -9999 5949 5919.979 5880.21 5839.6 5790.79 5754.22 5752.36 5744.95 5741.19 5744.49 5750.84 5768.55 5783.04 5816.77 5860.66 5901.22 5945.89 6004.12 6055.83 6110.85 6157.15 6199.844 6207.229 6159.196 6101.425 6051.6 -9999 -9999 -9999 5891.435 5892.623 5887.143 -9999 -9999 -9999 -9999 6054.231 6063.455 -9999 6133 6161.24 6206.109 6218.89 6229 6267 -9999 6269.291
-9999 -9999 -9999 -9999 -9999 -9999 -9999 -9999 -9999 -9999 -9999 -9999 -9999 -9999 -9999 -9999 -9999 -9999 -9999 -9999 -9999 -9999 -9999 -9999 -9999 -9999 5886.269 5861.82 5822.44 5782.53 5751.4 5735.84 5725.09 5725.07 5735.21 5734 5760.34 5771.34 5799.66 5838 5878.52 5910.38 5966.93 6014.77 6058.52 6101.76 6125.72 6128.43 6112.19 6106 -9999 5956.371 5930 -9999 5891.593 5883.02 -9999 -9999 5870 5887.5 5939 5980.125 6004.625 6082.818 6094.646 6138.62 6164.61 6180.284 6191.552 6200.444 6206.119 6211.268
-9999 -9999 -9999 -9999 -9999 -9999 -9999 -9999 -9999 -9999 -9999 -9999 -9999 -9999 -9999 -9999 -9999 -9999 -9999 -9999 -9999 -9999 -9999 -9999 -9999 5847.333 5847.125 5828.01 5797.8 5766.98 5746.77 5729.22 5727.25 5717.74 5720.68 5722.3 5740.2 5749.38 5779.04 5804.91 5851.05 5886.92 5927.673 5972.735 6016.397 6043.042 6068.843 6081.558 6065.412 -9999 -9999 -9999 -9999 -9999 -9999 -9999 -9999 -9999 5859 5892.7 5933.982 5966.8 6005.216 6034.823 6067.11 6096.64 6113.69 6140.38 6145.229 6148.867 6160.456 6172.823
-9999 -9999 -9999 -9999 -9999 -9999 -9999 -9999 -9999 -9999 -9999 -9999 -9999 -9999 -9999 -9999 -9999 -9999 -9999 -9999 -9999 -9999 -9999 -9999 -9999 5832.724 5825.47 5809.234 5780.25 5759.77 5737.73 5712.61 5711.19 5702.31 5703.78 5704.48 5711.04 5722.96 5750.2 5783.47 5808.27 5851.92 5886.8 5927.76 5962.52 5981.038 6009.143 -9999 -9999 5925.6 5915.471 5896.444 5866.976 5865 -9999 5835.556 5815 -9999 -9999 -9999 5937.6 5959.884 5977.83 6009.88 6044.82 6070.29 6078.99 6098.5 6109.67 6117.63 6122.75 6133.485
-9999 -9999 -9999 -9999 -9999 -9999 -9999 -9999 -9999 -9999 -9999 -9999 -9999 -9999 -9999 -9999 -9999 -9999 -9999 -9999 -9999 -9999 -9999 -9999 -9999 5817.896 5800.229 5771.429 5765.836 5742.27 5720.67 5703.58 5690.04 5688.42 5681.44 5686.48 5689.04 5701.39 5721.47 5747.98 5779.22 5810.78 5854.315 5887.712 5923.183 5936.108 5941.978 5935.25 5931.88 5919.899 5890.63 5865.73 5850.45 5846.456 5836.111 5836.902 5838.279 5855.333 -9999 -9999 -9999 5952.412 5967.839 6000 6028.01 6045.45 6059.5 6075.82 6083.68 6082.16 6085.6 6091.34
-9999 -9999 -9999 -9999 -9999 -9999 -9999 -9999 -9999 -9999 -9999 -9999 -9999 -9999 -9999 -9999 -9999 -9999 -9999 -9999 -9999 -9999 -9999 -9999 -9999 -9999 -9999 5768.875 5749.59 5740.019 5709.068 5690.649 5670.24 5669.41 5663.15 5667.6 5667.11 5681.89 5702.42 5724.94 5747.36 5781.77 5814 5855.115 5870.75 5903.773 5900.93 5902.2 5890.76 5879.01 5857.69 5839.95 5836.93 5822.551 5823.571 5828.512 5835.259 5832 -9999 -9999 -9999 -9999 5971.196 5986.42 6012.74 6028.66 6035.67 6054.3 6055.57 6056.56 6062.38 6062.43
-9999 -9999 -9999 -9999 -9999 -9999 -9999 -9999 -9999 -9999 -9999 -9999 -9999 -9999 -9999 -9999 -9999 -9999 -9999 -9999 -9999 -9999 -9999 -9999 -9999 -9999 -9999 -9999 5735.25 5722.521 -9999 5652.889 5663.316 5646.54 5645.19 5645.49 5648.79 5650.49 5664.26 5679.75 5707.99 5751.69 5782.15 5807.426 5826.75 5860.143 5870.527 5867.62 5858.41 5850.22 5830.83 5824.06 5818.62 5818.67 5822.9 5828.33 5833.11 5845.685 -9999 -9999 -9999 5941.304 5957.016 5974.56 5998.86 6016.8 6022.89 6038.01 6040.94 6042.79 6045.55 6032.15
-9999 -9999 -9999 -9999 -9999 -9999 -9999 -9999 -9999 -9999 -9999 -9999 -9999 -9999 -9999 -9999 -9999 -9999 -9999 -9999 -9999 -9999 -9999 -9999 -9999 -9999 -9999 -9999 -9999 -9999 5640.357 5657.25 5634.521 5630.95 5630.63 5628.55 5639.41 5630.96 5636.49 5655.64 5684.61 5724.02 5757.05 5783.511 5798.033 5830.474 5839.952 5836.97 5829.4 5825.83 5818.99 5822.62 5819.35 5810.06 5813.9 5824.35 5836.65 5855.095 5877 -9999 -9999 -9999 5947.3 5966.495 5996.53 6008.27 6013.27 6033.91 6039.93 6036.14 6023.88 6009.98
-9999 -9999 -9999 -9999 -9999 -9999 -9999 -9999 -9999 -9999 -9999 -9999 -9999 -9999 -9999 -9999 -9999 -9999 -9999 -9999 -9999 -9999 -9999 -9999 -9999 -9999 -9999 -9999 -9999 5602.667 5610.833 5614.4 5618.25 5614.79 5618.73 5615.37 5623.81 5621.86 5627.96 5638.06 5677.01 5709.96 5740.247 5770.075 5788.4 -9999 -9999 5825.333 5817.282 5812.296 5804.54 5810.27 5810.99 5814.34 5816.45 5819.86 5839.27 5864.083 -9999 5894 -9999 5937.5 5960.79 5970.191 5999.152 6011.708 6022.273 6035.397 6034.851 6027.76 6013.87 5999.95
-9999 -9999 -9999 -9999 -9999 -9999 -9999 -9999 -9999 -9999 -9999 -9999 -9999 -9999 -9999 -9999 -9999 -9999 -9999 -9999 -9999 -9999 -9999 -9999 -9999 -9999 -9999 -9999 -9999 5603.524 5594.036 5589.5 5610.528 5600.17 5613.47 5622.18 5614.15 5627.39 5632.56 5655.19 5674.85 5709.705 5738.85 -9999 5786.5 5794.5 -9999 5775 5798.524 5800.308 5805.011 5805.871 5811.67 5813.92 5823.85 5833.94 5851.69 5863.381 5890.526 5897.636 -9999 5952.333 5940 -9999 -9999 -9999 -9999 6032 6043.1 6036.493 6020.41 5998.47
-9999 -9999 -9999 -9999 -9999 -9999 -9999 -9999 -9999 -9999 -9999 -9999 -9999 -9999 -9999 -9999 -9999 -9999 -9999 -9999 -9999 -9999 -9999 -9999 -9999 -9999 -9999 -9999 5618.826 5595.385 5591 5596.5 5611.37 5608.23 5610.89 5629.51 5632.89 5637.81 5654.22 5671.25 5698.67 5720.697 5741.509 5761.75 5779.343 5782.552 5791.091 5783.826 -9999 5806.25 5821.667 5814.4 5816.689 5832.911 5838.275 5844.082 5857.906 5899 5896.75 5890.1 -9999 -9999 -9999 -9999 5998.333 -9999 -9999 -9999 6043 6030.533 6031.278 5999.866
-9999 -9999 -9999 -9999 -9999 -9999 -9999 -9999 -9999 -9999 -9999 -9999 -9999 -9999 -9999 -9999 -9999 -9999 -9999 -9999 -9999 -9999 -9999 -9999 -9999 -9999 -9999 5764.182 5742.056 -9999 -9999 5646 5624.391 5616.34 5622.41 5629.51 5640.44 5663.13 5669.37 5695.18 5711.83 5746.28 5757.14 5777.689 5784.227 5786.109 5788.621 5784.94 5786.674 -9999 5810 5813.931 5829.5 5831.889 5860.679 5854.022 5878.118 5882.232 5895.656 -9999 5925.222 5954.465 5975.8 6006.587 6031.762 6058.762 6059.364 -9999 6108.75 6102.848 6070.375 6036.548
-9999 -9999 -9999 -9999 -9999 -9999 -9999 -9999 -9999 -9999 -9999 -9999 -9999 -9999 -9999 -9999 -9999 -9999 -9999 -9999 -9999 -9999 -9999 -9999 -9999 -9999 -9999 5770.069 5759.927 5698 5656.778 5641.283 5642.29 5638.15 5641.49 5646.01 5663.24 5692.37 5700.67 5723.28 5752.03 5776.458 5782.721 5800.359 5797.034 5793.235 5787.318 5782.676 5788.829 -9999 -9999 5827.706 5839.262 5854.18 5849.417 5880.308 5891.194 5897.605 -9999 5933 5938.387 5967.011 5990.88 6000.15 6046.176 6072.571 6104.6 6134.103 6146.015 6129.419 6116.31 6081.55
-9999 -9999 -9999 -9999 -9999 -9999 -9999 -9999 -9999 -9999 -9999 -9999 -9999 -9999 -9999 -9999 -9999 -9999 -9999 -9999 -9999 -9999 -9999 -9999 -9999 -9999 -9999 5733.316 -9999 5694.308 5678.882 5676 5652.508 5658.24 5656.09 5664.9 5682.25 5704.37 5719.97 5755.46 5780.91 5802.602 5818.77 5820.34 5822.348 5823.924 5821.481 5803.822 -9999 -9999 -9999 -9999 -9999 5858.5 -9999 5896.5 5898.236 5907.409 -9999 5926.167 5944.189 5961.366 5987.59 6030.13 6063.08 6091.82 6116.93 6159.6 6179.55 6197.733 6195.764 6176.59
-9999 -9999 -9999 -9999 -9999 -9999 -9999 -9999 -9999 -9999 -9999 -9999 -9999 -9999 -9999 -9999 -9999 -9999 -9999 -9999 -9999 -9999 -9999 -9999 -9999 -9999 -9999 5703.75 5710.75 5696.035 5684.928 5702.429 5667.684 5677.122 5681.15 5694.17 5715.64 5738.6 5764.23 5788.31 5815.33 5835.38 5855.43 5856.93 5841.83 5831.3 5825.88 5820.4 5832.412 -9999 -9999 -9999 -9999 -9999 -9999 -9999 5909.636 -9999 -9999 -9999 -9999 5974.75 5998.036 6031.369 6068.765 6117.29 6146.02 6181.567 6212.67 6259.182 6293.638 6280.337
-9999 -9999 -9999 -9999 -9999 -9999 -9999 -9999 -9999 -9999 -9999 -9999 -9999 -9999 -9999 -9999 -9999 -9999 -9999 -9999 -9999 -9999 -9999 -9999 -9999 -9999 -9999 5691.667 5707.143 5699.5 5690.563 5693.2 5686.25 5714 5718.646 5723.75 5741.79 5761.06 5793.51 5819.44 5857.14 5885.32 5901.6 5897.49 5877.62 5851.43 5840.1 5835.68 5841.739 -9999 -9999 -9999 -9999 -9999 -9999 -9999 -9999 -9999 -9999 -9999 -9999 -9999 -9999 -9999 6104.111 6129.045 6165.158 -9999 6251 6298.3 6357.923 6371.349
-9999 -9999 -9999 -9999 -9999 -9999 -9999 -9999 -9999 -9999 -9999 -9999 -9999 -9999 -9999 -9999 -9999 -9999 -9999 -9999 -9999 -9999 -9999 -9999 -9999 -9999 -9999 -9999 -9999 5700.389 5695.429 5716.833 5724.097 5721 5741.9 5748.273 5775.404 5795.12 5817.04 5846.62 5879.24 5907.77 5934.74 5927.4 5899.18 5872.02 5855.18 5845.54 5845.056 -9999 -9999 -9999 -9999 -9999 -9999 -9999 -9999 -9999 -9999 -9999 5986.391 6001.298 6033.815 -9999 -9999 -9999 -9999 -9999 -9999 -9999 -9999 6369
-9999 -9999 -9999 -9999 -9999 -9999 -9999 -9999 -9999 -9999 -9999 -9999 -9999 -9999 -9999 -9999 -9999 -9999 -9999 -9999 -9999 -9999 -9999 -9999 -9999 -9999 -9999 -9999 -9999 5707.864 5713 -9999 -9999 5762.636 5754.529 5785.179 5806.239 5821.45 5838.93 5871.36 5893.7 5917.71 5933.17 5925.63 5899.33 5880.16 5857.092 5845.214 5840.482 5876.393 5917.039 5936.21 5959.259 5970.5 -9999 -9999 -9999 -9999 -9999 -9999 5996.381 6024.418 6060.868 6089.979 -9999 -9999 -9999 -9999 -9999 -9999 -9999 -9999
-9999 -9999 -9999 -9999 -9999 -9999 -9999 -9999 -9999 -9999 -9999 -9999 -9999 -9999 -9999 -9999 -9999 -9999 -9999 -9999 -9999 -9999 -9999 -9999 -9999 -9999 -9999 -9999 -9999 -9999 -9999 5737.873 5750.6 5772.37 5784.81 5802.03 5823.6 5846.23 5858.15 5880.11 5906.02 5925.32 5929.98 5934.16 5906.05 5884.34 5857.31 5833.53 5822.94 5854.165 5923.806 5944.18 5962.43 5988.141 6006.957 6034.684 6054 -9999 6045.182 6046.844 6061.696 6061.5 6074.333 6113 -9999 -9999 -9999 -9999 -9999 -9999 -9999 -9999
-9999 -9999 -9999 -9999 -9999 -9999 -9999 -9999 -9999 -9999 -9999 -9999 -9999 -9999 -9999 -9999 -9999 -9999 -9999 -9999 -9999 -9999 -9999 -9999 -9999 -9999 -9999 -9999 -9999 -9999 -9999 5746.909 5783.769 5791.465 5810.49 5835.988 5847.3 5867.49 5877.96 5897.86 5916.18 5944.02 5931.06 5922.41 5921.96 5896.8 5870.69 5844.39 5813.9 5828.151 5898.99 5951.29 5986.63 6013.46 6037.34 6055.33 6067.494 6074.418 6084.77 6095.06 6097.23 6106.545 -9999 -9999 -9999 -9999 -9999 -9999 -9999 -9999 -9999 -9999
-9999 -9999 -9999 -9999 -9999 -9999 -9999 -9999 -9999 -9999 -9999 -9999 -9999 -9999 -9999 -9999 -9999 -9999 -9999 -9999 -9999 -9999 -9999 -9999 -9999 -9999 -9999 -9999 -9999 -9999 -9999 -9999 5816 5844.25 5849.12 5855.56 5864.23 5880.28 5896.11 5905.46 5922.83 5946.07 5930.84 5925.74 5922.86 5910.71 5896.34 5877.95 5864.34 5875.05 5926 5977.85 6019.32 6054.49 6082.44 6102.51 6101.46 6110.38 6123.72 6130.97 6136.151 6145.214 -9999 -9999 -9999 -9999 -9999 -9999 -9999 -9999 -9999 6211.714
-9999 -9999 -9999 -9999 -9999 -9999 -9999 -9999 -9999 -9999 -9999 -9999 -9999 -9999 -9999 -9999 -9999 -9999 -9999 -9999 -9999 -9999 -9999 -9999 -9999 -9999 -9999 -9999 -9999 -9999 -9999 -9999 5839.333 -9999 5871.679 5856.308 5879.824 5887.43 5907.35 5916.23 5926.48 5937.96 5943.78 5946.06 5937.73 5930.82 5925.44 5915.17 5929.28 5937.1 5975.34 6019.13 6059.02 6098.33 6124.17 6150.99 6161.56 6166.127 6166.639 6158.636 6158 -9999 -9999 -9999 -9999 -9999 6242.875 6244.344 6235.25 6233.034 6233.793 6223.87
-9999 -9999 -9999 -9999 -9999 -9999 -9999 -9999 -9999 -9999 -9999 -9999 -9999 -9999 -9999 -9999 -9999 -9999 -9999 -9999 -9999 -9999 -9999 -9999 -9999 -9999 -9999 -9999 -9999 -9999 -9999 -9999 5847.5 -9999 5896.585 5914.63 5908.583 5911.56 5921.59 5928.67 5939.5 5950.91 5957.99 5964.27 5967.73 5965.63 5968.6 5966.66 5975.12 5993.78 6028.85 6067.15 6102.41 6135.55 6169.53 6192.43 6206.83 6211.757 -9999 -9999 6226.727 6222.636 6237.231 -9999 6238.25 6245.75 6242.171 6248.067 6245.31 6240.68 6230.73 6226.68
-9999 -9999 -9999 -9999 -9999 -9999 -9999 -9999 -9999 -9999 -9999 -9999 -9999 -9999 -9999 -9999 -9999 -9999 -9999 -9999 -9999 -9999 -9999 -9999 -9999 -9999 -9999 -9999 -9999 5734.875 5774.2 -9999 -9999 -9999 5918.429 5920.067 5926.61 5939.71 5940.87 5949.44 5972.16 5974.83 5982.36 5985.57 5998.61 6008.35 6011.9 6026.05 6038.15 6057.86 6082.37 6117.23 6150.97 6190.38 6211.95 6244 6257.68 6262.36 6256.534 6254.209 6245.11 6237.64 6246.74 6254.125 6255.875 6252.892 6260.225 6254.71 6251.25 6249.08 6253.61 6255.11
-9999 -9999 -9999 -9999 -9999 -9999 -9999 -9999 -9999 -9999 -9999 -9999 -9999 -9999 -9999 -9999 -9999 -9999 -9999 -9999 -9999 -9999 -9999 -9999 -9999 -9999 -9999 -9999 -9999 -9999 5860 5866.841 5900.516 5909.947 5903.5 5919 5919.639 5933.227 5956.872 5966 5983.226 5991.09 6004.85 6008.81 6030.57 6034.76 6049.03 6071.23 6089.46 6117.61 6140.52 6169.94 6200.46 6222.78 6259.24 6289.01 6307.51 6299.969 6287.24 6284.379 6280.01 6273.99 6268.92 6259.13 6266.37 6274.704 6274.17 6270.57 6272.48 6264.31 6265.51 6275.95
-9999 -9999 -9999 -9999 -9999 -9999 -9999 -9999 -9999 -9999 -9999 -9999 -9999 -9999 -9999 -9999 -9999 5612 5588.118 5572.25 5548.375 5539.615 5530.833 5543 -9999 -9999 -9999 -9999 -9999 -9999 5836.524 5859.94 5889.82 5915.04 5909.72 5911.22 5925.79 5935.35 5962.19 5977.61 5983.981 5993.907 6012.7 6035.21 6055.95 6074.82 6094.31 6110.43 6133.04 6156.34 6183.51 6217.4 6244.29 6266.27 6295.23 6316.68 6330.49 6324.5 6312.79 6305 6300.04 6290.22 6288.9 6287.36 6284.65 6288.82 6288.42 6290.63 6295.2 6287.33 6296.38 6296.87
-9999 -9999 -9999 -9999 -9999 -9999 -9999 -9999 -9999 -9999 5602 5637.636 5667.6 5694.667 5694.182 5662.317 5629.396 5614.676 5597.04 5585.869 5555.8 5539.379 5534.286 5538.1 5563.167 5622.125 5635.25 -9999 -9999 5786 5815.011 5859.58 5883.45 5902.65 5918.46 5926.51 5926.49 5946.92 5963.16 5987.92 6002.06 6008.362 6033.615 6061.18 6084.08 6108.62 6132.23 6159.54 6183.22 6213.71 6237.02 6258.52 6283.26 6300.63 6322.85 6342.96 6345.23 6349.16 6336.65 6332.54 6318.12 6314.77 6311.12 6305.31 6303.32 6300.53 6302 6313.27 6310.53 6310.25 6316.92 6315.46
-9999 -9999 -9999 -9999 -9999 -9999 -9999 -9999 5514 5548.1 5607.667 5605.667 -9999 5693.885 5683.93 5678.58 5654.63 5629.59 5613.86 5594.13 5562.24 5539.37 5527.41 5553.46 5595.894 5621.75 -9999 5691.209 5738.889 -9999 5825.522 5852.2 5883.94 5892.67 5915.31 5926.27 5928.21 5940.11 5950.11 5981.3 6013.14 6038.62 6059.987 6086.974 6110.388 6135.95 6171.85 6202.48 6228.39 6252.55 6270.95 6296.31 6317.35 6336.24 6356.39 6361.03 6366.5 6367 6358.03 6353.99 6346.47 6335.28 6331.08 6327.05 6323.68 6327.96 6322.21 6323.17 6323.93 6329.32 6327.36 6330.92
-9999 5357 5345.2 5360.667 5383 5444.444 5461 5471.75 -9999 5553 -9999 -9999 5670.417 5674.281 5684.11 5681.9 5680.1 5655.45 5633.89 5605.15 5577.97 5560.48 5553.28 5582.42 5606.031 5629.739 5670.667 5709.391 5757.79 5790.942 5826.776 5859.87 5886.62 5894.46 5918.87 5931.31 5934.06 5951.11 5961.86 5996.04 6019.32 6038.59 6070.23 6119.283 6140.263 6169.195 6201 6230.64 6263.94 6287.04 6310.3 6334.59 6356.01 6376.21 6382.92 6390.83 6394.73 6390.47 6383.47 6375.6 6367.53 6360.48 6351.11 6348.61 6343.17 6337.28 6341.22 6345.2 6343.94 6343.98 6351.15 6351.5
5297 5341 5345.393 5354.333 5378.8 5402.579 5431.231 5463.511 5499.691 5532.855 5568.656 -9999 5660.903 5687.54 5697.55 5706.29 5700.91 5674.29 5651.01 5626.7 5606.02 5592.93 5595.3 5597.57 5615.061 5668.357 5687.461 5749.852 5775.03 5808.093 5829.687 5865.83 5884.29 5900.12 5922.2 5929.49 5944.21 5965.45 5976.55 5994.16 6023.19 6058.9 6086.17 6116.47 6157.63 6190.53 6208.18 6249.52 6294.32 6314.32 6351.81 6367.94 6397.12 6406.22 6412.82 6416.9 6409.71 6402.16 6393 6387.97 6376.93 6369.32 6374.54 6360.57 6354.44 6361.82 6362.58 6361.15 6368.95 6363.15 6364.38 6371.5
5320.516 5330.51 5337.85 5360.825 5372.565 5394.46 5416.25 5458.26 5490.01 5529.83 5566.896 5597.636 5665.817 5691.612 5718.048 5717 5706.73 5690.34 5670.08 5651.36 5635.63 5613.66 5621.1 5633.44 5660.74 5686.47 5720.804 5759.531 5785.95 5814.16 5851.209 5868.15 5896.22 5910.14 5923.48 5943.02 5958.84 5981.22 5984.21 6013.07 6044.25 6070.6 6101.08 6138.13 6166.26 6188.65 6222.28 6262.22 6301.26 6342.11 6363.28 6413.92 6428.64 6447.47 6449.19 6450.74 6430.16 6423.35 6407.18 6395.19 6390.38 6390.3 6391.39 6382.72 6375.2 6377.79 6378.11 6380.87 6377.79 6374.06 6377.85 6390.79
