taller 1/variables/bioclim12.asc
ncols         720
nrows         300
xllcorner     -30.008325510658
yllcorner     30.991671412252
cellsize      0.083333337679505
NODATA_value  -9999
[rows 0 to 32 of 300, columns 292 to 364 of 720]
1760.459 1822.194 1853.812 1715 1807.247 1865.247 1856.034 1870.719 1778.682 1578.033 1610.179 1557.54 1485.064 1421.092 1506.3 1401.56 1287.85 1243.53 1195.81 1136.14 1115.59 1095.2 1047.89 971.51 923.43 866.52 784.02 726.98 701.1196 697.8889 686.6901 676.6296 698.6712 693.2526 689.85 698.85 733.15 765.37 758.6948 730.0192 746.36 753.9545 732.5 -9999 -9999 -9999 -9999 -9999 -9999 -9999 -9999 -9999 -9999 -9999 -9999 -9999 -9999 -9999 -9999 -9999 -9999 -9999 -9999 -9999 -9999 -9999 -9999 -9999 -9999 -9999 -9999 -9999 -9999
1711.97 1831.68 1783.894 1781.756 1741.698 1743.074 1721.802 1652.019 1730.269 1593.82 1739.43 1654.71 1466.25 1333.64 1245.62 1205.56 1188.27 1172.81 1152.53 1127.84 1140.35 1153.06 1109.73 1040.25 966.96 915.51 896.64 886.03 913.48 847.27 768.03 762.42 783.88 779.2 830.61 865.64 913.42 869.7 832.57 795.93 772.26 751.52 719.4125 738.6667 -9999 -9999 -9999 -9999 -9999 -9999 -9999 -9999 -9999 -9999 -9999 -9999 -9999 -9999 -9999 -9999 -9999 -9999 -9999 -9999 -9999 -9999 -9999 -9999 -9999 -9999 -9999 -9999 -9999
1651.535 1672.663 1735.944 1800.388 1750.083 -9999 1635.276 1603.325 1498.455 1488.875 1697.05 1585.3 1372.63 1361.98 1367.23 1277.24 1223.42 1234.3 1201.75 1122.84 1092.72 1114.61 1134.26 1115.55 1075.84 1046.26 1084.13 1045.38 956.55 927.57 928.96 944.29 923.73 927.7 888.83 922.01 919.33 852.5 820.84 778.56 728.89 718.33 719.77 723.3563 708 -9999 -9999 -9999 -9999 -9999 -9999 -9999 -9999 -9999 -9999 -9999 -9999 -9999 -9999 -9999 -9999 -9999 -9999 -9999 -9999 -9999 -9999 -9999 -9999 -9999 -9999 -9999 -9999
1618.831 1700.65 1716.366 1692.429 1768.635 1764.483 1608.714 1556.667 1509.5 1432.298 1485.59 1340.6 1300.77 1280.83 1323.68 1353.88 1371.01 1347.13 1300.22 1229.65 1161.73 1110.77 1131.54 1102.45 1056.3 1046.08 1039.04 995.48 1018.44 986.36 1124.9 1107.44 1062.37 922.11 915.32 839.6 827.25 797.36 790.32 742.67 718.63 710.61 711.04 723.47 705.7865 693.5806 688.25 -9999 -9999 -9999 -9999 -9999 -9999 -9999 -9999 -9999 -9999 -9999 -9999 -9999 -9999 -9999 -9999 -9999 -9999 -9999 -9999 -9999 -9999 -9999 -9999 -9999 -9999
1638.14 1693.09 1613.914 1724.776 1765.13 1825.71 1647.977 -9999 -9999 -9999 1322.913 1249.54 1195.697 1172.09 1173.9 1227.67 1302 1321.32 1310.61 1366.5 1300.9 1211.75 1169.15 1177.04 1138.09 1089.43 1072.33 1099.81 1084.52 1082.35 1052.58 1018.97 1025.74 928.52 877.01 849.12 802.08 783.24 745.35 736.37 741.66 734.55 733.61 731.17 744.04 736.6566 699.2667 697.8409 686.5 -9999 -9999 -9999 -9999 -9999 -9999 -9999 -9999 -9999 -9999 -9999 -9999 -9999 -9999 -9999 -9999 -9999 -9999 -9999 -9999 -9999 -9999 -9999 -9999
1622.88 1659.898 1538.222 1544.6 1604.505 1736.8 1588.753 1476.5 -9999 -9999 -9999 1175 1154.171 1151.67 1177.55 1212.99 1291.62 1352.71 1341.46 1360.53 1374.54 1275.21 1264.49 1222.83 1230.02 1302.58 1269.42 1239.92 1341.89 1278.04 1162.25 1121.64 1028.29 965.32 920.22 854.4 805.22 785.13 769.61 774.79 803.81 863.86 864.33 798.56 738.32 755.25 755.43 706.11 688.9138 -9999 -9999 -9999 -9999 -9999 -9999 -9999 -9999 -9999 -9999 -9999 -9999 -9999 -9999 -9999 -9999 -9999 -9999 -9999 -9999 -9999 -9999 -9999 -9999
1461.121 1495.213 -9999 -9999 1555.742 1564.143 1566.644 1430 -9999 -9999 -9999 1243.464 1136.671 1138.3 1184.51 1239.2 1285.16 1314.37 1386.04 1433.95 1425.78 1340.58 1339.04 1342.66 1276.76 1328.91 1298.79 1382.56 1362.92 1277.07 1229.07 1155.06 1101.64 1011.18 942.77 869.53 859.24 847.88 829.35 856.48 906.02 952.97 1011.07 883.11 780.92 739.39 733.85 720.6 699.0625 676.6667 -9999 -9999 -9999 -9999 -9999 -9999 -9999 -9999 -9999 -9999 -9999 -9999 -9999 -9999 -9999 -9999 -9999 -9999 -9999 -9999 -9999 -9999 -9999
1440.31 1491.354 -9999 -9999 -9999 -9999 -9999 -9999 -9999 -9999 1252.023 1310.31 1188.83 1254.1 1347.61 1422.63 1438.16 1415.55 1464 1406.47 1318.37 1287.13 1367.95 1417.62 1349.82 1317.38 1230.35 1324.09 1368.58 1332.41 1284.2 1205.06 1098.27 1031.17 988.24 976.72 930.91 927.13 939.22 942.03 962.68 893.05 867.19 817.83 757.28 768.72 759.06 728.49 688.2841 667.6667 -9999 -9999 -9999 -9999 -9999 -9999 -9999 -9999 -9999 -9999 -9999 -9999 -9999 -9999 -9999 -9999 -9999 -9999 -9999 -9999 -9999 -9999 -9999
1347.684 1332.667 -9999 -9999 -9999 -9999 1285 -9999 -9999 1216.143 1268.28 1310.19 1362.35 1356.86 1409.06 1388.28 1476.71 1560.62 1529.27 1511.58 1414.4 1336.69 1184.39 1306.49 1397.61 1328.36 1177.41 1214.2 1354.81 1306.74 1273.31 1255.05 1162.39 1156.64 1058.81 1030.49 1005.84 1031.59 1034.92 937.19 877.45 852.94 843.71 801.3 801.06 754.86 724.67 695.88 677.15 664.9091 -9999 -9999 -9999 -9999 -9999 -9999 -9999 -9999 -9999 -9999 -9999 -9999 -9999 -9999 -9999 -9999 -9999 -9999 -9999 -9999 -9999 -9999 -9999
-9999 -9999 -9999 -9999 -9999 -9999 -9999 -9999 1248.667 1328.514 1355.86 1384.92 1462.19 1508.99 1500.56 1480.13 1440.96 1399.4 1402.81 1428.72 1330.12 1261.19 1187.19 1160.39 1241.27 1221.5 1117.23 1130.68 1225.56 1246.77 1234.3 1166.26 1093.72 1147.91 956.67 1012.41 1044.19 933.32 915.06 872.36 866.23 839.46 806.05 830.77 785 739.93 715.88 697.01 674.73 662.6913 -9999 -9999 -9999 -9999 -9999 -9999 -9999 -9999 -9999 -9999 -9999 -9999 -9999 -9999 -9999 -9999 -9999 -9999 -9999 -9999 -9999 -9999 -9999
-9999 -9999 -9999 -9999 -9999 -9999 -9999 1233 1298.551 1372.9 1323.32 1342.73 1348.16 1367.2 1518.08 1490.19 1456.67 1349.22 1315.8 1350.29 1299.86 1306.98 1203.11 1127.91 1059.73 1088.51 1100.27 1055.87 1139.59 1159.33 1143.02 1059.63 972.34 966.18 944.73 964.76 1068.31 1007.93 948.61 882.06 822.64 784.39 821.97 786.29 759.58 722.19 691.66 678.61 669.83 657.1895 651.125 -9999 -9999 -9999 -9999 -9999 -9999 -9999 -9999 -9999 -9999 -9999 -9999 -9999 -9999 -9999 -9999 -9999 -9999 -9999 -9999 -9999 -9999
-9999 -9999 -9999 -9999 -9999 -9999 1206.909 1317.177 1426.94 1424.18 1379.14 1298.22 1245.94 1219.85 1422.78 1399.58 1391.39 1357.74 1250.93 1234.7 1233.6 1223.66 1179.23 1136.97 1064.83 1031.535 1056.96 1039.87 1011.28 1007.06 970.14 909.83 863.14 876.19 884.75 889.55 943.67 929.9 907.56 911.9 869.62 800.41 742.37 762.49 744.45 710.16 689.42 672.23 666.5 661.82 657.814 647.25 -9999 -9999 -9999 -9999 -9999 -9999 -9999 -9999 -9999 -9999 -9999 -9999 -9999 -9999 -9999 -9999 -9999 -9999 -9999 -9999 -9999
-9999 -9999 -9999 -9999 -9999 1166.857 1196.34 1172.385 1296.731 1293.47 1284.8 1245.42 1198.16 1161.59 1148.33 1247.515 1351.73 1253.25 1290.07 1184.03 1146.46 1129.89 1104.65 1185.08 1180.424 1026.385 999.75 986.3 958.0425 932.7353 897.5741 853.1556 826.6 823.39 837.91 866.76 931.09 929.54 903.84 904.9 848.9 854.6 791.22 734.52 710.65 699.57 688.85 668.88 660.75 660.55 647.96 654.5211 -9999 -9999 -9999 -9999 -9999 -9999 -9999 -9999 -9999 -9999 -9999 -9999 -9999 -9999 -9999 -9999 -9999 -9999 -9999 -9999 -9999
-9999 -9999 -9999 -9999 -9999 -9999 1187.729 1170.87 1094.939 1143.884 1159.169 1170.546 1158.87 1123.69 1105.915 1159.029 1259.52 1142.47 1184 1128.194 1170.67 1134.021 1074.643 1097.694 1041.543 1028.75 -9999 967.45 949.2838 925.54 902.45 881.3 853.71 851.38 869.53 953.01 1144.51 1115.84 1042.93 1050.69 1010.56 984.19 924.15 883.29 817.37 747.35 737.64 736.33 676.02 647.43 665.08 672.0787 658 -9999 -9999 -9999 -9999 -9999 -9999 -9999 -9999 -9999 -9999 -9999 -9999 -9999 -9999 -9999 -9999 -9999 -9999 -9999 -9999
-9999 -9999 -9999 -9999 -9999 -9999 -9999 1147.88 1089.493 -9999 -9999 1116.571 1142.255 1099.673 1094.43 1072.431 -9999 1088.7 1090.706 1098.474 1124.208 1115.5 -9999 -9999 -9999 -9999 974.3333 982.82 979.5 985.8 1029.03 1006.64 945.77 942.68 925.58 934.56 1014.72 1215.79 1113.22 1133.82 1182.09 1096.81 1041.01 962.68 936.96 843.98 781.58 733.45 686.5 657.33 686.27 694.76 674.8182 -9999 -9999 -9999 -9999 -9999 -9999 -9999 -9999 -9999 -9999 -9999 -9999 -9999 -9999 -9999 -9999 -9999 -9999 -9999 -9999
1043.714 1049.875 -9999 -9999 -9999 -9999 -9999 -9999 1089 1090.576 -9999 -9999 -9999 1070 1086.192 1052.8 -9999 -9999 -9999 -9999 -9999 -9999 -9999 -9999 -9999 991.7083 1014.968 1029.91 1060.16 1069.61 1219.34 1252.4 1094.78 1051.83 978.86 971.45 954.7 1107.66 1313.77 1268.56 1214.03 1131.09 1081.35 1030.37 912.13 819.05 758.76 720.12 689.47 683.52 692.3 693.13 682.61 655.9107 -9999 -9999 -9999 -9999 -9999 -9999 -9999 -9999 -9999 -9999 -9999 -9999 -9999 -9999 -9999 -9999 -9999 -9999 -9999
1050.98 1048.24 1034 -9999 -9999 -9999 -9999 -9999 1112 1059.615 -9999 -9999 -9999 -9999 -9999 -9999 -9999 -9999 -9999 -9999 -9999 -9999 -9999 -9999 -9999 1017.061 1045.74 1078.46 1132.24 1160.59 1176.69 1235.63 1177.38 1102.3 1076.24 1030.8 1006.65 996.35 1085.43 1269.35 1262.02 1163.6 1036.09 967.76 948.59 854.13 780.49 735.03 714.3 680.13 671.37 663.49 650.2 648.9579 659.6875 674.9583 700.1905 708.5 -9999 -9999 -9999 -9999 -9999 -9999 -9999 -9999 -9999 -9999 -9999 -9999 -9999 -9999 -9999
1030.25 1042.093 1033.667 -9999 -9999 -9999 -9999 -9999 -9999 -9999 -9999 -9999 -9999 -9999 -9999 -9999 -9999 -9999 -9999 -9999 -9999 -9999 -9999 -9999 1010.962 1032.545 1100.88 1212.1 1242.56 1276.48 1206.53 1326.92 1275.92 1255.69 1254.09 1164.82 1154.86 1107.87 1058.69 1052.59 1103.44 1148.42 1093.73 1001.57 903.47 827.92 768.49 724.57 689.46 669.82 658.98 649.17 648.58 664.92 704.03 748.8 763.03 766.14 778.6097 783.8636 755 -9999 -9999 -9999 -9999 -9999 -9999 -9999 -9999 -9999 -9999 -9999 -9999
1025.077 1019.82 1021.492 -9999 -9999 -9999 -9999 -9999 -9999 -9999 -9999 -9999 -9999 -9999 -9999 894.5 -9999 -9999 -9999 -9999 -9999 -9999 -9999 -9999 964 995.1724 1047.72 1145.25 1233.5 1343.81 1340.92 1142.78 1218.09 1294.69 1312.58 1298.51 1212.15 1202.4 1190.56 1139.34 1216.75 1227.47 1206.13 1122.02 1060.7 959.56 855.13 770.39 706.7 671.91 658.51 659.56 668.36 693.49 728.43 809.25 797.99 801.36 796.38 804.83 808.09 829.098 -9999 -9999 -9999 -9999 -9999 -9999 -9999 -9999 -9999 -9999 -9999
1032.69 1023.534 1014.222 -9999 -9999 -9999 -9999 -9999 -9999 -9999 -9999 -9999 -9999 911.4 903.2727 901.7115 -9999 -9999 -9999 -9999 -9999 -9999 -9999 -9999 -9999 -9999 963.7805 985.5158 1121.29 1168.33 1275.55 1128.56 1084.76 1145.36 1175.32 1187.22 1240.45 1288.11 1283.07 1324.51 1299.93 1277.08 1199.78 1149.53 1062.32 973.76 876.4 787.24 707.52 672.09 660.64 672.83 727.43 798.66 790.47 828.35 812.93 829.13 829.72 823.35 860.93 852.76 854.1194 -9999 -9999 -9999 -9999 -9999 -9999 -9999 -9999 -9999 -9999
1018.136 1013.16 -9999 -9999 -9999 -9999 -9999 -9999 -9999 -9999 -9999 -9999 959.9167 1044.701 1115.25 1051.871 919.375 -9999 -9999 -9999 -9999 -9999 -9999 -9999 -9999 -9999 -9999 998.9277 1186 1018.474 1072.93 1073.06 1114.11 1114.14 1123.192 1188.99 1252.44 1251.26 1293.21 1320.89 1326.55 1254.1 1169.19 1111.04 1025.71 947.74 876.99 788.17 725.75 673.23 653.76 659.1 698.23 779.53 742.33 735.24 717.09 722.77 747.71 779.92 829.5 830.64 831.6263 831.3871 -9999 -9999 -9999 -9999 -9999 -9999 -9999 -9999 -9999
1015.25 -9999 -9999 -9999 -9999 -9999 -9999 -9999 -9999 -9999 -9999 979.9811 1011.535 1042.01 1031.565 968.68 -9999 -9999 -9999 -9999 -9999 -9999 -9999 -9999 -9999 -9999 -9999 967.3333 975.2759 986.7377 1087.53 1022.148 1072.39 1098.018 1116.857 1187.59 1216.64 1257.55 1383.79 1377.99 1321.93 1322.08 1281.58 1234.36 1169.55 1088.07 994.2 872.77 758.4 688.85 661.78 647.85 649.5 684.91 715.71 681.91 667.82 672.89 686.97 706.36 734.37 763.37 799.08 817.14 808.5757 789.25 -9999 -9999 -9999 -9999 -9999 -9999 -9999
-9999 -9999 -9999 -9999 -9999 -9999 -9999 -9999 -9999 -9999 961.4 1008.232 977.8587 961 922 -9999 -9999 -9999 -9999 -9999 -9999 -9999 -9999 -9999 -9999 -9999 -9999 -9999 950.4445 973.9524 1001.219 1045 1023.5 1061 1111.895 1171.25 1197.94 1242.87 1295.28 1304.72 1294.44 1357.32 1275.36 1157.63 1199.92 1114.04 967.36 912.53 801.71 712.99 668.23 646.9 637.78 637.95 651.06 662.87 668.45 678.69 680.15 711.6 752.63 774.74 788.87 790.48 788.27 791.7234 783.5526 774 -9999 -9999 -9999 -9999 -9999
-9999 -9999 -9999 -9999 -9999 -9999 -9999 -9999 -9999 -9999 973.75 935 894 -9999 -9999 -9999 -9999 -9999 -9999 -9999 -9999 -9999 -9999 -9999 -9999 -9999 -9999 -9999 -9999 945 -9999 -9999 -9999 1040.113 1097.155 1243.7 1384.27 1416.45 1426.38 1374.41 1258.03 1260.77 1170.41 1131.69 1102.67 1059.58 1016.06 876.32 800.05 727.29 681.6 660.84 636.99 625.79 625.59 629.52 640.55 650.58 700.07 752.19 739.59 736.6 743.59 740.38 740.82 740.4348 -9999 -9999 -9999 -9999 -9999 -9999 -9999
-9999 -9999 -9999 -9999 -9999 -9999 -9999 -9999 -9999 -9999 -9999 -9999 -9999 -9999 -9999 -9999 -9999 -9999 -9999 -9999 -9999 -9999 -9999 -9999 -9999 -9999 -9999 -9999 -9999 -9999 -9999 953.9 976.1081 1008.958 1055.07 1212.66 1373.46 1371.25 1366.45 1347.5 1236.85 1191.26 1130.69 1083.69 1056.11 993.23 954.75 867.26 817.12 742.39 691.5 653.23 634.56 622.01 616.85 618.22 624.33 632.67 654.93 705.86 716.01 701.39 698.75 703.78 714.29 720.6951 713 -9999 -9999 -9999 -9999 -9999 -9999
-9999 -9999 -9999 -9999 -9999 -9999 -9999 -9999 -9999 -9999 -9999 -9999 -9999 -9999 -9999 -9999 -9999 -9999 -9999 -9999 -9999 -9999 -9999 -9999 -9999 -9999 -9999 -9999 -9999 -9999 -9999 938.9464 955.4516 982.15 1017.73 1111.46 1218.26 1254.6 1238.28 1222.17 1328.21 1244.97 1206.53 1201.57 1077.4 998.1 954.67 842.22 805.01 749.85 715.46 677.42 639.39 613.36 606.18 607.38 612.87 619.6 629.09 644.25 682.63 692.42 681.81 682.17 692.2 702.1 702.4211 702 -9999 -9999 -9999 -9999 -9999
-9999 -9999 -9999 -9999 -9999 -9999 -9999 -9999 -9999 -9999 -9999 -9999 -9999 -9999 -9999 -9999 -9999 -9999 -9999 -9999 -9999 -9999 -9999 -9999 -9999 -9999 -9999 -9999 -9999 -9999 -9999 912.6727 927.04 958.11 992.01 1043.56 1092.03 1154.96 1213.27 1209.17 1247.3 1233 1305.72 1232.69 1184.03 1081.61 960.44 878.04 790.21 719.13 691.45 673.74 648.2 612.52 603.11 601.39 604.33 609.67 617.14 625.71 647.95 695.5 675.86 664.61 672.32 681.16 685.79 687.7681 683.6 -9999 -9999 -9999 -9999
-9999 -9999 -9999 -9999 -9999 -9999 -9999 -9999 -9999 -9999 -9999 -9999 -9999 -9999 -9999 -9999 -9999 -9999 -9999 -9999 -9999 -9999 -9999 -9999 -9999 -9999 -9999 -9999 -9999 -9999 -9999 869 893.6724 921.0107 958.95 1008.76 1091.91 1209.47 1272.59 1335.45 1301.27 1319.81 1251.72 1194.6 1088.72 999.83 913.07 837.15 787.5 743.65 690.92 664.06 648.14 619.28 605.42 598.9 598.3 601.51 607.07 615.6882 629.6351 637.5313 654.8701 651.1507 653.1475 664.913 666.7813 671.99 675.2195 675.2143 -9999 -9999 -9999
-9999 -9999 -9999 -9999 -9999 -9999 -9999 -9999 -9999 -9999 -9999 -9999 -9999 -9999 -9999 -9999 -9999 -9999 -9999 -9999 -9999 -9999 -9999 -9999 -9999 -9999 -9999 -9999 -9999 -9999 819 845.6667 867.87 901.05 935.71 1012.74 1064.18 1191.34 1218.89 1183.67 1146.4 1155.56 1107.44 1194.31 1184.41 1075.22 941.74 902.25 848.46 765.15 713.59 693.13 657.04 633.91 606.27 597.65 593.91 595.83 600.52 608.99 629.84 624.63 645.81 651.57 648.12 648.381 649.5778 658.4333 664.8182 663.5652 -9999 -9999 -9999
-9999 -9999 -9999 -9999 -9999 -9999 -9999 -9999 -9999 -9999 -9999 -9999 -9999 -9999 -9999 -9999 -9999 -9999 -9999 -9999 -9999 -9999 -9999 -9999 -9999 -9999 -9999 -9999 -9999 -9999 814.5714 816.4302 841.32 895.91 942.4 1000.82 995.15 1019.19 1034.23 1017.69 1002.95 1003.64 1035.33 1099.62 1211.77 1209.89 1102.19 1023.44 911.19 810.18 745.59 688.49 665.15 649.34 610.07 597.56 589.22 591.64 597.58 599.48 612.75 623.66 618.55 636.19 659.63 654.55 645.28 644.5652 641.4286 641.75 -9999 -9999 -9999
-9999 -9999 -9999 -9999 -9999 -9999 -9999 -9999 -9999 -9999 -9999 -9999 -9999 870.5 885.4211 909.7 908.1667 -9999 -9999 -9999 -9999 -9999 -9999 -9999 -9999 -9999 -9999 -9999 -9999 -9999 757.6667 786.1136 821.62 854.46 908 936.66 949.16 943.32 928.23 913.07 903.3 914.02 947.41 1023.66 1075.03 1208.9 1194.9 1119.71 980.27 873.27 766.61 709.36 683.13 676.73 626.37 604.68 590.02 591.91 592.24 599.23 605.73 614.26 607.86 620.55 664.44 662.87 663.13 642.04 634.13 635.8145 634.9 -9999 -9999
-9999 -9999 -9999 -9999 -9999 -9999 -9999 -9999 -9999 -9999 -9999 -9999 -9999 893.525 908.55 932.95 953.0465 955.4545 -9999 -9999 -9999 930.125 882 -9999 -9999 -9999 787.375 806.7667 789.0588 757.4 767.8706 774.6563 796.193 830.2471 849.4828 889.49 908.65 914.09 902.76 881.36 874.88 887.37 919.85 1030.49 1087.3 1203.78 1116.85 1003.33 1015.38 891.93 775.3 724.86 697.67 687.73 637.42 612.26 598.73 605.79 592.81 595.92 597.26 610.53 601.34 609.2 622.17 657.34 665.12 653.74 633.59 626.74 626.8387 625.1818 -9999
-9999 -9999 -9999 -9999 -9999 -9999 -9999 -9999 -9999 -9999 -9999 898.4445 878.1667 870.5412 904.11 944.21 959.49 976.7381 1000.909 942.6154 1016.4 994.55 886.2391 942.4933 878.2941 851.5875 802.1212 884.23 886.6364 849.3143 752.0857 757.71 771.4948 777.4857 802.1948 867.78 868.46 868.67 854.89 851.65 856.76 898.28 946.57 1133.21 1159.17 1146.28 1100.81 1025.13 930.99 904.55 792.04 734.03 712.78 692.08 651 631.41 611.13 612.55 592.61 588.11 586.86 602.87 595.5 596.54 606.9 621.35 639.71 654.99 640.61 627.03 618.41 617.9351 615
