taller 1/variables/bioclim19.asc
ncols         720
nrows         300
xllcorner     -30.008325510658
yllcorner     30.991671412252
cellsize      0.083333337679505
NODATA_value  -9999
[rows 66 to 98 of 300, columns 518 to 591 of 720]
157.8 135.99 116.2 105.89 100.72 97.98 93.8 98.42 95.95 86.62 80.79 77.56 75.07 73.98 73.58 75.65 78.69 79.94 79.96 80.1 79.99 79.87 81.2 84.24 88.69 89.97 90.01 94 96.89 100.07 104.49 100.27 100.59 100.43 93.65 94.08 90.53 102.95 109.41 92.31 78.96 74.43 80.36 88.04 85.2 80.36 78.9 80 82.56 84.25 86.9 90.93 93.23 94.81 96.29 98.3 100.74 102.08 102.66 106.15 109.26 108.71 107.1 105.73 106.09 106.75 107.46 107.67 108.74 107.64 107.87 109.01 107.06 108.63
121.82 111.54 103.71 99.87 97.39 93.6 89.12 87.07 84.35 83.6 81.66 76.34 74.07 72.44 70.15 68.89 71.32 73.75 74.9 75.69 75.97 77.36 79.33 82.04 82.06 84.64 85.89 86.64 89.09 91.87 92.61 92.12 90.29 86.43 84.49 85.07 94.28 103.54 119.3 110.96 92.61 74.72 78.68 87.84 98.69 102.69 86.34 83.67 84.91 88.54 90.44 94.11 95.72 96.85 97.67 98.81 100.19 101.93 102.09 101.66 101.9 102.64 103.44 103.66 103.86 104.22 105.9 108.15 108.94 108.08 108.31 108.4 106.38 110.43
130.7 110.46 101.92 100.49 97.67 96.22 96.7 95.42 95.03 86.42 79.22 73.72 69.58 67.9 66.47 65.99 66.71 68.17 70.82 72.04 73.09 74.25 76.48 77.06 78.18 79.94 83.23 84.04 84.54 85.92 87.11 86.99 84.4 83.59 82.13 81.54 84.41 97.49 118.26 121.87 110.68 82.94 81.53 108.28 103.47 122.59 113.74 98.78 103.5 98.63 99.09 103.63 98.56 97.61 97.52 99.66 100.84 101.58 102.27 101.02 100.06 100.99 102.34 104.09 106.09 106.08 105.34 105.85 108.8 109.5 108.55 107.37 107.7 107.89
148.55 122.92 109.22 103.79 104.42 106.19 104.1 104.97 98.5 90.55 81.01 74.65 69.43 66.84 65.7 66.52 65.42 66.64 67.48 68.76 70.08 71.89 72.95 74.56 76.31 78.98 80.23 81.55 82.44 83.32 84.65 82.77 82.52 81.96 80.52 84.39 80.58 83.75 94.03 108.34 109.8 92.87 84.81 126.59 139.86 120.06 130.04 130.07 108.25 137.13 126.36 122.12 110.51 104.33 100.1 100.94 101.15 102.02 103.54 101.9 100.81 99.2 102.06 103.71 105.62 105.76 107.48 108.91 110.54 110.22 111.42 109.68 108 109.98
131.02 124.18 117.13 113.3 114.98 104.32 99.8 99.3 97.63 93.05 85.38 79.26 71.26 66.87 65.23 65.14 66.23 67.8 69.26 69.73 70.47 71.93 72.14 73.68 75.19 77.46 79.27 79.84 81.06 82.14 80.98 80.49 80.82 81.6 81.2 78.86 79.23 80.7 86.42 86.56 91.87 98.64 92.19 105.78 115.99 98.47 118.18 137.51 147.39 146.11 127.27 117.92 118.07 105.93 102.71 101.43 100.08 99.59 99.54 100.54 98.61 99.42 102.75 103.99 104.87 107.33 109.12 110.82 111.48 110.22 109.38 109.02 108.31 108.59
127.99 125.74 124.82 127.32 120.49 112.32 109.17 100.16 93.49 89.02 86.04 79.08 74.25 69.72 66.42 65.59 67.7 69.99 73.71 75.21 74.49 75.25 74.88 76.76 75.52 77.13 77.73 79.48 79.86 80.09 79.96 79.53 79.22 78.52 79.34 79.53 78.97 83.73 84.4 83.06 84.54 93.75 108.24 104.48 102.15 97.04 95.02 114.02 159.67 139.06 121.67 113.89 111.12 107.41 103.44 99.59 100.57 99.98 98.11 96.98 96.49 97.09 102.35 105.2 106.67 108.6 109.2 110.55 111.69 111.25 110.69 109.7 109 108.75
136.15 128.62 117.7 119.69 112.01 106.93 103.81 106.25 102.68 95.03 82.54 79.1 75.87 71.8 68.73 72.22 75.23 78.28 80.57 83.33 81 80.94 80.71 82.93 82.96 78.85 77.89 78.77 84.39 86.25 83.55 81.79 80.57 79.56 80.24 81.82 78.1 82.78 85.77 85.61 85.03 85.85 97.98 90.96 84.47 82.69 90.97 111.48 120.61 116.14 115.08 113.22 116.46 112.73 104.59 100.44 97.41 97.28 96.86 97.84 98.07 95.92 97.42 101.22 104.99 108.52 110.44 111.33 112 112.04 112.3 112.54 112.39 113.18
132.22 125.38 122.25 117.2 112.69 116.8 116.62 114.21 100.96 90.87 88.78 89.76 88.35 83.52 75.47 76.12 77.77 77.32 77.89 82.65 83.51 83.65 88.45 92.53 89.3 86.15 83.8 83.06 83.75 94.13 96.96 92.32 87.15 85.55 86.58 89.54 84.65 81.62 87.12 88.38 86.69 80.4 84.45 88.18 81.62 81.76 88.48 85.5 99.79 111.69 117.15 121.41 117.97 112.61 109.95 106.58 103 107.43 105.05 98.57 95.55 95.05 97.93 101.74 103.95 108.65 111.5 113.33 115.55 116.3 118.32 121.73 119.33 119.76
122.87 119.26 117.31 116.43 117.08 122.65 125.48 121.37 117.93 114.16 106.28 99.4 89.13 86.44 83.29 82.05 83.98 80.48 82.44 88.91 87.72 86.53 87.22 91.84 94.56 96.51 93.98 93.57 92.87 92.69 99.2 104.32 102.62 101.4 99.6 102.55 95.64 90.96 91.92 88.8 93.28 84.42 83.68 92.75 84.53 77.77 80.32 79.81 83.84 100.78 113.99 115.7 122.44 116.24 113.97 111.92 115.3 108.54 101.61 96.48 94.11 95.81 100.79 105.91 109.74 112.36 116.93 119.59 126.98 141.94 138.79 145.81 137.83 149.09
122.34 120.94 120.44 124.5 127.38 127.09 131.94 142.61 153.42 127.86 113.49 104.63 97.83 89.16 87.27 88.36 92.15 89.2 94.48 93.94 89.1 92.11 91.25 89.7 92.26 94.06 98.42 97.72 100.36 100.7 101.23 102.98 106.13 111.06 111.9 110.46 102.35 100.99 102.12 88.93 93.08 89.68 86.03 85.61 87.25 85.71 80.6 79.82 81.21 86.08 105.49 112.73 115.81 118.59 116.75 112.4 105 97.37 94.7 94.11 97.11 101.63 107.15 111.29 116.97 117.91 124.55 142.45 148.8 165.69 170.1 134.34 128.46 133.8
129.3 128.3 131.85 138.97 130.66 137.2 149.82 153.42 139.54 127.97 122.41 113.35 101.4 98.96 101.82 95.48 98.74 104.95 105.56 96.87 96.35 104.16 100.05 98.73 95.91 102.26 99.28 98.11 96.98 97.08 99.56 105.08 108.36 109.05 116.4 112.48 104.7 104.31 103.73 93.75 90.26 91.16 84.76 92.36 96.26 91.87 84.5 80.87 82.63 83.76 92.39 106.9 120.25 118.99 111.88 106.91 98.31 97.91 99.95 101.89 107.68 119.71 115.41 131.95 149.22 161.54 136.1 153.05 162.5 172.33 186.5 147.12 151.73 151.9
140.63 139.36 143.67 151.8 145.82 143.78 152.63 148.54 141.53 129.9 122.22 116.85 110.85 115.14 114.6 119.29 113.33 111.87 108.27 102.56 109.99 110.75 108.12 102.43 99.06 102.55 106.19 106.55 103.4 101.15 100.3 102.61 104.74 104.03 105.06 104.18 102.14 99.73 95.81 100.46 88.62 84.39 89.46 106.67 100.56 88.7 84.15 82.63 83.36 84.16 89.12 93.91 96.7 97.02 99.39 99.11 100.37 105.37 113.34 125.49 126.83 146.06 145.59 168.56 174.82 180.29 166.37 147.22 153.64 166.94 160.65 159.66 185.01 207.37
156.9 147.21 149.69 158.3 156.87 151.39 154.63 143.55 137.59 133.06 128.02 120.21 115.6 118.58 116.56 114.76 114.88 109.72 106.33 109.36 117.92 113.97 110.56 110.56 106.85 108.82 111.64 113.43 109.9 103.04 103.6 107.17 107.71 103.09 103.98 100.54 97.08 97.51 93.8 100.51 87.13 82.37 98.35 105.62 105.91 94.95 86.5 82.57 83.52 85.2 87.26 89.9 93.54 97.37 100.85 107.47 112.15 109.72 116.63 122.57 138.43 159.48 166.91 157.81 162.15 160.68 149.86 148.91 160.84 180.98 178.51 179.12 184.29 175.98
158.82 157.64 168.15 175.64 167.73 160.13 152.74 151.11 149.99 142.57 135.63 127.14 124.33 120.81 120.89 114.83 114.15 113 106.47 107.79 115.67 119.9 122.25 119.32 114.54 117.42 116.45 112.34 110.89 108.58 104.57 108.54 105.88 101.31 100.14 103.73 100.8 92.43 87.76 84.87 85.73 87.21 93.01 99.07 100.27 96.94 90.22 85.26 86.15 86.74 88.32 90.67 95.87 101.62 117.69 130.19 124.18 118.37 130.89 144.83 149.38 155.07 170.62 174.31 163.51 159.33 168.28 157.65 153.17 173.26 177.37 183.89 189.31 176.59
183.12 192.87 193.86 186.46 173.38 164.47 162.43 152.96 148.41 143.26 136.61 130.06 133.76 128.81 122.73 118.1 118.17 117.46 111.93 112.3 114.88 120.03 119.27 118.28 119.02 122.08 120.39 114.35 117.07 115.64 110.67 104.33 107.3 102.96 99.21 98.16 100.1 98.04 92.51 81.96 82.65 86.38 88.68 96.2 94.5 87.39 86.48 88.82 90.37 94.88 91.98 92.05 95.26 101.31 107.52 112.61 120.46 127.31 128.32 139.25 151.59 163.83 170.86 162.14 148.15 143.65 146.66 143.88 161.38 167.35 169.94 181.76 188.32 188.94
249 258.13 240.88 205.04 196.35 192.09 193.77 179.41 163.17 160.06 152.68 141.78 133.06 136.37 131.14 125.1 125.69 118.33 115.21 114.93 115.07 119.25 114.55 116.41 120.16 123.75 122.35 113.48 117.25 118.54 117.22 106.83 103.43 101.89 99.8 96.74 96.9 97.85 90.65 88.3 81.27 77.15 81.16 84.2 84.69 86.89 90.71 97.58 98.97 99.89 104.13 101.12 97.5 104.49 110.97 114.79 120.74 130.84 134.3 141.83 139.06 142.61 136.29 134.33 131.46 143.06 139.33 139.47 147.08 185.86 214.02 192.05 159.88 148.95
242.86 279.89 266.08 248.7 236.57 248.16 220.42 200.41 185.22 174.4 162.13 153.38 142.95 135.68 134.96 132.3 134.69 124.71 119.92 118.05 117.77 119.2 118.03 121.59 125.05 123.19 116.87 111.11 114.57 114.2 114.08 108.05 104.04 105.27 101.03 97.77 93.74 90.47 87.22 88.25 84.08 78.66 78.35 81.16 85.05 90.91 95.1 96.09 105.15 109.43 102.9 98.11 100.34 106.58 111.5 118.08 122.83 123.05 131.25 148.99 142.21 127.75 127.92 129.45 148.2 151.68 151.66 192.97 180.55 157.17 150.86 164.35 163.7 162.83
227.27 231.85 289.96 291.97 290.22 282.94 257.25 237.03 227.67 195.41 182.47 169.75 154.51 143.03 135.72 132.18 136.92 133.51 126.58 122.27 120.57 121.48 124.95 129.81 131.49 126.37 116.34 113.99 111.77 111.97 111.07 106.45 103.09 102.82 100.71 97.26 94.4 90.88 91.12 85.31 83.34 82.69 83.01 86.87 90.41 91.32 94.18 96.77 100.28 103.17 98.83 99.76 106.19 107.05 109.83 115.31 127.62 133.92 133.9 134.38 122.48 122.71 136.17 142.17 150.35 161.31 188.17 189.98 155.43 147.2 171.16 189.8 204.15 166.44
225.39 249.4 273.81 293.31 303.22 281.34 262.97 255.58 245.56 224.82 221.91 195.99 182.33 162.01 148.53 138.24 140.6 139.54 133.02 127.57 124.83 124.48 129.09 130.49 129.42 120.78 117.72 114.95 113.47 109.87 109.05 107.19 105.15 102.36 97.93 96.15 92.31 92.23 89.79 87.44 86.35 86.35 88.7 92.63 92.61 93.06 95.12 96.8 99.2 99.8 100.34 104.59 110.08 115.56 121.21 136.02 138.02 129.67 122.71 116.01 127.74 143.41 159.01 169.87 173 175.66 173.83 160.63 148.86 170.61 187.31 209.39 198.46 174.48
241.2 235.28 236.78 250.16 256.49 262.51 271.47 253.5 239.33 241.31 248.2 221.25 191.3 189.54 161.24 152.65 146.9 141.52 137.14 134.24 129.39 127.91 130.73 131.65 127.85 120.22 122.97 116.33 115.54 111.68 110.68 110.28 107.34 105.13 99.96 96.9 93.96 93.56 93.06 92.02 91.29 93.4 92.82 92.47 94.44 97.99 98.62 99.92 100.99 104.96 110.86 117.2 122.25 136.28 138.65 126.41 128.39 116.12 115.39 133.45 134.34 148.15 156.2 155.58 172.52 141.25 157.7 154.07 155.87 182.31 206.25 192.44 192.15 191.18
228.46 230.6 228.16 229.04 238.06 244.83 263.07 267.71 278.59 242.52 237.23 218.21 200.67 182.23 181.34 170.45 159.89 159.05 147.99 142.64 137.99 131.68 132.38 131.28 129.46 124.13 128.73 122.01 120.35 118.67 115.82 112.85 110.64 103.98 99.27 97.7 96.39 95.67 95.27 95 96.87 98.36 98.65 97.62 97.9 99.98 101.43 103.3 108.64 113.67 123.26 123.9 126.18 126.71 121.8 119 113.35 124.9 146.52 127.64 120.69 129.81 140.21 153.4 139.7 132.42 146.32 163.25 169.54 197.71 181.64 161.9 154.21 147.21
217.31 222.74 232.97 230.95 234.68 251.56 254.59 245.68 239.86 255.07 231.29 220.46 219.46 199.76 188.3 179.07 169.94 173.95 179.44 169.81 150.09 144.31 142.61 137.51 133.8 131.08 128.94 126.7 118.72 114.67 114.29 112.22 105.02 102.07 101.13 101.7 99.91 99.22 99.42 100.27 105.55 105.33 103.97 103.06 102.8 103.83 105.66 109.54 113.45 114.5 114.39 120.04 125.02 125.24 119.47 114.92 114.01 136.07 146.6 126.13 120.7 121.78 130.07 134.45 130.08 148.08 173.01 164.47 169.31 180.83 181.32 147.94 146.52 148.09
216.55 227.33 229.48 237 236.5 238.95 252.88 251.3 240.46 224.81 224.97 239.29 227.49 206.74 187.81 186.36 182.09 194.89 196.03 184.15 165.86 155.94 147.54 141.05 135.54 131.07 128.84 122.17 121.56 113.23 108.53 113.11 106.84 105.64 105.51 104.63 105.87 108.2 109.58 110.06 108.97 107.62 106.63 107.99 107.35 107.97 110.38 113.6 115.91 117.57 116.92 121.56 126.78 124.16 117.1 113.15 117.36 134.49 127.98 120.52 119.44 119.43 126.54 128.06 146.66 187.45 169.16 141.2 143.32 151.25 156.67 141.13 140.95 142.5
224.76 233.36 239.4 241.96 247.16 245.49 245.34 246.46 242.19 218.79 213.06 218.28 225.54 219.81 199.81 187.37 185.31 199.62 193.7 193 183.51 167.97 158.25 149.22 149.89 141.94 137.89 130.1 129.15 117.74 110.88 114.54 108.62 107.5 108.85 109.79 111.89 112.32 114.92 113.08 111.56 111.79 113.61 111.93 111.57 111.68 114.71 119.03 120.79 121.39 129.73 124.03 121.99 117.7 114.83 114.03 122.81 119 118.49 117.5 120 130.86 134.03 145.33 155.47 156.14 147.72 137.25 150.77 158.54 146.72 146.58 149.03 141.18
229.77 229.03 229.7 235.11 244.49 251.63 256.67 235.02 226.93 214.24 212.17 212.02 214.25 216.19 206.57 183.56 172.64 179.68 180.04 179.5 180.15 177.12 165.23 167.37 160.15 152.86 141.72 130.35 120.74 110.41 105.21 106.6 106.45 107.44 109.76 109.85 109.97 113.53 115.84 117.32 115.35 113.95 115.14 114.63 113.42 115.28 118.81 123.78 128.23 136.02 131.8 120.5 118.57 116.54 114.95 115.02 120.17 116.82 118.03 116.47 131.54 136.88 131.93 134.48 154.6 148.82 139.43 154.45 165.33 156.65 156.44 143.48 155.9 162.43
228.09 226.77 229.93 239.26 239.09 236.46 240.07 228.38 221.48 210.21 188.3 184.48 193.87 195.95 178.15 161.49 159.88 162.23 165.58 163.81 167.13 172.87 178.67 172.4 161.88 145.48 135.62 123.42 118.35 110.15 107.06 104.64 104.21 105.37 106.43 108.45 110.52 114.67 115.11 117.1 115.26 114.76 114.5 114.47 114.94 117.23 121.64 128.92 139.91 135.22 124.17 120.96 117.58 115.98 114.25 116.59 117.91 116.96 116.04 123.44 123.48 120.5 121.11 130.7 136.3 139.5 146.9 145.61 152.35 145.34 140.44 143.11 150.05 145.7
223.87 231.84 241.92 245.91 250.47 242.89 237.04 225.94 216.98 200.32 185.39 176 172.37 160.85 157.15 151.91 148.26 146.42 150.75 147.33 150.6 150.12 154.14 153.54 137.86 129.13 123.64 123.95 124.1 112.1 108.2 108.37 107.6 108.01 109.43 114.72 121.74 122.45 117.9 115.93 114.99 114.93 115 115.55 116.45 118.04 123.28 137.31 133.23 122.14 121.35 118.16 116.57 115.18 114 114.74 115.33 116.46 117.7 115.61 118.65 118.2 119.6 124.05 122.47 126.32 127.91 134.57 139.41 132.44 131.26 135.51 141.52 135.17
235.19 242.84 252.39 256.85 259.37 259.67 242.4 230.97 217.47 201.17 189.88 177.81 169.83 162.7 157.15 148.39 143.36 137.34 132.77 130.44 132.91 133.44 130.23 125.02 116.15 115.93 113.37 112.76 111.77 110.86 110.51 110.89 112.09 114.11 118.74 121.3 121.23 119.89 117.77 115.44 114.7 114.68 114.7 115.56 116.36 118.1 124.87 128.42 120.78 119.48 118.49 116.86 115.17 114.51 113.8 112.59 112.11 113.54 113.9 114.35 114.54 116.79 119.48 120.68 119.98 121.18 123.75 125.31 123.56 125.35 132.57 136.25 132.82 122.91
247.05 264.65 273.86 272.94 278.96 277.07 257.93 238.61 221.47 204.93 194.31 183.24 173.14 168.73 162.11 152.8 150.58 146.33 140.89 135.72 130.61 125.32 121.97 119.46 118.01 115.06 115.22 114.99 115.93 116.72 123.63 121.97 123.93 126.04 126.15 124.6 123.89 117.28 115.26 114.83 115.38 114.66 115.7 115.99 116.46 120.38 119.19 118.97 118.51 118.63 117.89 116.2 114.83 113.43 112.67 112 111.91 111.33 111.7 112.58 112.82 114.71 118.8 120.1 118.91 119 120.59 121.58 120.13 121.17 126.35 122.04 117.63 114.5
245.78 266.15 276.82 275.65 271.21 267.26 254.12 239.68 228.84 215.3 203.75 190.87 179.58 173.6 165.11 163.84 163.41 151.96 144.69 142.14 142.93 140.71 134.27 129.11 127.96 134.43 131.32 128.77 132.41 125.89 132.16 129.48 132.83 130.27 125.34 125.44 121.24 116.08 112.94 113.23 113.2 113.5 113.98 114.6 114.79 115.88 115.4 116.24 116.72 116.47 115.92 114.84 113.72 112.67 111.58 111.09 110.21 110.22 110.27 111.33 112 113.53 118.56 119.65 117.98 117.78 118.77 119.11 121.27 126.13 122.96 116.82 114.58 114.47
249.28 265.38 279.52 280.78 278.51 278 274.62 254.94 249.27 235.21 227.46 201.49 203.87 199.36 181.21 184.47 183.82 173.43 170.54 154.44 152.23 154.85 151.69 147.27 145.19 152.31 148.59 147.38 140.29 144.92 148.38 146.73 145.01 136.19 126.7 119.7 115.4 112.03 112 111.86 111.46 118.38 115.37 110.67 112.42 114.18 114.28 114.4 114.95 115.15 114.58 113.39 112.26 111.4 110.86 110.1 110 109.84 109.33 109.12 110.51 112.13 114.89 119.56 118.34 117.49 118.28 118.43 134.96 146.82 128.87 119.2 115.98 115.01
254.91 271.67 282.68 292.31 285.32 307.25 294.86 266.88 297.09 259.95 264.41 239.84 216.51 214.2 214.99 193.79 187.11 186.69 168.23 173.97 173.05 169.73 164.66 178.98 180.24 164.13 174.22 163.98 149.71 142.13 146.05 146.27 135.57 132.21 136.05 122.1 113.78 111.08 110.18 113.39 112.94 109.23 105.97 106.74 108.05 109.8 111.33 111.55 112.74 113.15 112.67 111.89 111.12 110.33 109.63 109.65 109.36 108.77 108.94 109 109.71 113.34 115.46 115.67 116.94 117.9 119.13 121.81 127.35 126.75 121.02 121.48 119.33 118.18
264.48 283.09 284.26 303.68 304.62 323.81 330.5 293.9 302.79 276.18 283.66 253.43 245.48 257.77 257.59 227.08 216.58 191.44 201.77 185.66 183.77 176.38 201.68 191.85 197.44 171.08 169.25 178.12 173.5 182.2 154.89 176.25 158.3 137.37 127.39 112.81 110.21 112.27 108.84 106.68 105.58 105.32 103.37 104.29 105.43 106.76 107.72 109.04 109.78 110.59 110.63 110.26 109.34 108.22 108.06 108.34 108.04 108 108.16 108.74 109.8 111.19 112.66 113.74 114.78 115.9 116.23 121.4 121.75 121.43 119.63 113.44 112.84 114.2
