taller 1/variables/bioclim8.asc
ncols         720
nrows         300
xllcorner     -30.008325510658
yllcorner     30.991671412252
cellsize      0.083333337679505
NODATA_value  -9999
[rows 165 to 197 of 300, columns 600 to 674 of 720]
15.71 24.37 36.11 35.63 54.08 25.73 21.74 67.51 67.11 39.42 1 -2.8 -6.06 -19.95 39.19 53.69 18.4 -0.31 39.66 96.76 153.77 148.2 154.05 142.52 121.5 134.63 119.94 119.46 83.3 45.49 8.95 58.21 115.36 137.38 141.94 137.03 148.65 132.12 63.66 12.96 36.91 45.08 44.89 16.76 38.55 54.72 105 161.66 178.56 196.98 200.46 201.01 201.26 201.15 201.49 201.93 201.99 202.26 202.14 202.36 202.49 201.93 175.85 162.7 160.86 161.48 161.96 160.86 137.42 97.78 44.13 42.4 42.76 39.59 38.49
19.09 14.98 30.92 34.2 34.16 47.34 23.84 8.64 8.59 -10.38 -13.99 -33.41 -0.42 55.59 59.84 59.22 54.1 45.88 21.43 119.88 154.13 156.44 156.7 151 145.05 143.3 75.82 24.63 -12.45 -19.48 30.74 83.3 111.96 126.97 128.87 133.65 155.97 141.15 102.78 73.63 61.67 7.95 2.53 29.77 62.84 60.34 74.97 96.2 127.62 146.29 173.74 195.77 196.09 200.31 202.26 201.67 202.66 202.86 202.94 202.2 201.46 187.62 165.43 165.5 164.95 162.69 131.71 84.72 47.7 41.95 44.09 42.61 41.21 40.11 39.49
30.77 17.72 17.95 11.43 36.78 30.7 14.45 6.42 -15.73 -33.75 -18.11 27.53 64.88 64.79 51.3 67.81 73.35 72.48 68.05 118.68 156.73 151.56 150.71 144.26 142.25 137 109.04 94.45 31.11 111.96 125.02 135.9 129.27 126.94 118.75 135.65 157.45 148.95 124.23 90.24 42.1 37.09 76.7 94.65 103.32 92.08 100.12 113.54 148.66 130.36 103.14 158.52 176.64 174.12 161.59 156.6 155.34 171.97 195.44 199.62 193.38 164.54 161.3 162.43 159.16 85.6 43.18 43.71 44.4 44.24 45.77 43.13 38.1 33.01 32.36
35.29 13.53 16.62 5.94 25.1 -6.25 -11.19 -13.1 -25.12 -41.02 -2.11 66.65 63.72 54.57 53.39 59.74 60.27 70.74 75.4 79.93 148.91 147.13 151.65 153.76 145.07 148.2 153.73 142.59 138.84 144.74 142.65 138.68 129.29 137.23 121.58 136.25 147.93 150.86 133.32 113.58 61.73 105.41 122.76 113.85 91.24 82.97 94.79 101.82 96.7 97.29 104.14 91.54 95.3 132.78 89.01 87.71 96.76 116.05 130.85 148.23 158.64 155.82 149.09 151.3 71.04 40.46 41.44 42.88 43.57 44.13 45.92 45.43 43.22 40.77 36.62
41.88 19.06 11.08 18.52 24.38 4.52 -22.2 -19.86 -31.69 -20.92 40.7 69.2 23.6 16.29 54.84 33.7 54.15 53.91 55.52 78.3 122.09 148.15 150.62 161.21 161.39 153.93 159.06 163.74 159.72 152.84 147.68 142.82 116.25 129.33 129.26 120.43 133.63 158.8 136.22 58.99 89.11 124.68 128.46 125.84 96.27 82.53 86.65 76.16 59.88 71.9 72.33 66.45 101.61 123.22 79.91 93.94 115.16 110.55 113.05 113.94 123.13 134.05 119.67 73.09 39.34 40.23 42.88 44.74 43.97 42.93 45.44 47.47 50.13 49.21 45.59
40.63 12.17 0.54 17.25 35.4 5.12 -31.5 -15.06 -18.82 -4.79 56.87 44.58 -2.98 30.07 56.43 0.34 -15 6.67 32.1 62.39 101.63 135.54 160.13 164.79 162.76 162.93 165.1 154.69 127.19 56.36 30.53 80.96 123.65 125.72 122.81 65.68 87.81 130.31 143.63 90.03 -27.73 22.94 75.91 116.06 116.28 84.93 78.57 83.72 75.63 76.99 79.68 88.5 100.43 112.5 76.23 86.77 100.38 92.83 102.5 99.68 108.23 70.96 46.99 29.31 35.34 36.44 40.86 43.55 43.85 45.3 45.51 44.94 48.81 52.51 52.47
50.76 14.82 -3.94 21.61 42.38 16.28 -12.61 6.08 -2.36 0.35 27.3 42.22 4.78 40.94 56.92 43.46 -29.99 1.03 26 65.23 85.25 91.65 140.1 150.68 164.16 163.84 158.93 143.74 135.66 129.19 110.38 107.56 117.68 121.52 126 90.16 66.11 127.35 108.66 112.78 14.33 -48.95 -30.53 107.4 113.98 104.64 94.93 85.62 90.55 90.26 86.18 96.38 103.87 98.71 94.73 81.69 86.92 78.56 78.14 59.75 29.34 22.47 30.91 31.21 34.92 38.95 40.53 40.91 42.64 42.57 41.87 43.43 41.75 48.02 53.74
63.36 42.02 12.39 15.87 28.16 34.52 -5.67 8.23 -11.91 -16.95 12.33 45.9 38.96 15.75 61.73 53.27 -4.32 47.25 44.67 64.09 79.35 128.61 108.11 101.7 153.27 156.5 154.6 156.61 152.99 158.7 160.4 134.49 130.26 108.56 104.27 104.5 120.3 116.47 83.33 63.37 61.92 -15.1 -11.23 42.58 31.55 37.82 60.47 47.16 54.31 52.04 54.99 57.97 52.91 58.61 64.11 62.95 41.05 18.54 13.81 11.21 18.27 23.65 27.56 35.88 43.9 43.24 41.16 41.17 48.23 45.14 39.31 46.59 45.35 44.55 52.16
54.35 50.76 6.48 18.96 27.5 43.57 27.06 15.88 7.54 -10.1 14 63.24 57.57 24.97 54.33 52.21 43.35 52.7 58.62 66.73 76.73 124.79 123.13 83.09 86.7 98.57 136.77 141.81 153.06 146.91 146.85 101.38 113.96 98.19 33.68 59.77 61.22 40.8 55.32 72.08 42.6 32.6 21.66 -5.1 8.26 34.49 37.38 30.16 23.57 8.12 -3.09 -6.78 -3.53 -3.76 -5.22 2.31 10.02 15.43 20.5 22.48 26.84 23.29 28.4 39.23 45.71 37.79 42.63 44.42 40.73 35.97 33.69 39.68 43.87 50 54.96
26.47 37.99 24.06 -0.25 20.2 31.04 36.18 4.34 -14 33.12 40.57 61.33 54.46 45.38 24.29 59.87 64.69 63.24 55.14 49.38 63.59 105.51 103.2 87.22 97 95.08 92.32 130.48 132.66 138.49 138.31 97.19 89.13 88.75 89.93 47.83 39.04 48.95 85.74 88.34 54.99 50.68 32.21 8.35 19.64 27.95 32.76 26.73 35.98 27.36 20.13 4.6 11.26 28.27 15.31 4.89 5.48 15.34 18.72 18.81 26.34 34.1 31.14 42.4 47.54 38.23 42.11 48.71 45.69 41.78 45.38 46.59 45.03 52.63 56.54
19.82 13.08 14.86 11.51 17 17.52 7.62 36.15 7.07 35.93 43.45 27.48 48.8 34.66 45.44 55.76 65.96 64.76 59.09 48.05 54.26 84.46 85.6 102.74 141.6 143.57 116.41 123.75 105.73 92.67 118.95 93.55 92.33 51.53 45.3 52.1 54.11 56.56 41.65 44.06 59.75 40.34 26.97 -3.51 22.98 29.5 36.61 22.39 32.05 42.15 39.55 33.49 33.61 43.58 32.03 23.77 5.99 1.02 24.09 26.89 35.34 40.47 42.98 46.19 49.75 42.9 41.83 42.75 44.78 37.64 34.86 47.09 51.99 56.23 53.2
47.24 26.7 37.32 45.56 22.91 4.94 -5.67 61.81 50.65 58.25 59.68 28.26 34.86 60.16 62.06 57.43 66.83 64.96 60.1 45.95 51.91 56.6 76.06 92.12 120.34 132.42 124.14 106.72 99.08 91.49 92.78 89.17 81.99 78.49 80.07 80.27 64.6 54.58 51.63 64.48 55.79 47.25 29.68 13.84 17.08 35.42 28.32 24.35 15.25 3.32 32.59 37.83 33.3 52.19 53.28 36.03 22.76 25.43 33.24 44.21 44.36 51.28 42.07 36.1 39.67 36.85 39.63 40.55 37.71 39.76 30.46 39.92 51.86 54.43 56.96
52.36 46.36 47.73 59.04 43.88 -2.33 -3.64 61.44 76.7 68.71 60.64 40.19 17.28 50.16 63.16 51.26 64.13 66.34 62.37 52.58 66.82 58.12 42.57 57.02 59.73 24.81 1.83 37.77 87.02 90.14 96.38 93.19 90.63 96.97 83.39 78 83.83 103.85 107.97 86.85 67.68 49.51 29.48 28.48 3.1 20.46 58.23 56 50.33 47.54 53.76 41.05 52.72 41.95 33.63 54.93 61.15 41.21 51.96 40.81 43.87 47.85 54.91 33.13 47.4 54.15 55.55 51.84 45.16 44.68 38.77 42.04 49.68 49.16 54.96
78.09 73.41 58.73 26.73 29.6 49.78 50.47 58.77 77.72 75.88 30.61 47.91 56.45 48.91 56.95 60.69 66.31 67.19 61 56.32 63.96 51.86 24.75 31.02 29.43 -0.34 34.61 61.55 73.89 91.2 100.16 98.13 95.38 99.99 92.39 87.25 62.97 37.05 66.9 73.45 71.66 69.82 63.82 55.59 40.94 33.04 34.47 66.48 71.65 71.75 70.24 65.94 47.39 35.85 35.28 41.47 53.78 50.95 65.66 70.74 69.25 67.31 68.94 69.76 71.65 69.59 69.36 68.18 65.96 54.91 40.97 37.5 45.57 53.82 60.03
83.56 67.51 36.48 21.38 16.89 58.28 73.46 66.88 77.9 73.88 20.09 56.7 62.12 27.18 21.49 53.83 67.57 68.31 62.1 50.2 54.84 32.88 12.71 34.34 78.13 86.61 75.54 34.01 48.32 86.81 98.28 104.04 104.13 104.36 98.4 97.93 59.06 40.95 51.33 62.69 73.7 75.07 75.29 74.77 72.26 67.51 62.66 69 73.34 75.68 75.37 68.84 57.1 47.93 53.93 59.62 70.83 75.84 75.71 75.46 75.88298 76.28049 75.69 74.76 75.29 74.73 74.08 73.71 69.09 58.95 48 52.38 56.52 60.65 62.5
78.8 75.76 64 42.54 16.15 55.95 69.09 60.19 77.86 55.86 25.25 63.39 64.16 34.16 -7.38 20.81 65.28 69.41 67.79 61.62 32.86 -21.45 37.59 78.82 93.88 94.13 75.31 30.15 51.9 92.66 103.68 108.23 105.29 104.62 103.39 101.34 59 42.46 47.57 54.32 65.93 75.42 77.3 77.9 78.11 78.12 76.34 68.62 52.09 41.12 66.81 77.4 71.1413 70.51923 75.95454 79.43299 79.42 79.06 79.10638 77.76811 77.88235 77.88889 77.82692 77.75806 77.3913 72.7449 67.91 72.37 65.59 59.65 65.54 64.23 65.75 65.7 69.26
70.13 64.04 69.5 41.77 31.61 16.46 41.41 53.53 69.23 50.11 12.7 61.77 63.97 58.31 6.04 23.02 64.6 69.84 67.89 59.67 34.28 21.53 35.12 62.34 81.34 94.12 96.62 82.43 91.81 97.66 104.47 110 110.64 109.88 109.94 104.58 73.38 51.63 44.37 39.42 45.05 59.04 65.19 71.34 75.53 78.5 77.2 55.99 41.34 55.36 65.19 75.55102 80 -9999 -9999 82.20834 81.4 81.32727 81.11765 -9999 -9999 -9999 -9999 -9999 -9999 77.33334 66.225 71.52273 69.23729 68.93333 75.07462 76.11268 74.84 72.81 73.39
71.95 57.02 68.76 53.98 43.03 -7.59 40.51 55.31 63.6 66.05 29.96 57.7 55.42 60.85 26.01 20.85 52.31 69.55 68.6 62.39 55.35 70.68 71.72 68.35 86.81 100.26 105.9394 107.3232 108.08 107.8 107.62 112.4 109.31 108.84 105.28 104.79 109.39 67.66 58.44 54.68 53.67 59.12 58.41 45.35 56.6129 71.75 77.47369 75.30121 75.47 70.62626 73.5 82 -9999 -9999 85 77.10909 75.61818 84.44444 -9999 -9999 -9999 -9999 -9999 -9999 -9999 -9999 -9999 -9999 -9999 -9999 -9999 -9999 78.71429 77.68 74.71
78.49 32.93 45.04 35.57 47.86 53.01 60.06 49.53 63.9 68.42 59.44 54.8 51.16 44.91 45.79 41.84 35.63 55.06 59.26 66.22 73.59 74.35 62.33 46.48 82.12 102.59 108.03 109.6465 111.1 112.59 113.49 114.98 116.23 117.13 115.62 102.91 90.88 81.39 74.57 72.77 74.77 70.75 69.46 69.75 73.21053 -9999 -9999 -9999 73.22222 75.33334 -9999 -9999 -9999 -9999 74.69643 61.08 56.79 79.375 -9999 -9999 -9999 -9999 -9999 -9999 -9999 -9999 -9999 -9999 -9999 -9999 -9999 -9999 80.1579 78.04 71.24
75.44 54.75 15.31 38.17 12.47 30.41 49.94 42.42 62.23 61.79 42.99 62.7 53.55 35.99 56.39 53.93 29.59 38.53 67.18 73.39 74.12 68.18 32.31 -9.86 58.33 98.87 108.4505 111.6618 112.4176 113.65 115.08 116.48 118.23 119.6225 120.6786 109.8654 63.91 55.57 72.16 71.44 65.41 79.2 77.84 72.32 65.54737 80.2 -9999 -9999 -9999 -9999 -9999 -9999 -9999 -9999 83.05556 79.2623 72.16418 77.4 -9999 -9999 -9999 -9999 -9999 -9999 -9999 -9999 -9999 -9999 -9999 -9999 -9999 -9999 81 79.44262 78.04688
63.67 67.7 51.59 32.62 26.72 5.65 7.83 48.39 59.99 43.22 44.22 59.29 62.55 66.63 65.71 72.25 67.5 51 66.67 72.42 75.48 66.5 21.46 9.68 16.99 76.08 102.4 111.67 112.61 111.67 115.41 117.6437 119.2683 120.6667 97.2 96.55264 82.23 67.3 53.04 60.02 70.71 73.67 68.34 58.52 54.62 68.43956 75.82609 -9999 -9999 -9999 -9999 -9999 -9999 -9999 -9999 -9999 -9999 -9999 -9999 -9999 -9999 -9999 -9999 -9999 -9999 89.5 86.45161 87.58334 88 -9999 -9999 -9999 -9999 -9999 -9999
62.04 61.21 48.22 53.87 43.51 42.74 37.25 56.14 52.35 6.42 37.59 50.4 55.72 67.96 71.61 74.47 60.86 57.76 46.7 63.47 67.42 73.71 65.16 35.45 18.14 46.39 90.24 82.43 98.96 102.52 110.89 116.85 -9999 -9999 84.53846 79.49 76.46 75.32 71.27 59.97 57.69 54.19 48.31 59.59 60.95 74.70454 86.28571 -9999 90.41177 -9999 -9999 -9999 -9999 -9999 -9999 -9999 -9999 -9999 -9999 -9999 -9999 -9999 -9999 -9999 -9999 88.76923 65.51282 49.97917 78.91177 -9999 -9999 -9999 -9999 -9999 -9999
54.96 43.74 60.23 44.73 35.96 28.66 42.24 64.35 51.93 -15.14 2.96 42.94 48.87 57.24 64.11 72.43 75.59 69.78 42.73 50.75 63.11 72.75 73.86 70.09 55.85 76.23 79.66 70.14 95.51 105.47 112.57 118.5636 -9999 -9999 85 83.53571 82.60256 79.17 73.07 73.01 74.98 61.61 66.51 78.71 80.20731 82.41666 86.5625 88.38095 85.32184 86.77358 89.5 -9999 -9999 -9999 -9999 -9999 -9999 -9999 -9999 -9999 -9999 -9999 -9999 -9999 -9999 -9999 -9999 82 -9999 -9999 -9999 -9999 -9999 -9999 87
72.04 53.26 56.51 64.67 47.27 42.79 37 46.13 22.78 26.11 31.49 36.04 39.79 45.73 67.92 70.71 75.81 79.66 61.6 53.51 72.64 76.44 82.46 85.53 88.84 61.12 10.77 83.45 106.71 113.68 118.27 120.1905 -9999 -9999 -9999 -9999 85 85.85714 85.65151 86.47253 86.98113 83.79661 86.33334 80.02 83.5946 -9999 -9999 -9999 79.47059 82.13158 78.4557 89.7234 -9999 -9999 -9999 -9999 -9999 -9999 -9999 -9999 -9999 -9999 -9999 -9999 -9999 -9999 -9999 -9999 -9999 -9999 -9999 -9999 -9999 -9999 86.5
45.69 63.97 35.24 30.91 40.57 54.45 32.19 30.42 12.77 34.37 37.78 45.46 53.75 48.88 67.14 71.43 74.96 78.69 80.37 57.38 50.7 81.89 95.55 97.19 76.94 10.55 21.12 75.49 101.37 114.69 120.4691 -9999 -9999 -9999 -9999 -9999 -9999 -9999 -9999 89 90 -9999 -9999 89.5 88.36957 83.72973 83.77778 -9999 -9999 -9999 73.88889 67.84146 80.3 -9999 -9999 -9999 -9999 -9999 -9999 -9999 -9999 -9999 -9999 -9999 -9999 -9999 -9999 -9999 84.13333 79.80328 80.52381 79.44595 94 -9999 -9999
60.41 72.36 53.86 33.69 33.48 16.5 50.82 49.77 45.1 41.67 16.24 -4.88 7.7 30 59.49 68.12 76.95 82.9 83.27 78.36 71.13 85.06 90.53 67.99 61.63 56.86 54.44 18.01 8.28 61.3 112.7213 -9999 -9999 -9999 -9999 -9999 -9999 -9999 -9999 92.33334 90.47298 90.27273 -9999 -9999 -9999 84.16071 71.34344 83.79546 98 -9999 -9999 47.58333 66.51852 -9999 -9999 -9999 -9999 -9999 -9999 -9999 -9999 -9999 -9999 -9999 -9999 -9999 -9999 -9999 90.12195 84.43284 72.38889 83.90323 93.4 -9999 87.41177
49.63 42.54 74.82 47.54 38.3 33.88 38.96 53.28 50.2 23.17 28.36 14.17 13.05 8.45 37.98 67.84 81.27 83.1 86.37 81.76 76.64 83.91 80.56 65.81 69.51 91.65 87.22 35.3 -16.16 21.72 104.3 118 -9999 -9999 -9999 -9999 -9999 -9999 -9999 -9999 89.70454 88.48052 87.85 96.8 -9999 88.8 85.96053 88.78889 96.68 -9999 -9999 -9999 -9999 -9999 -9999 -9999 -9999 -9999 -9999 -9999 -9999 99.4375 97.45454 98 96.94118 97.05 -9999 -9999 -9999 -9999 -9999 -9999 -9999 -9999 92.18182
93.1 71.42 61.1 69.98 57.36 47.1 49.79 53.6 34.33 -5.39 2.08 20.96 15.47 6.34 15.73 38.85 73.2 79.02 79.47 91.9 93.27 59.09 74.24 75.33 91.01 96.66 93.7 74.33 48.19 39.61 42.95 115.3131 125.8235 -9999 -9999 -9999 -9999 -9999 -9999 -9999 93.2 87.85714 88.24529 90.66265 94.2381 98.66666 98.5 93.1875 99.33334 -9999 -9999 -9999 -9999 -9999 -9999 -9999 -9999 -9999 -9999 -9999 94.16 92.51 96.34 97.52778 97.83334 97.6 -9999 -9999 -9999 -9999 -9999 -9999 97 97 94.42553
101.3176 93.19 60.18 51.07 66.74 63.33 57.33 61.32 37.26 35.3 29.47 23.67 13.09 5.6 4.52 21.97 32.14 54.45 88.48 89.99 86.16 72.66 57.08 71.13 102.03 104.05 104.37 85.49 90.53 106 101.1 80.43 92.96809 106.8214 -9999 -9999 -9999 -9999 -9999 -9999 -9999 -9999 -9999 -9999 -9999 -9999 -9999 -9999 -9999 -9999 -9999 -9999 -9999 -9999 -9999 -9999 -9999 -9999 -9999 -9999 103.7368 98.88 100.4561 97.9054 100.1579 -9999 -9999 -9999 -9999 -9999 -9999 85.71429 85.17857 96.76923 94.57
105.9032 94.4 80.83 53.22 47.82 60.56 58.44 65.25 56.3 39.68 41.82 46.85 29.05 26.57 12.99 26.39 40.49 44.96 82.64 89.92 85.93 75.64 46.85 42.1 105.4 108.37 97.31 112.13 118.76 115.61 115.11 60.42 21.73 70.43 121.4595 -9999 -9999 -9999 -9999 -9999 -9999 -9999 -9999 -9999 -9999 -9999 -9999 -9999 -9999 -9999 -9999 -9999 -9999 -9999 -9999 -9999 -9999 -9999 -9999 -9999 -9999 102.3333 97.95238 100.2 100.8095 -9999 -9999 -9999 -9999 -9999 -9999 -9999 84.84615 90.6 92.39
108.0145 94.6875 71.57 75.82 73.85 73.24 79.68 76.26 59.48 58.62 46.08 46.09 42.71 5.16 10.55 8.51 21.95 40.19 58.24 66.98 78.02 91.43 92.27 87.52 106.02 108.04 114.11 117.25 120.36 121.61 121.1 107.78 102.56 116.33 123.5 -9999 -9999 -9999 -9999 -9999 -9999 -9999 -9999 -9999 -9999 -9999 -9999 -9999 -9999 -9999 -9999 -9999 -9999 -9999 -9999 -9999 -9999 -9999 -9999 -9999 -9999 -9999 -9999 -9999 -9999 -9999 -9999 -9999 -9999 -9999 -9999 -9999 -9999 92.5 81.19
-9999 101.5714 95.82353 88.57 76.64 73.11 74.49 70.88 59.45 51.31 63.47 57.7 41.3 9.48 10.98 22.12 5.3 23.09 38.52 59.08 61.26 62.73 87.07 110.75 117.16 112.27 117.07 119.83 120.54 122.14 123.76 125.98 120.56 66.94 75.58163 129.1667 -9999 -9999 -9999 -9999 -9999 -9999 -9999 -9999 -9999 -9999 -9999 -9999 -9999 -9999 -9999 -9999 -9999 -9999 -9999 -9999 -9999 -9999 -9999 -9999 -9999 -9999 -9999 -9999 -9999 -9999 -9999 -9999 -9999 -9999 -9999 -9999 -9999 92.27586 77.24
-9999 112 108.0308 96.28421 95.96 82.72 55.79 67.21 66.22 42.3 57.75 51.22 50.4 41.99 4.29 26.85 19.4 15.25 26.79 61.64 64.42 64.43 65.58 77.04 123.87 119.75 114.9 121.62 121.56 121.67 123.68 126.64 128.91 121.75 80.92 71.61957 75.79245 92.33334 -9999 -9999 -9999 -9999 -9999 -9999 -9999 -9999 -9999 -9999 -9999 -9999 109 -9999 -9999 -9999 -9999 -9999 -9999 -9999 -9999 107 104.6364 -9999 -9999 -9999 -9999 -9999 -9999 -9999 -9999 -9999 -9999 -9999 92 85.59091 81.38
