taller 1/variables/bioclim2.asc
ncols         720
nrows         300
xllcorner     -30.008325510658
yllcorner     30.991671412252
cellsize      0.083333337679505
NODATA_value  -9999
[rows 170 to 203 of 300, columns 228 to 303 of 720]
-9999 -9999 -9999 -9999 -9999 -9999 -9999 -9999 -9999 -9999 -9999 -9999 -9999 -9999 -9999 -9999 -9999 -9999 -9999 -9999 -9999 -9999 -9999 -9999 -9999 71.84849 74.27 76.99 79.34 82.65 85.88 88.38 90.04 86.88 84.17 82.03 88.17 85.25 86.7 88.45 92.34 98.66 103.66 102.18 99.75 103.18 104.43 105.08 104.48 103.74 107.25 109.26 109.3 110.37 110.66 110.88 111.66 112.57 113.01 113.75 114.39 114.99 115.15 115.91 116 116.05 116.57 116.99 116.99 116.98 117 117 117 116.84 116.16 115.87
-9999 -9999 -9999 -9999 -9999 -9999 -9999 -9999 -9999 -9999 -9999 -9999 -9999 -9999 -9999 -9999 -9999 -9999 -9999 -9999 -9999 -9999 -9999 -9999 -9999 73 75.09196 77.80612 81.13 84.35 86.95 89.69 91.58 91.68 92.61 94.51 91.52 87.57 87.58 92.71 99.66 103.22 102.46 100 103.12 105.4 106.48 106.06 104.76 102.45 106.91 108.06 109.56 110.48 110.43 110.73 111.48 112.36 113.09 113.89 114.21 114.96 115 115.4 115.99 116 116.57 116.99 117 117 117 117 116.94 116.63 116.08 115.46
-9999 -9999 -9999 -9999 -9999 -9999 -9999 -9999 -9999 -9999 -9999 -9999 -9999 -9999 -9999 -9999 -9999 -9999 -9999 -9999 -9999 -9999 -9999 -9999 -9999 -9999 76.61905 79.32 82.29 85.26 87.78 90.66 93.31 94.75 96.25 90.45 88.64 91.04 98.88 99.62 102.94 104.36 98.24 103.16 105.94 107.08 107.59 106.58 105.32 105.23 106.31 108.59 109.58 110.22 110.65 111.02 111.48 112.28 113.01 113.59 114.09 114.72 115 115.32 115.91 116.23 116.91 117 117 117 117 117 116.84 116.17 115.74 115.02
-9999 -9999 -9999 -9999 -9999 -9999 -9999 -9999 -9999 -9999 -9999 -9999 -9999 -9999 -9999 -9999 -9999 -9999 -9999 -9999 -9999 -9999 -9999 -9999 -9999 -9999 78.11111 80.41 83.26 86.07 89.05 91.56 94.09 96.27 95.02 96.68 99.48 100.5 102.6 96.36 98.25 96.26 99.71 105.4 107.42 107.94 107.71 106.96 106.27 107.21 107.63 109.13 109.94 110.23 110.38 110.77 111.61 112.22 112.92 113.6 114.04 114.73 115 115.06 115.92 116.17 116.69 116.99 117 117 116.98 116.61 116.09 115.72 115.02 114.39
-9999 -9999 -9999 -9999 -9999 -9999 -9999 -9999 -9999 -9999 -9999 -9999 -9999 -9999 -9999 -9999 -9999 -9999 -9999 -9999 -9999 -9999 -9999 -9999 -9999 -9999 79.22727 81.33 84.41 87.34 90.09 92.62 94.93 96.91 97.68 97.87 103.18 101.95 95.05 93.99 96.48 100.28 104.72 105.12 105.06 107.94 107.61 105.4 102.47 106.97 108.62 109.03 109.23 109.81 110.1 110.52 111.65 112.02 112.72 113.53 114.02 114.83 115.02 115.58 116.06 116.61 116.9 117 117 116.96 116.66 116.01 115.91 115.19 114.66 113.74
-9999 -9999 -9999 -9999 -9999 -9999 -9999 -9999 -9999 -9999 -9999 -9999 -9999 -9999 -9999 -9999 -9999 -9999 -9999 -9999 -9999 -9999 -9999 -9999 -9999 -9999 79.875 82.12766 85.25 88.07 90.73 93.14 95.36 97.72 98.45 100.66 103.6 101.73 89.43 101.26 100.31 102.71 104.77 107.9 107.83 107.07 106.38 107.54 106.05 107.79 107.62 106.85 106.98 108.12 109.49 110.64 111.07 111.78 112.48 113.24 114.04 114.88 115.33 116.02 116.53 116.99 117 117 117 117 116.39 116 115.51 114.85 114.01 113.13
-9999 -9999 -9999 -9999 -9999 -9999 -9999 -9999 -9999 -9999 -9999 -9999 -9999 -9999 -9999 -9999 -9999 -9999 -9999 -9999 -9999 -9999 -9999 -9999 -9999 -9999 -9999 83.22388 86.27 89.14 91.37 93.3 95.66 98.15 100.07 102.17 100.57 94.05 104.27 108.76 103.98 107.73 104.14 106.88 103.29 103.89 106.9 107.5 107.01 107.97 106.99 106.01 107.14 108.51 109.61 110.03 110.69 111.49 112.2 113.1 114 114.79 115.59 116.09 116.92 117.02 117.07 117.02 117 116.93 116.12 115.78 115.03 114.23 113.46 112.48
-9999 -9999 -9999 -9999 -9999 -9999 -9999 -9999 -9999 -9999 -9999 -9999 -9999 -9999 -9999 -9999 -9999 -9999 -9999 -9999 -9999 -9999 -9999 -9999 -9999 -9999 -9999 84.05264 86.92 89.88 92.05 93.89 96.12 97.89 100.36 98.1 97.86 98.86 106.75 108.27 107.03 107.98 107.05 106.15 102.17 102.42 105.98 106.28 104.53 105.72 105.26 106.06 106.45 107.7 108.05 108.92 110.03 111.23 112.32 113.09 114.01 114.77 115.73 116.63 117.11 117.18 117.31 117.15 117 116.65 115.99 115.4 114.78 113.92 112.88 111.82
-9999 -9999 -9999 -9999 -9999 -9999 -9999 -9999 -9999 -9999 -9999 -9999 -9999 -9999 -9999 -9999 -9999 -9999 -9999 -9999 -9999 -9999 -9999 -9999 -9999 -9999 -9999 84 87.07229 89.71 91.92 94.04 95.83 98.07 99.6 101.01 102.34 100.76 105.14 105.03 105.03 103.97 105.56 105.16 105.47 105.48 106.98 105.14 104.33 105.75 105.7 105.77 105.18 106.22 107.39 108.24 109.26 110.46 111.85 113.16 114.26 115.34 116.37 117.19 117.87 117.98 117.86 117.28 116.99 116.51 115.88 115.03 114.22 113.38 112.36 111.21
-9999 -9999 -9999 -9999 -9999 -9999 -9999 -9999 -9999 -9999 -9999 -9999 -9999 -9999 -9999 -9999 -9999 -9999 -9999 -9999 -9999 -9999 -9999 -9999 -9999 -9999 -9999 -9999 85.9863 88.82 91.34 93.57 95.66 96.85 92.99 94.69 88.92 91.11 98.62 98.95 100 98.78 97.99 97.5 101.87 102.51 105.86 105.43 105.42 105.7 105.6 104.96 104.77 105.69 106.37 107.66 108.63 109.97 111.33 112.63 113.98 115.35 116.67 117.76 118.14 118.05 117.86 117.19 116.89 116.15 115.5 114.71 113.84 112.84 111.84 110.68
-9999 -9999 -9999 -9999 -9999 -9999 -9999 -9999 -9999 -9999 -9999 -9999 -9999 -9999 -9999 -9999 -9999 -9999 -9999 -9999 -9999 -9999 -9999 -9999 -9999 -9999 -9999 -9999 84.01282 87.56 90.4 92.37 95.02 96.08 96.58 92.39 89.01 90.94 90.64 90.26 93.79 100.06 95.88 92.75 97.16 101.78 103.75 102.02 102.05 103.38 102.64 102.88 103.75 104.91 105.84 106.78 108.16 109.63 110.8 112.06 113.69 115.15 116.43 117.59 118.59 118.41 117.95 117.15 116.66 115.88 115.05 114.29 113.47 112.46 111.39 110.34
-9999 -9999 -9999 -9999 -9999 -9999 -9999 -9999 -9999 -9999 -9999 -9999 -9999 -9999 -9999 -9999 -9999 -9999 -9999 -9999 -9999 -9999 -9999 -9999 -9999 -9999 -9999 79.2 81.96907 86.12 89.79 91.57 88.46 88.78 91.29 96.57 97.72 97.29 93.97 92.21 92 93.33 93.53 91.01 95.22 100.62 101.3 99.81 98.49 100.12 102.07 101.74 102.24 103.51 104.99 106.3 107.94 109.26 110.53 111.75 113.26 114.43 115.58 116.72 117.24 117.43 117.36 116.82 116.08 115.51 114.6 113.82 113.07 112.07 111.14 109.98
-9999 -9999 -9999 -9999 -9999 -9999 -9999 -9999 -9999 -9999 -9999 -9999 -9999 -9999 -9999 -9999 -9999 -9999 -9999 -9999 -9999 -9999 -9999 -9999 -9999 -9999 -9999 77.57692 80.30769 84.83 89.15 89.87 92.76 93.62 95.23 99.2 99.13 97.96 95.84 95.25 95.18 93.98 92.75 90.53 94.21 98 97.29 98.85 98.15 97.6 99.34 100.93 101.54 102.36 103.89 105.78 107.08 108.47 109.83 111.07 112.17 113.39 114.31 114.88 115.73 116.8 116.67 116.19 115.84 114.93 114.02 113.21 112.28 111.71 110.63 109.63
-9999 -9999 -9999 -9999 -9999 -9999 -9999 -9999 -9999 -9999 -9999 -9999 -9999 -9999 -9999 -9999 -9999 -9999 -9999 -9999 -9999 -9999 -9999 -9999 -9999 -9999 -9999 74.75 79.375 84.26 88.93 92.36 92.77 94.97 93.98 97.41 97.4 96.72 98.03 98.3 97.62 95.54 94.9 95.99 96.39 95.17 93.57 94.7 95.88 96.06 97.55 99.27 101.29 101.41 102.89 104.92 106.22 107.48 108.77 110.26 111.13 111.83 112.86 114.49 115.6 115.83 115.75 115.43 114.78 114.04 113.02 112.48 111.65 110.95 110.14 109.31
-9999 -9999 -9999 -9999 -9999 -9999 -9999 -9999 -9999 -9999 -9999 -9999 -9999 -9999 -9999 -9999 -9999 -9999 -9999 -9999 -9999 -9999 -9999 -9999 -9999 -9999 74 75.0375 79.84849 84.78 89.23 93.09 94.56 91.26 90.27 97.69 99 99.16 98.79 97.05 95.32 96.56 97.45 94.46 94.08 86.37 88.82 91.74 92.46 94.56 95.97 98.64 100.98 102.41 103.12 103.66 104.93 106.05 107.32 108.04 109.89 111.81 112.94 113.93 114.57 114.94 114.6 113.89 113.19 112.67 111.77 111.56 111.48 110.97 110.37 109.54
-9999 -9999 -9999 -9999 -9999 -9999 -9999 -9999 -9999 -9999 -9999 -9999 -9999 -9999 -9999 -9999 -9999 -9999 -9999 -9999 -9999 -9999 -9999 -9999 -9999 -9999 75.28 77.36 81.84 86.42 90.71 94.41 94.29 90.69 98.63 99.68 100.16 99.2 99.16 98.26 97.9 93.55 83.61 79.03 83.5 84.66 87.2 89.59 91.85 92.27 95.15 98 99.73 101.2 102.52 102.32 102.7 102.7 105.51 107.99 110.36 111.75 112.2 112.82 113.59 113.8 113.36 113.34 113.34 112.3 110.85 111.27 111.64 110.9 110.27 109.93
-9999 -9999 -9999 -9999 -9999 -9999 -9999 -9999 -9999 -9999 -9999 -9999 -9999 -9999 -9999 -9999 -9999 -9999 -9999 -9999 -9999 -9999 -9999 -9999 -9999 -9999 77.10909 80.02 84.43 89.01 92.89 96.27 97.41 98.79 100.08 100.71 100.42 99.93 98.16 96.17 85.12 73.48 77.87 81.81 87.63 84.07 87.03 89.9 90.63 91.32 94.88 96.93 97.32 99.35 101.03 101.78 103.13 105.33 106.97 109.81 111.07 111.44 112.27 111.82 112.43 113.2 113.55 112.83 111.36 110.14 110.5 110.77 110.63 110.8 110.79 110.35
-9999 -9999 -9999 -9999 -9999 -9999 -9999 -9999 -9999 -9999 -9999 -9999 -9999 -9999 -9999 -9999 -9999 -9999 -9999 -9999 -9999 -9999 -9999 -9999 -9999 -9999 78.65882 82.4 86.92 91.7 95.73 97.98 99.58 101.38 101.56 101.12 99.85 97.47 95.4 85.99 71.41 72.67 85 92.16 93.46 88.96 86.22 88.27 88.21 90.04 92.12 94.54 96.47 98.3 98.51 101.17 103.58 107.09 109.01 109.81 110.1 110.74 109.96 107.8 108.91 112.2 112.41 110.94 110.5 110.73 110.73 111.46 111.51 111.56 111.23 110.81
-9999 -9999 -9999 -9999 -9999 -9999 -9999 -9999 -9999 -9999 -9999 -9999 -9999 -9999 -9999 -9999 -9999 -9999 -9999 -9999 -9999 -9999 -9999 -9999 -9999 77.5 80.02 84.36 89.18 93.94 97.99 99.8 100.59 102.31 101.82 100.98 99.77 95.41 91.39 87.86 77.57 77.56 92.62 94.88 93.1 92.4 89.29 86.77 87.36 87.94 90.41 93.62 95.29 98.28 101.51 104.27 106.07 107.67 109.36 109.91 110.44 110.51 107.64 106.88 109.32 110.35 110.17 109.69 108.85 109.91 111.06 112.56 112.21 111.88 112.08 111.81
-9999 -9999 -9999 -9999 -9999 -9999 -9999 -9999 -9999 -9999 -9999 -9999 -9999 -9999 -9999 -9999 -9999 -9999 -9999 -9999 -9999 -9999 -9999 -9999 -9999 77.93651 81.17 85.19 89.76 94.47 99.49 101.84 102.11 101.81 100.6 97.9 92.19 85.96 81.98 90.41 93.17 93.84 94.49 93.27 94.72 94.16 93.39 92.4 96.21 98.34 94.75 98.04 101.74 103.15 104.86 104.85 106.93 108.43 109.38 110.29 109.4 107.31 110.23 109.31 107.48 108.45 109.62 113.03 112.55 113.16 113.79 113.99 113.6 113.23 112.97 112.27
-9999 -9999 -9999 -9999 -9999 -9999 -9999 -9999 -9999 -9999 -9999 -9999 -9999 -9999 -9999 -9999 -9999 -9999 -9999 -9999 -9999 -9999 -9999 -9999 -9999 78.6 81.45556 85.75 90.19 94.78 99.3 101.22 101.74 96.33 91.38 90.68 89.6 86.96 89.47 92.9 90.69 89.52 91.14 93.87 96.56 96.66 96.14 97.29 99.32 99.92 99.98 101.94 104.22 104.68 105.04 105.74 107.35 108.4 109.28 109.67 109.21 110.21 109.65 112.05 112.97 113.48 114.01 114.64 114.89 114.93 114.7 114.42 114.06 113.99 113.53 112.83
-9999 -9999 -9999 -9999 -9999 -9999 -9999 -9999 -9999 -9999 -9999 -9999 -9999 -9999 -9999 -9999 -9999 -9999 -9999 -9999 -9999 -9999 -9999 -9999 -9999 78.10145 81.67 85.71 89.8 93.33 95.82 98.35 91.86 88.09 90.96 93.83 93.3 93.85 94.52 89.36 93.15 90.87 94.88 97.11 97.05 97.79 97.3 97.26 97.58 101.2 102.39 103.96 104.76 105.1 105.77 106.85 108 108.89 109.23 109.78 110.53 111.38 112.03 113.13 113.87 114 114.47 114.91 114.99 115 115 115 114.67 114.37 114.06 113.74
-9999 -9999 -9999 -9999 -9999 -9999 -9999 -9999 -9999 -9999 -9999 -9999 -9999 -9999 -9999 -9999 -9999 -9999 -9999 -9999 -9999 -9999 -9999 -9999 74.91666 77.49495 81.32 85.21 89.07 91.13 94.58 96.22 92.89 94.16 95.94 94.69 91.25 90.91 90.29 92.27 97.06 96.45 96.39 97.46 98.38 98.9 99 99.57 100.79 102.07 101.84 103.75 104.59 105.39 106.36 107.42 108.08 108.47 108.97 110.02 111.23 112.08 112.97 113.35 113.99 114.15 114.81 115 115 115 115.12 115.04 115 114.99 114.79 114.41
-9999 -9999 -9999 -9999 -9999 -9999 -9999 -9999 -9999 -9999 -9999 -9999 -9999 -9999 -9999 -9999 -9999 -9999 -9999 -9999 -9999 -9999 -9999 -9999 73.9138 76.88 80.68 84.38 87.87 90.48 93.32 93.72 95.22 96.23 95.08 92.76 90.72 87.05 92.47 96.65 97.73 97.13 96.81 97.98 100.52 100.87 101.06 100.55 101.46 102.59 103.6 103.68 104.98 105.66 106.04 106.73 107.02 107.6 108.95 110.31 111.52 112.26 113 113.68 114 114.54 114.99 115.05 115.43 115.8 115.97 115.92 115.84 115.65 115.61 115.37
-9999 -9999 -9999 -9999 -9999 -9999 -9999 -9999 -9999 -9999 -9999 -9999 -9999 -9999 -9999 -9999 -9999 -9999 -9999 -9999 -9999 -9999 -9999 70.54546 72.89584 76.35 79.94 83.39 86.18 89.1 92.1 93.13 94.61 95.77 96.04 95.02 92.51 91.81 95.41 97.2 97.11 96.78 98.62 100.55 100.5 101.31 100.87 101.66 102.54 102.94 103.94 104.91 105.58 105.93 106.3 106.58 107.85 108.89 109.63 110.77 111.34 112.2 112.89 113.84 114.16 114.87 115.04 115.69 115.98 116.01 116.11 116.29 116.32 116.4 116.38 116.3
-9999 -9999 -9999 -9999 -9999 -9999 -9999 -9999 -9999 -9999 -9999 -9999 -9999 -9999 -9999 -9999 -9999 -9999 -9999 -9999 -9999 -9999 -9999 69.59184 72.37 75.84 79.31 82.28 85.34 88.36 90.95 92.65 93.11 94.74 94.24 94.95 94.7 95.86 97.47 97.06 98.51 99.27 99.34 99 99.96 101.42 101.44 102.48 103.74 104.29 104.06 104.34 105.18 106.25 107.51 107.54 107.97 108.51 109.52 110.6 111.38 112.17 112.91 113.46 114.14 114.96 115.42 116 116.1 116.67 116.95 117.01 117.06 117.16 117.25 117.32
-9999 -9999 -9999 -9999 -9999 -9999 -9999 -9999 -9999 -9999 -9999 -9999 -9999 -9999 -9999 -9999 -9999 -9999 -9999 -9999 -9999 -9999 -9999 68.71622 71.76 75.35 78.48 81.01 84.28 87.21 89.88 91.97 92.82 94.29 94.39 94.02 94.38 96.09 97.72 98.25 98.81 98.4 98.73 99.29 100.79 100.19 102.32 103.24 103.91 104.31 104.5 104.85 105.15 106.1 107 107.92 108.47 109.26 110.06 111.08 111.88 112.69 113.29 114.05 114.71 115.04 115.57 115.72 116.63 116.89 117.31 117.77 117.72 117.96 118.05 118.11
-9999 -9999 -9999 -9999 -9999 -9999 -9999 -9999 -9999 -9999 -9999 -9999 -9999 -9999 -9999 -9999 -9999 -9999 -9999 -9999 -9999 -9999 64.8 67.95918 71.5 75.07 77.99 80.76 83.26 86.83 89.2 91.18 92.48 93.58 94.59 95.29 95.99 96.46 97.4 97.05 97.6 97.52 98.63 99.32 99.87 100.31 101.21 103.52 105.4 105.97 106.12 106.5 106.63 106.86 107.09 108.04 108.5 109.47 110.72 111.44 112.33 112.98 113.83 114.33 115.04 115.84 115.75 116.17 116.56 117.57 117.83 118.26 118.62 118.7 118.79 119.06
-9999 -9999 -9999 -9999 -9999 -9999 -9999 -9999 -9999 -9999 -9999 -9999 -9999 -9999 -9999 -9999 -9999 -9999 -9999 -9999 -9999 61.07143 64 67.9 71.8 75.15 78.01 80.98 83.8 86.32 88.64 90.54 92.26 93.78 94.96 95.89 95.96 96.12 96.3 96.72 96.93 96.97 95.97 97.39 99.18 100.81 101.26 102.85 105.5 106.7 107.63 108.04 108.3 108.23 108.19 108 108.69 109.8 110.95 111.95 112.8 113.4 114.11 114.3 115.43 116.02 116.36 116.41 117.75 118.25 118.72 118.97 119.15 119.6 119.81 120.02
-9999 -9999 -9999 -9999 -9999 -9999 -9999 -9999 -9999 -9999 -9999 -9999 -9999 -9999 -9999 -9999 -9999 -9999 -9999 53.25 56.8116 60.51087 64.57 68.24 71.92 75.07 78.16 81.01 83.76 86.09 88.21 89.9 91.48 92.78 94.12 94.78 95.31 96.12 96.82 97 97.06 96.85 95.02 92.83 95.69 98.75 102.08 104.34 105.94 106.7 108.33 108.23 108.42 109.31 109.54 109.58 109.89 110.65 111.51 112.48 113.29 114.04 114.94 115.27 115.98 116.56 117.49 117.96 118.56 118.98 119.21 119.63 119.94 120.07 120.44 120.78
-9999 -9999 -9999 -9999 -9999 -9999 -9999 -9999 -9999 -9999 -9999 -9999 -9999 -9999 -9999 -9999 -9999 -9999 -9999 54.6 58.04167 62.02 65.5 69.17 72.48 75.57 78.55 81.28 83.88 86.07 88.01 89.71 91.18 92.51 93.61 94.75 95.91 96.46 97.57 98.08 98.6 98.72 97.84 94.65 95.85 101.74 106.3 107.4 108.26 109.91 110.65 110.08 110.48 110.38 110.03 110.94 111.2 111.5 112.35 113.21 114.01 114.99 115.95 116.54 117.14 117.86 118.21 118.86 119.15 119.64 119.98 120.14 120.73 120.9 121.14 121.64
-9999 -9999 -9999 -9999 -9999 -9999 -9999 -9999 -9999 -9999 -9999 -9999 -9999 -9999 -9999 -9999 -9999 -9999 -9999 58.81818 60.29 63.65 67.19 71.01 73.5 76.44 79.23 81.74 84.19 86.29 88.14 89.81 91.35 92.52 93.79 95.09 95.85 96.72 97.94 98.79 98.71 99.36 100.68 101.27 102.54 104.56 108.47 110.59 110.58 112.12 112.1 111.83 111.85 111.55 111.63 112.07 112.19 112.74 113.02 114.14 115.39 116.05 116.78 117.31 117.96 118.45 118.98 119.38 119.95 120.14 120.56 120.95 121.23 121.72 122 122.35
-9999 -9999 -9999 -9999 -9999 -9999 -9999 -9999 -9999 -9999 -9999 -9999 -9999 -9999 -9999 -9999 -9999 -9999 -9999 60.83333 62.86 66.04 69.6 72.25 74.89 77.6 80.1 82.45361 84.68 86.69 88.46 90.02 91.51 92.74 94.24 95.16 96.08 97.45 98.48 99.32 100.23 100.74 102.1 103.95 106.51 108.75 111.48 113.58 113.87 114.26 113.88 113.63 113.43 113.33 113.49 113.61 113.77 114.29 114.9 115.67 116.36 116.89 117.59 118.08 118.59 119.09 119.63 120.02 120.37 120.89 121.2 121.68 121.98 122.23 122.86 123
-9999 -9999 -9999 -9999 -9999 -9999 -9999 -9999 -9999 -9999 -9999 -9999 -9999 -9999 -9999 -9999 -9999 -9999 -9999 63.26667 65.68 68.82 71.73 74.32 76.43299 78.91304 81.19566 83.43434 85.37 87.26 88.94 90.51 91.95 93.25 94.47 95.49 96.54 97.47 98.69 99.85 101.01 102.56 104.02 105.56 108.16 111.14 113.59 115.38 115.81 115.67 115.5 115.23 114.88 114.9 114.82 115.06 115.1 115.29 115.97 116.68 117.18 117.71 118.11 118.84 119.18 119.86 120.14 120.7 121.05 121.39 121.9 122.02 122.52 122.94 123.14 123.76
