taller 1/variables/bioclim3.asc
ncols         720
nrows         300
xllcorner     -30.008325510658
yllcorner     30.991671412252
cellsize      0.083333337679505
NODATA_value  -9999
[rows 34 to 67 of 300, columns 312 to 389 of 720]
32.74 33 33.51 33.07 33.06 33.08 33.34 33.97 34.07 33.99 34.53 34.92 35.03 35.73 35.79 35.56 35.67 36 35.94 35.72 35.82 35.87 35.65 35.62 35.64 35.75 35.52 35.74 35.76 35.53 35.02 34.98 34.66 34.14 34.1 34.39 34.43 34.71 34.89 34.99 34.99 34.84 34.44 34 34 33.88 33.46 33.02 33 33 33 33 33 -9999 -9999 -9999 -9999 -9999 -9999 -9999 -9999 -9999 -9999 -9999 -9999 -9999 -9999 -9999 -9999 -9999 -9999 -9999 -9999 -9999 -9999 -9999 -9999 -9999
32.93 32.79 33.06 32.96 32.99 33.15 33.04 33.87 33.83 33.88 34 34.69 35 35.4 35.37 35 35.16 35.3 35.25 35.47 35.85 35.78 35.77 35.96 35.98 35.64 35.88 35.99 35.62 35.05 35.07 34.81 34.18 33.99 34 34.07 34.44 34.25 34.24 34.24 34.2 34.01 33.92 33.95 33.75 33.17 33.42 33.29 33 33 33 33 -9999 -9999 -9999 -9999 -9999 -9999 -9999 -9999 -9999 -9999 -9999 -9999 -9999 -9999 -9999 -9999 -9999 -9999 -9999 -9999 -9999 -9999 -9999 -9999 -9999 -9999
33.06 32.71 32.75 32.46 32.96 33.12 33.25 33.36 33.15 33.65 34.22 34.58 34.93 35.01 35 34.91 34.9 35 35.02 35.44 35.33 35.64 36 36 36 36.04 36 35.97 35.62 35.43 35.02 34.65 34 34 33.99 34 34.03 34.02 34.1 34.06 33.83 33.84 33.49 33.52 33.82 33.35 33.03 33.21 33.44048 33 -9999 -9999 -9999 33 33 33 33 32.76829 32.47368 32.0137 31.84722 31.07273 30.83333 30.0303 30 -9999 -9999 -9999 -9999 -9999 -9999 -9999 -9999 -9999 -9999 -9999 -9999 -9999
32.81 32.93 32.5 32.77 32.95 32.63 32.72 32.69 33.07 33.68 33.99 34.33 34.98 34.7 34.63 34.1 34.54 34.9 35 35.04 35.49 35.99 36 36 36.09 36.07 36.08 36.02 35.99 35.34 35 34.87 34.18 34.2 34.07 34 34 33.93 33.89 33.57 33.34 33.11 33.04 33.12 33.62 34 33.95 33.15 33.01087 33.46753 34 -9999 33 33 33 33 33 32.95 32.38 32.01 31.68 31.06 30.96 30.51 30.54737 30.67924 31 -9999 -9999 -9999 -9999 -9999 -9999 -9999 -9999 -9999 -9999 -9999
32.95918 33.24 32.8 32.53 32.37 32.39 32.69 33.24 33.61 33.88 34.14 34.36 34.69 34.23 34.15 34.01 34 34.55 35 35.32 35.93 36 36 36.03 36.2 36.46 36.49 36.01 35.97 35.26 35.05 34.95 34.49 34.56 34.14 34 34 33.99 33.86 33.49 33.36 33.28 33.08 33.09 33 33.24 33.83 33.93 33.34 33.02 33.29897 33.52273 33.0241 33 33 32.97 33 32.98 32.99 32.45 31.98 31.32 31.02 31.02 30.98 31 31 31.08333 31 -9999 -9999 -9999 -9999 -9999 -9999 -9999 -9999 -9999
33.17347 32.91 32.84 33.1 32.64 32.83 33.14 33.31 33.78 33.87 34 34 34.08 34.14 34.04 34.17 34 34.42 34.99 35.39 35.73 36 36.05 36.36 36.1 36.9 36.7 36.67 36 35.99 35.48 34.97 34.4 34.41 34.45 34.21 34 34 34 33.99 33.82 33.77 33.7 33.83 33.34 33.05 33.34 33.43 33.94 33.75 33.51 33.2 33.01 33 33 32.96 33 33 32.94 32.33 32 31.92 31.48 31.45 31.3 31.13 31.48 31.58 31.42105 -9999 -9999 -9999 -9999 -9999 -9999 -9999 -9999 -9999
33.48 33.41 33.56 33.45 33.05 32.9 32.72 33.18 33.39 33.77 33.93 33.84 33.71 33.91 34 34.11 34.37 34.6 35.06 35.42 35.73 36 36.1 36.2 36.71 36.99 36.97 36.88 36.05 36.03 35.59 35 35 34.97 34.63 34.27 34 33.98 33.88 33.78 33.67 33.47 33.55 33.98 33.98 33.9 33.94 33.76 33.47 33.98 34 34 33.77 33.36 33.04 33 33 33 32.99 32.85 32.15 32 32 31.98 31.86 31.8 31.92 31.97 32 -9999 -9999 -9999 -9999 -9999 -9999 -9999 -9999 -9999
34.36666 33.1 33.01 32.57 32.68 32.87 33.21 33.25 33.37 33.72 33.68 33.86 33.64 33.87 33.94 34.2 34.38 34.65 35.21 35.65 35.95 36.06 36.22 36.31 37 37 37 36.96 36.59 36.01 35.65 35.05 35 34.99 34.83 34.29 34.07 34 33.94 33.82 33.5 33.51 33.86 34 34 34 34 34 33.99 34 34 34 34 33.97 33.96 33.57 33.27 33 33 32.93 32.45 32 32.02 32 32 31.99 31.99 32 32 32 -9999 -9999 -9999 -9999 -9999 -9999 -9999 -9999
33.98 32.96 32.48 32.32 32.87 32.99 32.81 32.62 32.52 32.74 32.89 33.7 33.73 34.07 34.08 34.63 34.53 34.84 35.28 35.79 35.95 36.4 36.19 36.56 37 37 37 37 36.82 36.06 35.87 35.18 35 35 34.94 34.41 34.07 34 33.95 33.93 33.93 33.94 34 34 34.02 34 33.97 34 34 34.07 34 34.02 34.67 34.66 34.4 34.06 33.97 33.31 33.07 33 32.74 32.3 32.08 32.15 32.09 32.01 32.04 32 32 32 -9999 -9999 -9999 -9999 -9999 -9999 -9999 -9999
34.21 33.25 32.63 32.08 32.5 32.53 32.56 32.49 32.78 32.55 33.05 33.45 33.63 34.14 34.06 34.85 34.84 34.92 35.75 35.81 36.09 36.52 36.2 36.67 36.89 36.97 36.95 37 36.88 36.13 35.98 35.4 35.01 35 35 34.62 34.23 34 34 34 34 34 34.04 34.25 34.53 34.51 33.69 33.85 34.33 34.76 34.62 34.76 35 35 35 34.74 34.02 33.79 33.08 33 32.99 32.78 32.49 32.3 32.25 32.13 32.05 32.03 32 -9999 -9999 -9999 -9999 -9999 -9999 -9999 -9999 -9999
33.44 33.21 32.29 32.02 32.28 32.46 32.68 32.81 32.97 32.36 33.06 33.4 33.76 34.06 34.47 35 35 35.23 35.79 36 36.25 36.51 36.79 36.94 36.73 36.99 36.86 36.97 36.9 36.15 36 35.52 35.07 35 34.99 35 34.78 34.05 34 34 34 34 34 34.41 34.95 34.96 34.18 34.15 34.67 35 35 35 35 35 35 34.76 34 33.88 33.01 32.96 32.9 32.82 32.56 32.65 32.7 32.27 32.13 32.17391 32 -9999 -9999 -9999 -9999 -9999 -9999 -9999 -9999 -9999
33.18 32.36 32.03 32.03 32.04 32.26 32.64 32.47 32.66 32.19 33.04 33.29 33.97 34.43 34.93 35.05 35.1 35.19 35.96 35.99 36.3 36.72 36.67 36.89 36.87 36.73 36.45 36.9 36.37 36.12 35.96 35.52 35.06 35 34.98 35 34.79 34.17 34 34.01 34.08 34.23 34.2 34.31 34.8 34.99 35 34.91 35 35.01 35 35 35 35 34.63 34.05 34 33.66 33.02 33 32.89 32.96 32.86 32.9 32.87 32.57 32.45 32.175 -9999 -9999 -9999 -9999 -9999 -9999 -9999 -9999 -9999 -9999
32.39 32.21 32.31 32.03 32.18 32.45 32.31 32.37 32.36 32.47 33.18 33.6 34.09 34.53 34.83 35.3 35.85 35.88 35.99 36 36.52 36.62 36.84 36.77 36.72 36.23 36.17 36.14 36 36 35.94 35.89 35.25 35 34.95 34.97 34.89 34.21 34.11 34.1 34.11 34.03 34.22 34.69 34.97 35 35 35 35 35 35 34.87 34.86 34.98 34.7 34.38 34.12 33.64 33.02 32.99 32.81 33 32.99 33 32.97 32.79 32.65625 32 -9999 -9999 -9999 -9999 -9999 -9999 -9999 -9999 -9999 -9999
32.67 32.22 32.74 32.27 31.99 31.95 31.99 32.02 32.29 32.89 32.53 32.76 33.89 34.59 34.96 35.31 35.99 35.96 36.17 36.14 36.62 36.57 36.81 36.16 36.27 35.99 35.73 35.96 36 35.95 35.92 35.93 35.47 35.03 35 34.97 34.86 34.32 34.26 34.05 34.01 34 34.01 34.13 34.68 34.98 34.99 34.9 34.76 34.25 34.55 34.59 34.53 34.98 35 34.91 34.16 33.77 33.02 32.99 32.97 33 33 33 33 32.8913 32.66667 -9999 -9999 -9999 -9999 -9999 -9999 -9999 -9999 -9999 -9999 -9999
32.4 32.71 32.41 31.94 31.91 31.98 31.94 32.05 32.14 32.09 32.02 32.73 33.73 34.28 34.72 35.31 36.05 36.21 36.34 36.35 36.77 36.39 36.73 35.96 35.84 35.7 35.36 35.78 35.81 35.62 35.65 35.63 35.34 35.1 35 35 34.71 34.4 34.18 34.01 34.02 34 34.07 34.3 34.66 34.82 35 35 34.95 34.38 34.07 34.1 34.38 34.99 35 34.82 34.04 33.85 33.1 33 33 33 33 33.02174 33 -9999 -9999 -9999 -9999 -9999 -9999 -9999 -9999 -9999 -9999 -9999 -9999 -9999
32.26 31.83 31.51 31.15 31.29 31.36 31.14 31.18 31.87 32.05 32.65 33.02 33.58 34.07 34.92 35.41 36.01 35.89 36.14 36.26 36.87 36.24 36.24 35.77 35.76 35.27 35.32 35.19 35.03 35.24 35.76 35.9 35.89 35.82 35.28 35 34.85 34.51 34.05 34.07 34.21 34.06 34.07 34.2 34.87 34.99 35 34.97 34.89 34.33 33.98 34.03 34.51 34.83 34.56 34.21 34.08 33.8 33.57 33.25773 33.02 33 33.12941 33.28571 -9999 -9999 -9999 -9999 -9999 -9999 -9999 -9999 -9999 -9999 -9999 -9999 -9999 -9999
31.81 31.82 31.84 31.87 31.48 31.66 31.31 31.25 31.53 31.71 32.1 32.62 33.85 34.35 35.01 35.32 35.31 35.86 36.175 36.15385 36.78 36.07 35.96 35.62 35.76 35.29 35.03 35 35 35.03 35.36 35.99 35.99 35.98 35.39 35.07 34.94 34.43 33.99 34.04 34.02 34.16 34.73 35.14 35.48 35.67 35.47 35.34 35.1 34.89 34.19 34.34 34.65 34.71 34.81 34.09 34.04 33.94 33.66667 33.57447 33.09091 33.01818 33.14286 -9999 -9999 -9999 -9999 -9999 -9999 -9999 -9999 -9999 -9999 -9999 -9999 -9999 -9999 -9999
31.75 31.82 31.86 31.82 31.34 31.2 31.51 31.52 31.46 31.8 32.03 32.62 33.84 34.57 34.76 34.9 35.20225 35.98507 36.18889 36.07 36.17 35.99 35.94 35.79 35.71 35.5 35 35.02 35.02 35.09 35.3 35.95 35.95 36 35.56 34.99 34.89 34.13 33.97 34 34 34.19 34.96 35.6 36.02 35.99 35.87 35.93 35.51 35.03 35 34.92 34.68 34.83 34.81 34.08 34.20879 33.94366 34 33.54546 -9999 -9999 -9999 -9999 -9999 -9999 -9999 -9999 -9999 -9999 -9999 -9999 -9999 -9999 -9999 -9999 -9999 -9999
31.89831 31.95555 32.19318 31.83 31.77 31.45 31.75 31.78 31.8 32.2 32.45 33.24 33.99 34.57 34.78788 34.98718 35.77551 36 36 36 35.97 35.98 36.13 36.01 35.9 35.69 35.02 35 35 35.01 35.45 35.99 36 36 35.51 34.95 34.29 34.04 34 34 34 34.2 35 35.85 36.55 36.19 36 36 35.99 35.72 35.15 35.12 35.06 34.96 34.97 34.4 34.07 33.99 34 33.68421 -9999 -9999 -9999 -9999 -9999 -9999 -9999 -9999 -9999 -9999 -9999 -9999 -9999 -9999 -9999 -9999 -9999 -9999
32 -9999 33 32.78947 32.82 33.16 33.02 33.24 33.08 33.06 33.50505 33.79412 34 34.79487 35 35 35.5 35.54 35.96 35.98 35.99 36 36.34 36.1 36.01 35.81 35.38 35.08 35 35.28 35.41 35.13 35.37 35.75 35.19 34.9 34.45 34.09 34 34 34 34.02 34.69 35.83 36.83 36.65 36.04 36.4 36.87 36.25 35.97 35.93 35.44 35.16667 35 34.47368 34.22917 33.92157 33.75 -9999 -9999 -9999 -9999 -9999 -9999 -9999 -9999 -9999 -9999 -9999 -9999 -9999 -9999 -9999 -9999 -9999 -9999 -9999
-9999 -9999 -9999 33.1 33.13514 33.91579 33.98 34.16 34.2 34.36 34.05556 -9999 -9999 35 34.85714 34.98 35.03 35.21 35.86 35.7 35.87 36 36.08 36.01 35.99 35.71 35.46 35.13 35.02 35.31 35.92 35.67 35.63 35.84 35.05 34.99 34.62 34.08 33.89 33.99 33.99 34 34.44 35.64 36.92 36.93 36.25 36.7 36.74 36.64 36.05 36 35.92391 35.45 35 34.77419 34.65854 34 34 -9999 -9999 -9999 -9999 -9999 -9999 -9999 -9999 -9999 -9999 -9999 -9999 -9999 -9999 -9999 -9999 -9999 -9999 -9999
-9999 -9999 -9999 -9999 -9999 34 34.2 34.75 34.85714 35 -9999 -9999 34.32759 34.90816 34.87 34.89 34.8 35.11 35.3 35.51 35.92 36 36.04 36.01 35.98 35.75 35.42 35.1 35.01 35.05 35.63 35.9 35.95 35.85 35.15 34.99 34.57 34 33.74 33.87 33.98 34.48 35.03 35.84 36.82 36.98 37 36.61 36.65 36.64 36.09 35.99 35.85 35.53 35 34.98718 34.73864 34.23595 34 34 33.95652 33.84746 33.8806 33.36232 33.20779 33 -9999 -9999 -9999 -9999 -9999 -9999 -9999 -9999 -9999 -9999 -9999 -9999
-9999 -9999 33 -9999 -9999 -9999 -9999 -9999 -9999 -9999 -9999 35 34.87879 34.87 34.51 34.2 34.43 34.9 35 35.33 35.73 36 36 35.96 35.99 36 35.68 35.04 35.05 35.2 35.47 35.78 35.84 35.63 35.06 35 34.74 34.04 33.98 34.01 34.14 34.92 35.31 36 36.49 36.87 37.07 36.78 36.52 36.51 36.19 36 36 35.84 35.4 34.95 34.24 34.08 34 34 33.99 33.95 33.68 33.43 33 -9999 -9999 -9999 -9999 -9999 -9999 -9999 -9999 -9999 -9999 -9999 -9999 -9999
32.07407 32.05556 31.9375 32.16304 32.43038 33.50562 34.09231 34.6129 34.74194 34.76087 34.95 34.96923 34.59596 34.94 34.52 34.78 34.52 34.53 34.93 35.06 35.36 35.9 36 36.05 36.06 36 35.64 35 35.06 35.76 36 35.98 35.87 35.48 35.18 35 34.81 34.41 34.13 34.44 34.96 35.16 35.73 36.12 37.11 38.07 38.18 37.91 37.57 37.27 36.94 36.7 36.63 35.96 35.72 35.07 34.79 34.41 34.11 34.1 33.77 33.63 33.26 32.95 32.8875 -9999 -9999 -9999 -9999 -9999 -9999 -9999 -9999 -9999 -9999 -9999 -9999 -9999
32.34 32 31.67 31.99 32.19 32.63 32.74 33.37 34 33.75 34.24 34.46 34.46 34.59 34.39 34.25 34.27 34.59 34.99 35 35.3 35.85 36 36.22 36.19 36.21 35.86 35.16 35.64 35.98 36.06 36.02 36 35.98 35.33 35.01 35 35 34.89 34.71 35.11 35.83 36.05 36.79 37.42 38.32 38.32 37.99 37.54 37.6 36.96 36.56 36.36 36.01 35.78 35.42 35 34.89 34.81 34.17 33.82 33.51 33.08537 32.75439 32.38889 -9999 -9999 -9999 -9999 -9999 -9999 -9999 -9999 -9999 -9999 -9999 -9999 -9999
32.97 32.7 32.8 32.47 32.59 32.81 32.96 33.04 33.83 34.01 34.08 34.12 34.39 34.41 34.07 34.01 34 34.53 34.95 35.19 35.82 36 36.02 36.51 36.5 36.64 36.62 36.26 36.28 36.38 36.67 36.43 36.32 36 35.57 35.07 35 35.08 35.01 35.27 35.79 36.01 36.63 37.12 37.88 38 38.09 38.04 37.71 37.33 36.97 36.84 36.66 36.04 35.95 35.89 35.07 35.01 35 34.61111 34 34 -9999 -9999 -9999 -9999 -9999 -9999 -9999 -9999 -9999 31 31 31 31.0625 31.01515 31.06579 31.04545
32.94 32.89 32.81 32.58 32.72 32.75 33.1 33.07 33.79 33.52 33.76 33.79 34.03 34.19 34.13 34.01 34.1 34.22 34.97 35.62 35.97 36.27 36.09 36.82 37.1 37.21 37.39 37.03 37 37.1 37.04 37 36.88 36.35 35.99 35.48 35.15 35.12 35.23 35.78 36.02 36.62 36.92 37.08 37.93 38 38.05 38 38 37.71 37 36.94 36.72 36.05 36.01 35.91 35.08247 35 35 34.56141 -9999 -9999 -9999 -9999 -9999 -9999 -9999 -9999 31 31 31.01235 31.08 31.21 31.34 31.14 31.12 31.25 31.35
32.95 32.96 32.96 32.8 32.86 32.86 33.04 33.07 33.44 33.09 33.5 33.68 34 34 34.01 34.13 34.35 34.79 35.02 35.69 35.94 36.44 36.99 37.31 37.85 38.02 38.15 37.7 37.72 37.66 37.15306 37.24286 36.87342 36.59596 36.18072 35.98889 35.81395 35.57143 35.83838 35.99 36.08 36.6 36.89 37.04 37.76042 37.77419 37.77 37.87 37.93 37.47 37.03 36.99 37 36.2907 36.04286 35.77359 35.16667 -9999 -9999 -9999 -9999 -9999 -9999 -9999 -9999 -9999 -9999 31 30.98969 30.99 31.03 31.1 31.65 31.17 31.5 31.5 31.92 32
33.02 32.92 33 33.04 33.09 33.04 33.01 33 33.19 33.05 33.62 33.92 34 34.02 34.27 34.32 34.74 34.99 35.18 35.85 36.1 36.73 37.23 37.57 38.14 38.77 38.9 38.29 38.04 37.86021 37.83562 37.34091 37 36.33333 36.09678 36 36 36 36.08989 36.18182 36.97436 36.95652 37 37 -9999 -9999 38 38 37.91304 37.09859 37.07527 36.98667 37 -9999 -9999 -9999 -9999 -9999 -9999 -9999 -9999 -9999 -9999 -9999 -9999 -9999 -9999 30.89552 30.99 31 31 31.07 31.34 31.53 31.77 31.99 32 32.01
31.94 32.43 32.9 32.75 32.99 32.99 33.01099 33 33.11579 33.04412 33.66102 33.95349 33.96429 34.07692 34.76 35 34.91111 35.07 35.59 35.96 36.22 36.95 37.18 37.91892 38.26415 38.75 39 39 38.45454 38 37.83077 37.15385 36.83673 36.35 36.01471 36 -9999 -9999 36 -9999 -9999 -9999 -9999 -9999 -9999 -9999 -9999 -9999 -9999 -9999 -9999 -9999 -9999 -9999 -9999 -9999 -9999 -9999 -9999 -9999 -9999 -9999 -9999 -9999 -9999 -9999 31 30.92784 31 31.07 31.03 31.14 31.37 31.83 31.99 32 32.24 32.24
31.58 32.09 32.44 32.88 33.12 32.9 33.10448 33 33.4375 -9999 -9999 -9999 -9999 -9999 -9999 -9999 35 35.37209 35.96491 35.95652 36.11428 36.69048 37.01724 37.39241 37.93478 -9999 -9999 -9999 -9999 -9999 37.66667 37 36.88235 36.18571 36 -9999 -9999 -9999 -9999 -9999 -9999 -9999 -9999 -9999 -9999 -9999 -9999 -9999 -9999 -9999 -9999 -9999 -9999 -9999 -9999 -9999 -9999 -9999 -9999 -9999 -9999 -9999 -9999 -9999 -9999 -9999 -9999 31.27174 31.29 31.28 31.31 31.61 31.93 32.02 32.09 32.43 32.88 32.95
32.11 32.28 33.26 33.59 33.62 33.63542 33.2 -9999 -9999 -9999 -9999 -9999 -9999 -9999 -9999 -9999 -9999 -9999 35.8 -9999 -9999 -9999 -9999 -9999 -9999 -9999 -9999 -9999 -9999 -9999 -9999 -9999 -9999 -9999 -9999 -9999 -9999 -9999 -9999 -9999 -9999 -9999 -9999 -9999 -9999 -9999 -9999 -9999 -9999 -9999 -9999 -9999 -9999 -9999 -9999 -9999 -9999 -9999 -9999 -9999 -9999 -9999 -9999 -9999 -9999 -9999 -9999 32.06173 31.94 31.96 32.01 32.01 32.12 32.43 32.59 32.64 33 33
33.1 32.74 33.85 34.07 33.81 33.74576 34 -9999 -9999 -9999 -9999 -9999 -9999 -9999 -9999 -9999 -9999 -9999 -9999 -9999 -9999 -9999 -9999 -9999 -9999 -9999 -9999 -9999 -9999 -9999 -9999 -9999 -9999 -9999 -9999 -9999 -9999 -9999 -9999 -9999 -9999 -9999 -9999 -9999 -9999 -9999 -9999 -9999 -9999 -9999 -9999 -9999 -9999 -9999 -9999 -9999 -9999 -9999 -9999 -9999 -9999 -9999 -9999 -9999 -9999 -9999 33 32.79592 32.51 32.48 32.63 32.84 32.88 32.96 33 33 33 33.01
34.89 34.69 34.05 34.1 33.99 33.86111 34 -9999 -9999 -9999 -9999 -9999 -9999 -9999 -9999 -9999 -9999 -9999 -9999 -9999 -9999 -9999 -9999 -9999 -9999 -9999 -9999 -9999 -9999 -9999 -9999 -9999 -9999 -9999 -9999 -9999 -9999 -9999 -9999 -9999 -9999 -9999 -9999 -9999 -9999 -9999 -9999 -9999 -9999 -9999 -9999 -9999 -9999 -9999 -9999 -9999 -9999 -9999 -9999 -9999 -9999 -9999 -9999 -9999 -9999 -9999 33.64286 33.47312 33.07 33.2 33.06 33.01 33.02 33.09 33.1 33.19 33.27 33.34
