taller 1/variables/bioclim3.asc
ncols         720
nrows         300
xllcorner     -30.008325510658
yllcorner     30.991671412252
cellsize      0.083333337679505
NODATA_value  -9999
[rows 204 to 237 of 300, columns 234 to 311 of 720]
-9999 -9999 -9999 -9999 -9999 -9999 -9999 -9999 -9999 -9999 -9999 -9999 -9999 41.02247 40.66 40.27 40.08 40.15 40.73563 40.84 40.87 40.65 40.66 40.69 40.59 40.3 40.19 40.14 40.01 40.01 40 39.76 39.36 39.32 39.12 39.06 39.05 39.06 39.03 39.13 39.8 39.55 39.02 39 39 38.83 38.06 38 38 37.94 37.66 37.18 37.1 37.15 37 37 37 37 37 37 37 37 37 37 37 37 37 37 37 37 37 37 37 37 37.11 37.57 37.95 38
-9999 -9999 -9999 -9999 -9999 -9999 -9999 -9999 -9999 -9999 -9999 -9999 41.19231 41 40.88 40.46 40.4 40.69118 40.77333 40.91 40.67 40.75 40.84 40.62 40.31 40.17 40.17 40.19 40.09 40.01 40 39.96 39.85 39.8 39.22 39.04 39.1 39.42 39.31 39.41 39.71 39.35 39 39 39 38.89 38.21 38.01 37.99 38 37.95 37.4 37.57 37.12 37.23 37 37.01 37 37 37 37 37 37 37 37 37 37 37 37 37 37 37 37 37 37.19 37.8 37.88 38
-9999 -9999 -9999 -9999 -9999 -9999 -9999 -9999 -9999 -9999 -9999 -9999 41.31944 41.17 41.06 40.75 40.52 41 41 40.91 40.82 40.85 40.83 40.87 40.47 40.53 40.36 40.03 40 40 40 39.99 39.96 39.84 39.8 39.46 39.23 39.78 39.9 39.91 39.69 39.22 39.03 39 39 38.79 38.43 38.13 38 37.99 37.98 37.81 37.23 37.28 37.1 37.06 37 37.01 37.02 37.04 37.01 37 37 37 37 37 37 37 37 37 37 37 37 37 37.04 37.35 37.65 37.95
-9999 -9999 -9999 -9999 -9999 -9999 -9999 -9999 -9999 -9999 -9999 -9999 41.81081 41.56667 41.34286 40.93333 40.75926 41 40.95652 40.84 40.99 40.96 40.98 40.97 40.93 40.79 40.68 40.21 40.15 40.01 39.99 40 39.98 39.98 39.83 39.75 39.98 39.88 39.98 39.99 39.6 39.24 39 39 38.99 38.85 38.38 38.07 38 38 37.99 37.99 37.91 37.58 37.27 37.05 37.03 37.12 37.22 37.01 37 37 37.01 37 37 37 37 37 37 37 37 37 37 37 37 37 37.11 37.36
-9999 -9999 -9999 -9999 -9999 -9999 -9999 -9999 -9999 -9999 -9999 -9999 -9999 -9999 -9999 41.1017 41.02198 41.01123 40.99 41.05 41 40.99 41 40.99 41 40.91 40.51 40.58 40.14 40.05 40.03 40 40.02 40.03 40.04 40 40 40 40 39.97 39.44 39.04 39 38.99 38.86 38.72 38.08 38.04 38 38 38 37.98 37.93 37.71 37.08 37.36 37.22 37.31 37.02 37.03 37 37.1 37.01 37 37 37 37 37 37 37 37 37 37 37 37 37 37.01 37.06
-9999 -9999 -9999 -9999 -9999 -9999 -9999 -9999 -9999 -9999 -9999 -9999 -9999 -9999 -9999 41.25 41.31 41.06 41.02 41.17105 41.09278 41.12222 41.04 41.04 41.02 40.96 40.94 40.92 40.7 40.67 40.62 40.32 40.43 40.4 40.34 40.01 40 40 40 39.98 39.61 39.06 39 38.93 38.22 38.13 38.02 38.02 38 38 38 38 38 37.68 37.29 37.66 37.85 37.48 37.01 37.03 37.23 37.03 37 37 37 37 37 37 37 37 37 37 37 37 37 37 37 37
-9999 -9999 -9999 -9999 -9999 -9999 -9999 -9999 -9999 -9999 -9999 -9999 -9999 -9999 -9999 41.92 41.52055 41.28125 41.27273 41.47059 41.59575 41.56579 41.39394 41.31 41.35 41.21 41.07 41.04 41.01 41 41 40.98 40.98 40.94 40.56 40.36 40.1 40.02 40 39.97 39.66 39.09 38.99 38.77 38.11 38.06 38 38 38 38 38 37.99 38 37.99 37.95 37.6 37.87 37.55 37.18 37.54 37.76 37.04 37.11 37.12 37 37 37 37 37 37 37 37 37 37 37 37 37 37
-9999 -9999 -9999 -9999 -9999 -9999 -9999 -9999 -9999 -9999 -9999 -9999 -9999 -9999 -9999 -9999 -9999 -9999 -9999 -9999 41.8 41.79 41.81443 41.85 41.72 41.38 41.72 41.33 41.13 41.18 41.1 41.03 41 41 40.97 40.63 40.39 40.11 40 39.98 39.59 39.14 39 38.92 38.31 38.47 38.1 38.01 38 38 38 38 38 38 37.97 37.96 37.91 37.99 37.83 37.92 37.58 37.32 37.26 37.02 37 37 37 37 37 37 37 37 37 36.99 36.98 36.95 36.85 36.78
-9999 -9999 -9999 -9999 -9999 -9999 -9999 -9999 -9999 -9999 -9999 -9999 -9999 -9999 -9999 -9999 -9999 -9999 -9999 -9999 42 41.98 41.99 41.84 41.98 41.94 41.91 41.91 41.82 41.74 41.59 41.54 41.16 41 41 40.96 40.52 40.13 40 40 39.76 39.1 39 38.98 38.8 38.59 38.11 38.02 38 38 38 37.99 38 38 38 38 38 38 37.98 38 37.75 37.91 37.49 37.15 37.05 37.01 37 37 37 37 37 37 36.99 36.83 36.56 36.62 36.51 36.31
-9999 -9999 -9999 -9999 -9999 -9999 -9999 -9999 -9999 -9999 -9999 -9999 -9999 -9999 -9999 -9999 -9999 -9999 -9999 -9999 42 42.01 41.92 42 42 41.99 42 42 42 42 41.99 41.96 41.71 41.26 41.04 40.99 40.68 40.15 40 40 39.66 39.14 39 38.83 38.59 38.1 38 38 38 38 38 38 38 38 37.99 38 38 38 38 38 38 37.71 37.65 37.15 37.25 37.15 37.01 37 37 37 37 37 36.92 36.71 36.55 36.14 36.04 36
-9999 -9999 -9999 -9999 -9999 -9999 -9999 -9999 -9999 -9999 -9999 -9999 -9999 -9999 -9999 -9999 -9999 -9999 -9999 -9999 42.55556 42.15 41.9 42 42 42.04 42.07 42 42 42.05 42 42.05 41.99 41.57 41.04 41 40.84 40.24 40 39.99 39.39 39 39 38.97 38.46 38.08 38.01 38 38 38 38 38 38 38 38 37.99 38 38 38 38 38 37.98 37.98 37.68 37.43 37.14 37.01 37 37 37 37 36.97 36.91 36.53 36.16 36.03 36 36
-9999 -9999 -9999 -9999 -9999 -9999 -9999 -9999 -9999 -9999 -9999 -9999 -9999 -9999 -9999 -9999 -9999 -9999 -9999 43 42.77273 42.24 42.09 42 42.02 42.07 42.15 42.05 42.06 42.07 42.24 42.28 42.01 41.98 41.27 41 40.84 40.14 40 39.8 39.19 39 38.77 38.58 38.51 38.1 38 38 38 38 37.99 38 38 38.01 38.04 38.03 38 38 38 38 38 38 38 38 37.75 37.27 37.34 37.08 37 37 37 37 36.98 36.63 36.25 36.04 36 36
-9999 -9999 -9999 -9999 -9999 -9999 -9999 -9999 -9999 -9999 -9999 -9999 -9999 -9999 -9999 -9999 -9999 -9999 -9999 43 42.97647 42.71 42.35 42.26 42.23 42.24 42.17 42.08 42.22 42.32 42.31 42.17 42.03 41.92 41.3 41 40.57 40.07 40 39.82 39.25 39 38.89 38.42 38.05 38.05 38 38 38 38 38 38 38.02 38.01 38.12 38.23 38 38 38 38 38.01 38 38.01 38 38 37.95 37.49 37.15 37.04 37 37 36.99 37 36.49 36.19 36.03 36 35.98
-9999 -9999 -9999 -9999 -9999 -9999 -9999 -9999 -9999 -9999 -9999 -9999 -9999 -9999 -9999 -9999 -9999 -9999 -9999 -9999 43 42.92 42.66 42.56 42.4 42.38 42.25 42.18 42.18 42.16 42.13 42.03 42 41.91 41.24 40.98 40.55 40.02 39.94 39.46 39.02 38.99 38.72 38.15 38.02 38 38 38 38 38 38.03 38.03 38.08 38.17 38.69 38.68 38.58 38.3 38.11 38.29 38.45 38.49 38.15 38.06 38 38 37.98 37.61 37.21 37 37 37 36.97 36.42 36.08 36 36 35.75
-9999 -9999 -9999 -9999 -9999 -9999 -9999 -9999 -9999 -9999 -9999 -9999 -9999 -9999 -9999 -9999 -9999 -9999 -9999 -9999 43.14894 42.93 42.92 42.59 42.6 42.36 42.12 42.2 42.06 42.04 42.08 42.01 41.96 41.61 41.11 40.85 40.25 40.01 39.77 39.12 38.99 38.84 38.42 38.14 38.02 38 38 38 38 38 38.09 38.19 38.35 38.41 38.89 39 39 38.98 38.86 38.93 38.95 38.9 38.83 38.74 38.22 38 38 37.82 37.57 37.05 37 37 36.97 36.47 36.16 36 36 35.56
-9999 -9999 -9999 -9999 -9999 -9999 -9999 -9999 -9999 -9999 -9999 -9999 -9999 -9999 -9999 -9999 -9999 -9999 -9999 -9999 43.4 43.03158 42.99 42.64 42.39 42.23 42.16 42.07 42 42.02 42 41.99 41.89 41.35 41 40.73 40.12 39.98 39.4 39.01 38.79 38.29 38.03 38 38 38 38 38 38 38 38.02 38.36 38.7 38.9 39 39.06 39.13 39.2 39.06 39.15 39.17 39.02 39 39 38.82 38.1 38 38 37.69 37.17 37.07 37 36.98 36.7 36.28 36.01 36 35.83
-9999 -9999 -9999 -9999 -9999 -9999 -9999 -9999 -9999 -9999 -9999 -9999 -9999 -9999 -9999 -9999 -9999 -9999 -9999 -9999 43.67857 43.11 43.01 42.69 42.44 42.03 42.1 42.03 42 42 42 41.98 41.74 41.22 40.99 40.53 40.02 39.76 39.1 38.89 38.34 38 37.97 37.86 37.79 37.97 38 38 38 38 38.04 38.32 38.86 39 39.06 39.22 39.52 39.86 39.96 39.95 39.87 39.43 39.09 39 38.97 38.6 38 38 37.95 37.45 37.14 37 37 36.87 36.34 36.03 36 36.08
-9999 -9999 -9999 -9999 -9999 -9999 -9999 -9999 -9999 -9999 -9999 -9999 -9999 -9999 -9999 -9999 -9999 -9999 -9999 -9999 44 43.24 42.99 42.91 42.42 42.24 42.12 42.01 42 42 41.98 41.69 41.35 41.01 40.92 40.34 39.99 39.34 39.02 38.58 37.99 37.7 37.22 37.11 37.26 37.25 37.65 37.96 38 38.02 38.15 38.53 38.97 39 39.07 39.85 39.82 39.95 40 40 40 39.76 39.34 39 39 38.96 38.26 38.03 38 37.89 37.31 37 37 37 36.84 36.4 36.08 36.08
-9999 -9999 -9999 -9999 -9999 -9999 -9999 -9999 -9999 -9999 -9999 -9999 -9999 -9999 -9999 -9999 -9999 -9999 -9999 -9999 44 43.47 42.98 42.82 42.31 42.29 42.06 42 42 42 41.92 41.66 41.28 41.02 40.9 40.17 39.95 39.27 38.84 38.09 37.78 37.07 36.94 36.84 36.89 37 37.19 37.6 37.96 38 38.1 38.57 38.88 39 39.36 39.95 40 40 40.01 40.01 40 40 39.89 39.42 39.01 38.99 38.72 38.25 38 37.93 37.7 37.11 37 37 37 36.9 36.78 36.61
-9999 -9999 -9999 -9999 -9999 -9999 -9999 -9999 -9999 -9999 -9999 -9999 -9999 -9999 -9999 -9999 -9999 -9999 -9999 44.66667 44.14286 43.52 42.99 42.84 42.36 42.09 42.11 42 42 42 41.9 41.5 41.12 40.99 40.82 40.07 39.86316 39.17 38.73 37.98 37.41 36.88 36.21 36.03 36.28 36.79 37.01 37.15 37.7 37.99 38 38.18 38.63 38.98 39.31 39.87 40 40.02 40.14 40.12 40.02 40 39.99 39.95 39.28 39 38.97 38.49 38 38 37.92 37.49 37.1 37.01 37.01 37.01 37 37
-9999 -9999 -9999 -9999 -9999 -9999 -9999 -9999 -9999 -9999 -9999 -9999 -9999 -9999 -9999 -9999 -9999 -9999 -9999 45 44.45 43.67 43.02 42.68 42.3 42.25 42.1 42.07 42.02 41.96 41.65 41.18 41.07 40.99 40.72 40.06 39.87097 39.08333 38.72 37.99 37.19 36.57 35.9 35.83333 36.04 36.57 37 37.05 37.44 37.82 38 38.02 38.31 38.89 39.04 39.67 40 40.03 40.36 40.43 40.05 40 40 39.85 39.25 39.01 38.96 38.44 38.04 38 38 37.91 37.41 37.13 37.02 37.01 37.09 37.03
-9999 -9999 -9999 -9999 -9999 -9999 -9999 -9999 -9999 -9999 -9999 -9999 -9999 -9999 -9999 -9999 -9999 -9999 -9999 45.86441 44.74 43.39 42.69 42.15 42.35 42.25 42.33 42.56 42.08 42.01 41.92 41.56 41.31 41.03 40.88 40.12121 39.97561 39.28 38.67308 37.97561 37.27273 36.62162 36.08163 35.98837 36.08 36.62 36.97 37 37.26 37.57 37.81 37.96 37.99 38.25 38.9 39.16 39.88 40.02 40.55 40.4 40.08 40 39.97 39.66 39.16 39 39 38.81 38.2 38.01 38 38 37.89 37.72 37.55 37.28 37.37 37.22
-9999 -9999 -9999 -9999 -9999 -9999 -9999 -9999 -9999 -9999 -9999 -9999 -9999 -9999 -9999 -9999 -9999 -9999 48.18182 47.03191 45.27 43.46236 42.27778 42.2093 42.22368 42.57692 42.82796 42.70115 42.69792 42.59 42.18 41.99 41.94 41.36 41.0303 40.84615 -9999 -9999 -9999 -9999 -9999 -9999 -9999 36 36.30769 36.98766 37 37.01 37.09 37.25 37.26 37.45 37.47 37.81 38.07 38.83 39.2 39.89 40.28 40.26 40 39.81 39.64 39.24 39.04 39 38.99 38.91 38.63 38.13 38 38 38 37.98 37.97 37.94 37.88 37.9
-9999 -9999 -9999 -9999 -9999 -9999 -9999 -9999 -9999 -9999 -9999 -9999 -9999 -9999 -9999 -9999 -9999 -9999 49.97727 48.4375 46.15385 -9999 -9999 -9999 -9999 -9999 -9999 -9999 43 42.97675 42.97701 42.45161 42 41.96 -9999 -9999 -9999 -9999 -9999 -9999 -9999 -9999 -9999 -9999 -9999 -9999 37 37.0122 37.13 37.03 37 36.89 36.8172 37 37.43 37.95 38.51 39.21 39.8 39.73 39.77 39.64 39.22 39.07 39.03 39 39 38.98 38.94 38.48 38.23 38.07 38.01 38 38 38 38 38
-9999 -9999 -9999 -9999 -9999 -9999 -9999 -9999 -9999 -9999 -9999 -9999 -9999 -9999 -9999 -9999 -9999 -9999 -9999 -9999 -9999 -9999 -9999 -9999 -9999 -9999 -9999 -9999 -9999 -9999 43 43 42 -9999 -9999 -9999 -9999 -9999 -9999 -9999 -9999 -9999 -9999 -9999 -9999 -9999 -9999 37 37.17241 37.02 36.90425 36.22581 35.87234 35.96 36.37 37.03 37.84 38.5 39 39.14 39.29 39.29 39.2 39.01 39 39 39 39 38.95 38.8 38.56 38.28 38.19 38.07 38.02 38 38.01 38
-9999 -9999 -9999 -9999 -9999 -9999 -9999 -9999 -9999 -9999 -9999 -9999 -9999 -9999 -9999 -9999 -9999 -9999 -9999 -9999 -9999 -9999 -9999 -9999 -9999 -9999 -9999 -9999 -9999 -9999 -9999 -9999 -9999 -9999 -9999 -9999 -9999 -9999 -9999 -9999 -9999 -9999 -9999 -9999 -9999 -9999 -9999 -9999 -9999 37.09877 36.6747 35.73684 34.87 34.62 35.62 36.26 37.08 37.95 38.51 38.95 39 39.01 39.02 39.05 39.01 39 39 39 39 38.66 38.58 38.31 38.3 38.29 38.18 37.98 37.99 38.08
-9999 -9999 -9999 -9999 -9999 -9999 -9999 -9999 -9999 -9999 -9999 -9999 -9999 -9999 -9999 -9999 -9999 -9999 -9999 -9999 -9999 -9999 -9999 -9999 -9999 -9999 -9999 -9999 -9999 -9999 -9999 -9999 -9999 -9999 -9999 -9999 -9999 -9999 -9999 -9999 -9999 -9999 -9999 -9999 -9999 -9999 -9999 -9999 39 37.78261 36.8172 35.45 33.88 33.15 34.31 35.42 36.44 37.36 38.01 38.67 38.99 39 39 39.04 39.06 39 39 39 39.01 38.86 38.62 38.17 38.11 38.35 38.42 38.01 37.98 38.10989
-9999 -9999 -9999 -9999 -9999 -9999 -9999 -9999 -9999 -9999 -9999 -9999 -9999 -9999 -9999 -9999 -9999 -9999 -9999 -9999 -9999 -9999 -9999 -9999 -9999 -9999 -9999 -9999 -9999 -9999 -9999 -9999 -9999 -9999 -9999 -9999 -9999 -9999 -9999 -9999 -9999 -9999 -9999 -9999 -9999 -9999 -9999 -9999 38 38.45238 37.44 35.49 33.75 33.01 34.04 35.02 36.17 37.09 37.85 38.37 38.97 39 39.01 39.08 39.09 39.02 39.12 39.19 39.1 39 38.76 38.08 37.97727 37.91304 38 38 38 -9999
-9999 -9999 -9999 -9999 -9999 -9999 -9999 -9999 -9999 -9999 -9999 -9999 -9999 -9999 -9999 -9999 -9999 -9999 -9999 -9999 -9999 -9999 -9999 -9999 -9999 -9999 -9999 -9999 -9999 -9999 -9999 -9999 -9999 -9999 -9999 -9999 -9999 -9999 -9999 -9999 -9999 -9999 -9999 -9999 -9999 -9999 -9999 -9999 -9999 39 37.60417 35.6413 34.29 33.72 34.17 35.12 36.2 37.17 37.83 38.4 38.97 39 39.13 39.27 39.39 39.42 39.8 39.61 39.54 39.19 39.16 38.84444 38.04762 -9999 -9999 -9999 -9999 -9999
-9999 -9999 -9999 -9999 -9999 -9999 -9999 -9999 -9999 -9999 -9999 -9999 -9999 -9999 -9999 -9999 -9999 -9999 -9999 -9999 -9999 -9999 -9999 -9999 -9999 -9999 -9999 -9999 -9999 -9999 -9999 -9999 -9999 -9999 -9999 -9999 -9999 -9999 -9999 -9999 -9999 -9999 -9999 -9999 -9999 -9999 -9999 -9999 -9999 -9999 36.53846 35.34884 34.78788 34.52 34.97 35.49 36.43 37.17 38.29 38.7 38.99 39.18 39.5 39.75 39.87 40.05 40.08081 39.96341 39.98913 39.81443 39.2807 -9999 -9999 -9999 -9999 -9999 -9999 -9999
-9999 -9999 -9999 -9999 -9999 -9999 -9999 -9999 -9999 -9999 -9999 -9999 -9999 -9999 -9999 -9999 -9999 -9999 -9999 -9999 -9999 -9999 -9999 -9999 -9999 -9999 -9999 -9999 -9999 -9999 -9999 -9999 -9999 -9999 -9999 -9999 -9999 -9999 -9999 -9999 -9999 -9999 -9999 -9999 -9999 -9999 -9999 -9999 -9999 -9999 36 35.75385 35.25 35.36 35.67 36.12 36.78 37.33 38.13 38.85 39.17 39.83 39.99 40.17 40.4625 40.46667 40.4375 -9999 -9999 -9999 -9999 -9999 -9999 -9999 -9999 -9999 -9999 -9999
-9999 -9999 -9999 -9999 -9999 -9999 -9999 -9999 -9999 -9999 -9999 -9999 -9999 -9999 -9999 -9999 -9999 -9999 -9999 -9999 -9999 -9999 -9999 -9999 -9999 -9999 -9999 -9999 -9999 -9999 -9999 -9999 -9999 -9999 -9999 -9999 -9999 -9999 -9999 -9999 -9999 -9999 -9999 -9999 -9999 -9999 -9999 -9999 -9999 -9999 -9999 36 36.22727 36.23 36.48 36.75 37.36 37.94 38.45 38.99 39.58 40.17 40.62 40.96 -9999 -9999 -9999 -9999 -9999 -9999 -9999 -9999 -9999 -9999 -9999 -9999 -9999 -9999
-9999 -9999 -9999 -9999 -9999 -9999 -9999 -9999 -9999 -9999 -9999 -9999 -9999 -9999 -9999 -9999 -9999 -9999 -9999 -9999 -9999 -9999 -9999 -9999 -9999 -9999 -9999 -9999 -9999 -9999 -9999 -9999 -9999 -9999 -9999 -9999 -9999 -9999 -9999 -9999 -9999 -9999 -9999 -9999 -9999 -9999 -9999 -9999 -9999 -9999 -9999 -9999 37 37.29032 37.34 37.71 38.07 38.29 38.88 39.24 40.07 40.74 41.06173 41 -9999 -9999 -9999 -9999 -9999 -9999 -9999 -9999 -9999 -9999 -9999 -9999 -9999 -9999
-9999 -9999 -9999 -9999 -9999 -9999 -9999 -9999 -9999 -9999 -9999 -9999 -9999 -9999 -9999 -9999 -9999 -9999 -9999 -9999 -9999 -9999 -9999 -9999 -9999 -9999 -9999 -9999 -9999 -9999 -9999 -9999 -9999 -9999 -9999 -9999 -9999 -9999 -9999 -9999 -9999 -9999 -9999 -9999 -9999 -9999 -9999 -9999 -9999 -9999 -9999 -9999 -9999 38.03125 38 38.49412 38.76 39.03 39.09 39.82 40.77551 41.325 41.6 -9999 -9999 -9999 -9999 -9999 -9999 -9999 -9999 -9999 -9999 -9999 -9999 -9999 -9999 -9999
