taller 1/variables/bioclim17.asc
ncols         720
nrows         300
xllcorner     -30.008325510658
yllcorner     30.991671412252
cellsize      0.083333337679505
NODATA_value  -9999
[rows 0 to 32 of 300, columns 592 to 665 of 720]
-9999 -9999 -9999 -9999 -9999 -9999 -9999 -9999 -9999 -9999 -9999 -9999 -9999 -9999 -9999 -9999 -9999 -9999 -9999 -9999 105.3333 106.28 107.82 109.59 110.89 112.36 113.41 115.05 117.3 119.16 121.24 121.8 123.26 124.03 123.44 121.41 120.13 118.57 116.74 114.94 113.87 111.76 109.65 106.57 105.03 102.17 98.89 96.04 94.54 94.74 94.52 94.38 94.29 93.62 93.32 92.67 92.51 92.07 92.01 92 92 92 91.8 92.08 92.02 92 92.52 94.84 95 96.57 98.01 99.33 100 101.04
-9999 -9999 -9999 -9999 -9999 -9999 -9999 -9999 -9999 -9999 -9999 -9999 -9999 -9999 -9999 -9999 -9999 -9999 -9999 -9999 105.875 106.67 108.2 109.76 111.46 113.17 115.09 116.28 117.48 119.12 121.12 122.08 122.93 124.3 125.29 124.73 123.63 121.35 120.08 116.17 113.92 111.65 109.68 107.98 106.37 103.61 100.86 97.94 96.63 95.95 95.96 95.7 95.41 94.84 93.98 93.38 93.01 92.98 92.56 92.23 92.27 92.24 92 92.3 92.36 92.08 93.62 94.97 95.31 97.39 98.08 99.5 100.08 102.02
-9999 -9999 -9999 -9999 -9999 -9999 -9999 -9999 -9999 -9999 -9999 -9999 -9999 -9999 -9999 -9999 -9999 -9999 -9999 -9999 106.3333 107.3918 108.11 109.54 111.46 113.23 115.81 117.07 119.42 120.6 122.14 122.64 123.46 125.4 127.03 125.93 124.19 122.27 121.22 117.97 113.93 111.64 109.98 109.13 107.84 105.49 102.2 99.82 98.25 97.36 96.52 96.11 96 95.72 94.61 93.99 93.44 93 92.95 92.31 92.31 92.69 92.1 92.06 92.57 92.93 93.94 95.01 96.47 97.92 98.51 99.86 100.21 102.22
-9999 -9999 -9999 -9999 -9999 -9999 -9999 -9999 -9999 -9999 -9999 -9999 -9999 -9999 -9999 -9999 -9999 -9999 -9999 -9999 -9999 107.0909 107.93 108.74 110.74 112.31 115.17 117.61 119.44 121.13 122.53 123.02 123.75 125.36 127.01 127.34 125.19 123.67 121.54 118.83 115.86 113.83 112.09 110.17 107.35 105.46 104.1 101.78 100.18 98.82 98.64 97.61 96.57 96 95.62 94.27 93.94 93 92.76 92.15 92.07 92.32 92.07 92.03 92.48 93.1 93.92 94.95 96.2 97.54 99.16 99.99 101.39 103.49
-9999 -9999 -9999 -9999 -9999 -9999 -9999 -9999 -9999 -9999 -9999 -9999 -9999 -9999 -9999 -9999 -9999 -9999 -9999 -9999 -9999 105.6111 107.0595 108.1 109.83 111.22 114.07 116.46 118.67 121.54 122.06 122.82 123.69 126.33 127.71 127.47 126.35 123.77 121.1 118.23 116.21 114.69 112.55 109.8 107.78 106.46 105.59 103.81 102.91 100.5 99.05 98.97 98.15 96.1 96 94.92 94 93.14 93 92.97 92.9 92.31 92 92 92.11 92.84 93.59 94.72 95.77 97.33 99.22 100.43 101.74 103.34
-9999 -9999 -9999 -9999 -9999 -9999 -9999 -9999 -9999 -9999 -9999 -9999 -9999 -9999 -9999 -9999 -9999 -9999 -9999 -9999 -9999 104.6286 105.8621 107.02 108.57 110.66 113.1 115.04 117.37 119.3 121.43 122.89 124.29 125.41 126 125.67 124.2 122.28 119.81 117.5 116.34 114.33 112.74 110.92 108.68 106.88 106.87 105.46 103.59 101.2 100.19 99 98.89 96.96 96.18 95.28 94.06 93.75 93.78 93.02 92.89 92.06 92 91.96 91.41 91.72 93.41 94.26 95.51 97.81 100.47 102.3 104.43 105.9
-9999 -9999 -9999 -9999 -9999 -9999 -9999 -9999 -9999 -9999 -9999 -9999 -9999 -9999 -9999 -9999 -9999 -9999 -9999 -9999 101.5833 103.0857 -9999 106.5795 108.13 109.91 112.63 114.35 116.7 118.46 120.61 122.02 122.48 122.97 123.18 122.82 121.89 120.6 118.44 115.66 114.31 112.12 110.38 109.77 109.16 107.39 106.22 104.62 103.88 102.4 101 99.13 99 97.5 96.66 95.65 94.13 94 94 93.62 92.97 92 92 91.61 91.03 91.49 92.47 93.82 95.36 98.63 100.97 102.69 104.83 106.84
-9999 -9999 -9999 -9999 -9999 -9999 -9999 -9999 -9999 -9999 -9999 -9999 -9999 -9999 -9999 -9999 -9999 -9999 -9999 -9999 100.931 101 104.2353 105.907 107.71 109.77 111.81 113.53 115.88 117.7 119.21 120.43 120.5 120.6 119.87 119 117.21 115.63 114.04 112.31 110.49 108.96 108.27 107.36 106.54 106.57 106.1 104.34 103.74 102.39 101.57 99.16 98.88 97.75 96.99 95.75 94.41 94.28 94.14 94.02 93.53 92.24 91.94 91.06 90.94 90.78 92.11 94.7 97.51 99.22 100.99 102.85 104.25 106.56
-9999 -9999 -9999 -9999 -9999 -9999 -9999 -9999 -9999 -9999 -9999 -9999 -9999 -9999 -9999 -9999 -9999 -9999 -9999 101.125 100.3333 -9999 -9999 105.9787 107.83 109.17 111.51 112.87 114.09 116.28 117.8 118.73 118.55 118.15 116.99 115.78 114.15 112.57 110.72 109.64 108.51 107.51 106.14 105.28 105 104.74 104.85 104.56 103.58 101.78 100.54 99.26 98.78 97.63 97.01 96.26 95.55 95.19 94.78 94.77 94.38 93.61 92 91 90.4 89.48 92.02 95.28 97.71 100.31 102.63 104.13 105.93 106.8
-9999 -9999 -9999 -9999 -9999 -9999 -9999 -9999 -9999 -9999 -9999 -9999 -9999 -9999 -9999 -9999 -9999 105 103.875 102.6667 -9999 -9999 105.1081 105.974 107.61 109.05 110.85 112.12 113.38 114.71 116.1 116.94 116.86 116.08 114.58 113.69 112.1 111.46 109.39 108.17 106.59 105.33 104.99 104.5 103.93 103.27 103 102.96 102.21 101.64 100.02 99.9 98.61 97.68 96.9 96.86 96.24 96 95.82 95.49 95.24 94.21 93.92 91.95 91.2 92.81 95.55 96.91 99.73 101.78 103.43 105.57 106.61 107.26
-9999 -9999 -9999 -9999 -9999 -9999 -9999 -9999 -9999 -9999 -9999 -9999 -9999 -9999 -9999 -9999 107 106.2759 104.8333 -9999 -9999 -9999 105.7778 106.44 107.76 108.46 109.72 111.55 112.82 113.81 114.9 115.54 115.58 114.54 112.46 111.94 110.93 109.47 107.78 106.18 104.61 103.9 102.6 102.04 101.94 101.69 101.52 101.17 100.96 99.75 99.44 99.24 98.54 97.98 98.33 98.22 98.04 96.91 96.36 96.07 95.38 94.4 93.9 93.8 94.79 96.32 96.68 98.67 101.54 102.6 104.2 107 108.73 108.97
-9999 -9999 -9999 -9999 -9999 -9999 -9999 -9999 -9999 -9999 -9999 -9999 -9999 -9999 110 109.7143 108.6667 -9999 -9999 -9999 -9999 -9999 106.5909 107.19 107.99 108.71 109.45 110.53 111.79 113.68 114.71 115.02 113.73 112.96 110.92 109.55 108.56 106.83 105.47 103.93 102.46 101.55 101.05 100.45 100.1 100.01 99.98 99.79 99.2 98.75 98.64 99 99.53 98.68 99.02 99.03 99.07 98.18 97.58 96.75 96.36 96.02 95.85 96.25 97.04 97.69 98.39 100.46 102.12 104.05 105.15 107.3 109.13 109.34
-9999 -9999 -9999 -9999 -9999 -9999 -9999 107.8519 109.4808 110.62 110.9138 111.1754 111.4524 112.0323 111.9306 112.5385 111.2727 110.2683 109.4 -9999 -9999 107 107 107.5833 108.02 108.93 109.18 109.72 110.83 111.61 112.5 112.62 112.33 111.75 109.61 107.98 106.52 105.37 103.49 102.05 100.83 99.81 99.02 98.54 98.36 98.28 98.29 98.41 98.8 98.92 98.55 98.06 99.2 98.68 99.76 99.8 98.79 98.87 98.61 98.41 98.36 97.42 97.67 97.54 98.12 99.27 100.95 102.65 104.64 105.89 107.49 109.46 110.92 110.66
-9999 -9999 -9999 -9999 -9999 -9999 -9999 107.5161 109.92 111 112.35 113.66 114.05 114.24 114.45 114.12 112.71 111.07 109.5417 108.2644 108.2118 107.1368 107.05 107.95 108.11 108.33 108.53 109.08 110.04 110.96 111.47 111.35 110.3 109.06 107.6 106.27 104.83 103.31 101.88 100.28 98.84 97.71 96.79 96.53 96.41 96.32 96.32 96.51 96.9 97.19 97.65 98 98.45 99.53 99.95 99.31 99.07 98.59 98.43 98.87 99.05 99.15 100.24 100.52 101.13 102.19 102.55 105.06 107.22 109.1 110.94 110.94 110.13 109.79
-9999 -9999 -9999 -9999 -9999 -9999 -9999 107.2353 108.12 110.28 112.01 113.59 114.67 115.78 116.84 116.32 115.04 112.8 111.01 109.83 108.94 107.88 107.6 107.92 108.12 108.09 108.59 108.79 109.41 109.82 110.42 109.22 107.83 107.03 106.34 105.16 103.98 102.34 100.23 98.58 96.8 95.39 94.5 94.13 94.02 94.17 94.32 94.34 94.47 95.25 95.9 96.79 98 98.66 98.9 98.98 99.03 98.76 99.42 100.57 100.36 100.96 101.74 101.54 102.89 104.89 104.88 106.56 110.42 112.11 113.18 112.24 111.12 112
-9999 -9999 -9999 -9999 -9999 -9999 107 107 107.7667 109.0899 110.8852 111.5 113.6324 114.89 116.66 116.53 114.62 112.91 111.36 110.04 108.86 108.05 108.11 107.66 107.33 107.47 107.44 107.79 107.35 107.96 107.42 107.06 106.97 106.31 104.91 103.56 102.19 100.82 98.54 96.39 94.42 93.02 93.01 92.88 92.7 92.6 92.28 92.24 92.35 93.34 94.2 94.84 96.33 97.07 98.03 98.72 99.13 98.78 100.34 101.35 103.6 105.05 104.78 103.99 105.78 109.08 108.83 110.71 111.03 113.17 113.08 112.59 114.18 113.02
-9999 -9999 -9999 -9999 -9999 104 104.64 106.9375 -9999 109 111.4167 111.0704 112.4227 113.92 115.64 116.02 114.57 112.9 111.54 109.94 108.47 107.73 107.2 106.87 106.48 106.61 106.07 106.3 106.46 106.06 105.81 105.4 104.48 103.93 102.93 101.75 99.98 98.34 97.13 95.66 93.73 93.01 92.78 92.18 91.81 91.36 91.28 91.05 91.05 91.2 93.67 94.2 95.31 96.96 97.76 97.64 97.69 99.11 100.87 100.91 103.71 106.79 106.58 107.12 107.47 109.13 110.77 112.32 114.06 114.89 114.8 115.61 115.6 116.05
-9999 -9999 -9999 -9999 103 103.5455 -9999 106.6452 107.8864 110.1957 111.39 111.68 112.32 113.08 113.46 113.89 112.99 112.08 110.75 109.76 108.35 107.37 106.68 106.43 105.91 106.21 105.96 105.63 105.12 105.13 105.21 104.88 104.11 103.41 102 100.47 99.03 98.2 97.31 95.95 96.66 96.05 93.87 92.15 91.27 91 91 90.77 90.34 90.73 91.31 92.11 93.66 94.56 95.25 96.15 97.67 99.2 100.28 101.53 102.64 103.95 105.38 107.07 108.63 110.86 111.61 112.42 114.06 115.12 114.69 114.95 115.73 117.21
-9999 -9999 100.5556 101.8182 103 103.359 104.9286 107.09 109.66 112.16 113.2 113.81 114.87 114.85 113.51 112.56 111.84 111.73 110.05 108.34 107.25 106.27 105.77 105.31 105.16 105.27 105.18 104.7 104.08 104.9 105.85 105.73 103.61 101.95 101.66 100.79 100.31 99.31 99.24 98.55 97.79 98.3 97.45 95.27 93.47 91.72 89.93 88.66 88.45 88.83 89.07 90.4 91.17 92.31 93.95 95.77 97.32 100.5 102.53 102.96 103.9 105.6 106.36 107.68 108.68 110.65 111.31 111.88 112.78 114.03 114.93 115.11 115.92 116.04
96.13043 98.7 100.85 103.3913 103.3235 104.51 105.19 107.9 109.81 111.75 112.57 114.04 114.92 116.19 115.3 112.74 111.72 111.61 109.7 108.17 107.05 106.39 105.84 104.95 104.67 104.96 104.83 104.31 105.07 105.95 105.29 104.31 103.09 102.13 101.86 101.88 101.23 100.96 99.8 98.01 97.97 97.89 97.33 94.11 91.86 89.87 89.11 87.94 87.54 87.42 88.57 89.45 90.61 92.4 94.39 95.61 96.98 99.6 102.39 103.44 103.21 105.13 106.35 108.01 109.21 109.98 110.83 111.65 113.4 114.39 114.65 115.4 115.56 115.59
96.90323 104.129 106.9495 106.92 104.84 105.51 105.67 107.81 110.08 109.66 110.25 111.27 111.84 112.81 111.91 110.64 110.57 108.62 107.21 106.03 104.98 104.38 104.2 104.04 103.58 103.4 103.81 103.77 105.11 104.04 102.96 102.35 101.99 102.78 102.3 103.05 102.45 99.97 100.23 98.29 98.35 97.55 94.7 92.39 92.07 91.64 89.38 88.72 87.75 87.57 86.84 89.64 89.82 91.94 94.63 96.33 97.51 99.97 101 102.77 103.67 105.37 106.59 107.58 108.88 110.53 111.76 112.82 113.98 114.09 114.07 114.42 114.74 114.54
98.54166 105.96 110.33 108.87 105.89 104.76 105.72 105.73 106.65 107.65 108.6 108.35 109.06 110.05 108.06 107.82 107.59 107 105.47 104.9 103.64 103.15 102.53 102.94 103.04 103.13 103.91 103.78 103.3 103.41 103.08 102.59 102.53 102.02 101.83 103.9 102.53 99.33 98.65 96.98 95.83 95.05 93.29 91.85 90.99 89.51 87.86 87.62 86.98 86.33 86.46 88.85 90.17 92.8 94.1 94.86 96.72 98.59 100.07 102.28 103.32 104.49 106.66 108.43 110.44 111.6 111.79 112.21 113.53 114.9 114.68 114.98 114.61 114.22
99.54 103.1 104.9 104.73 105.18 105.3 105.17 104.86 104.15 104.95 105.19 105.73 105.91 105.66 105.8 106.21 107.18 106.29 106.02 105.38 103.02 104.74 104.27 101.98 102.72 103.77 103.75 103 102.31 102.34 102.36 100.94 102.22 101.97 99.27 99.36 100.08 98.38 96.95 95.08 93.74 92.6 90.99 89.83 88.77 87.9 87.11 87 86.61 86.19 86.71 88.37 89.94 91.79 93.84 96.46 97.26 97.94 99.69 101.11 103.25 104.87 106.88 108.12 110.27 111.05 112.13 112.14 112.63 113.37 114.46 114.69 113.58 113.84
98.85 101.2 102.41 103.67 105.29 105.6 107.04 107.93 105.98 103.98 104.67 104.66 104 104.27 105.22 104.64 105.28 106.34 106.29 105.53 103.1 102.98 103.74 102.34 102.41 102.35 102.25 101.61 100.78 100.72 100.64 100.28 99.43 98.82 98.28 97.5 96.74 96.04 94.39 93.51 92.43 91.1 90.13 89.74 88.24 87.53 87.51 87.04 87.06 87.24 88.47 88.74 90.59 91.68 93.94 95.02 96.62 98.47 100.42 102.44 103.56 105.1 106.86 107.22 108.86 110.24 111.12 111.61 111.76 111.88 113.35 114.01 113.3 113.19
97.94 102.27 104.24 105.19 105.84 106.48 106.55 105.72 104.54 104.65 103.04 103.52 102.02 102.29 103.98 104.62 104.12 104.19 104.24 105.29 104.71 104.23 103.64 102.62 103.36 102.71 101.07 100.85 100.03 99.36 99.33 98.7 98.99 97.75 96.69 95.33 95.11 94.39 92.93 92.47 92 91.02 89.4 87.96 87.71 87.87 88 87.64 87.26 87.83 88.72 89.63 90.97 91.76 93.89 95.45 97.23 99.55 100.43 102.47 103.47 104.78 106.77 107.15 109.05 109.98 110.34 111.54 112.16 111.55 113.57 113.5 113.27 112.45
98.75 101.38 103 103.48 104.19 103.88 103.43 103.35 102.47 101.96 101.37 102.3 100.4 100.49 101.53 101.66 102.1 101.98 101.96 102.66 102.72 102.82 102.12 101.31 101.39 100.71 99.26 98.77 98.69 98.21 98.13 97.79 96.82 96.11 95.12 94.22 93.23 92.21 91.24 91.07 91.07 90.16 88.99 88.14 88.07 87.91 87.99 88.04 88.09 88.71 89.81 90.45 91.47 92.34 94.32 96.66 97.71 99.33 100.41 101.99 103.16 104.77 106.26 107.28 109.65 110 110.61 111.41 111.5 111.61 112.93 112.09 111.33 111.07
97.6 99.96 101.21 101.53 101.9 101.24 102.02 102.3 100.95 100.11 99.83 99.92 99.05 97.98 98.9 99.29 99.64 100.06 101.33 101.34 101.13 100.28 100.31 100 99.94 99.1 98.38 96.92 96.73 96.15 95.88 95.63 94.86 93.99 93.8 93.44 91.83 91.13 90.98 90.05 89.24 89.07 88.52 88.14 88.08 88.56 88.26 88.6 88.53 90.06 90.69 93.22 94.97 94.58 95.27 96.17 98.02 98.77 100.78 101.96 102.98 104.85 106.58 107.76 109.24 109.94 110.01 110.63 112 112.04 112.03 111.57 110.85 110.19
96.15 97.67 99.38 99.89 100.15 99.79 99.82 99.84 99.65 100.38 99.84 98.5 97.74 97.48 98.56 98.73 98.79 99.26 99.65 99.23 99.73 99.46 98.91 98.24 97.62 97.49 96.1 96.09 95.6 94.64 93.95 93.71 93.37 93.17 93.09 93.19 91.27 90.58 90.06 89.9 89.42 88.46 88.12 88.1 88.39 88.87 89.32 89.46 89.74 90.86 91.57 94.15 95.11 95.04 96.69 97.51 98.01 98.58 100.38 101.48 102.85 104.95 106.47 108.24 109.37 110.08 111.2 111.19 111.03 111.37 111.83 112.14 110.54 110.14
93.85 95.75 96.85 97.38 98.03 98.26 99.9 101.61 99.88 99.3 99.73 98.98 98.26 97.78 97.76 97.1 97.13 97.03 97.3 97.43 98 97.35 97.13 96.34 95.53 95.46 94.82 95.09 94.01 92.34 92.1 92.89 92.78 92.94 92.34 91.47 91.22 89.72 89.06 88.66 88.62 88.23 88.05 88.02 88.09 89.33 91.66 92.54 91.98 91.87 93.9 95.13 95.38 95.99 98.01 97.85 98.58 98.99 99.78 101.08 102.69 104.87 105.97 107.94 109.45 111.13 111.69 110.99 110.99 111 111 110.98 110.55 110.01
92.2 94.1 95.4 95.94 96.42 98.95 101.76 103.88 100.7 99.75 99.03 98.26 97.83 96.41 95.62 95.43 95.13 94.7 94.55 94.83 94.73 94.32 93.78 93.37 93.63 92.76 92.08 91.9 91.49 91.25 91 91.56 91.8 92.72 91.92 89.74 89.38 89 88.51 88 88.05 88.34 88.85 88.93 89.16 90.41 91.34 93.61 93.47 93.51 94.65 95.46 97.19 98.76 99.37 98.68 98.04 98.95 99.6 100.69 102.19 103.75 105.02 106.46 107.94 109.33 110.36 110.56 110.85 111 111.16 112.35 111.58 110.54
90.79 92.44 94.05 94.16 95.08 96.96 99.02 99.05 98.16 98.95 98.25 97.23 96.97 95.27 94.93 94.06 93.3 92.88 92.2 91.83 91.55 91.57 91.27 91.02 90.77 90.13 90.04 89.42 88.95 89 88.88 89.93 90.42 90.31 90.78 89.22 88.43 88.17 88 88 88.51 90.31 91.05 91.69 90.63 91.18 92.07 93.36 94.18 94.43 95.75 95.35 97.81 98.3 97.72 97.01 97.59 99.11 99.93 100.21 101.73 103.26 104.59 105.58 106.19 108.12 108.85 109.76 110.65 111.16 111.8 113.31 113.31 113.38
89.18 90.8 91.65 93.71 94.05 94.89 95.59 95.42 95.76 95.94 95.68 95.88 95.3 94.57 94.23 92.24 90.8 90.5 90.07 89.63 89.38 89.12 88.96 88.64 88.13 87.72 87.65 87.68 87.23 86.93 87.18 87.39 87.57 88.56 89.95 89.04 88.22 87.29 87.09 87.7 89.13 89.88 89.72 90.35 91.23 92.01 93.64 94.49 93.65 94.53 95.8 96.98 97.34 96.91 96.43 96.81 97.91 99.16 100.26 101.45 102.59 103.11 104.18 105.39 106.02 106.86 108.83 109.9 110.35 111.69 112.11 113.58 114.31 113.69
88.22 88.86 89.46 90.59 92.68 93.55 93.2 93.55 94.16 94.24 93.39 93.17 92.68 92.77 91.36 89.33 90.44 88.21 87.46 87.03 86.53 86.07 85.96 86.09 85.83 85.7 85.67 85.59 85.56 85.61 85.5 86.12 86.76 87.77 88.21 88.39 87.92 86.24 86.03 86.75 87.69 88.3 89.64 90.23 92.68 92.98 93.1 94.38 94.64 95.04 95.75 96.11 96.89 96.88 96.5 98.84 100.65 100.71 100.79 102.27 103.06 103.92 106.34 106.86 106.27 106.45 109.18 110 110.11 111.56 112.05 113.21 114.44 113.53
