taller 1/variables/bioclim11.asc
ncols         720
nrows         300
xllcorner     -30.008325510658
yllcorner     30.991671412252
cellsize      0.083333337679505
NODATA_value  -9999
[rows 34 to 67 of 300, columns 456 to 531 of 720]
13.55 13.59 13.66 13.25 12.7 12.51 12.66 12.96 12.27 12 11.7 11.01 10.49 9.59 8.73 8.07 7.53 7.18 6.69 6 4.86 3.33 2.45 1.96 2.17 2.09 1.91 0.28 0.98 2.11 2.79 2.21 1.92 1.65 1.22 2.23 4.53 5.99 5.67 5.89 5.78 5.73 5.05 4.94 5.44 4.84 4.22 3.91 3.48 1.96 1.34 1.08 1.36 1.24 1.03 0.18 -0.75 -1.04 -0.96 -1.49 -2.08 -2.49 -2.52 -2.47 -2.43 -2.96 -3.66 -4.36 -4.87 -5.07 -5.35 -5.18 -4.63 -5.07 -5.08 -5.6
12.33 12.04 11.81 11.59 11.38 11.05 11.16 11.96 12 12.54 12.01 11.58 10.35 9.95 9.58 8.2 7.53 7.33 7.02 6.2 4.58 3.64 3.56 2.33 2.55 2.25 1.82 1.78 2.2 1.86 2.41 3.36 3.19 2.89 1.86 2.88 4.96 6.03 6.01 5.85 5.7 5.57 6 5.95 5.91 5.69 5.05 4.57 3.82 2.94 2.51 2.27 2.87 2.09 1.62 0.68 -0.41 -0.9 -0.6 -0.56 -1.19 -1.26 -1.16 -1.33 -2.06 -2.66 -3.52 -4.5 -5.06 -5.32 -5.85 -5.37 -5.36 -6.27 -6.32 -6.03
11.16 10.6 9.76 9.99 10.28 10.36 10.36 11.03 11.5 11.62 11.64 11.99 11.42 10.92 10.27 8.58 7.97 7.26 6.62 5.78 5.09 4.91 4.73 4.37 3.9 3.57 2.95 2.45 2.81 3.01 3.56 3.91 3.61 3.62 2.65 4.47 5.72 6.16 6.17 6.03 6 5.83 5.96 6 6 6 5.85 5.38 4.65 4.02 3.41 3.17 2.99 2.83 2.54 1.79 1.61 1.2 0.61 0.19 -0.38 -0.94 -1.36 -1.55 -1.61 -2.54 -3.55 -4.08 -4.61 -5.23 -5.76 -5.28 -5.88 -4.91 -6.44 -9.45
9.77 8.89 7.94 8.59 9.3 10.34 10.12 10.35 11.03 10.85 10.58 11.63 11.56 11 10.94 10.08 9.3 8.07 6.98 7.28 6.2 5.48 4.11 4.99 4.71 4.98 3.72 2.68 2.06 2.74 3.27 3.15 4.04 3.51 4.61 5.59 5.78 6.47 6.64 6.5 6.55 6.19 5.72 5.96 5.36 5.99 5.99 5.99 5.02 4.09 4.05 4.31 3.97 3.5 3.04 2.84 2.32 1.96 1.14 0.88 -0.37 -0.8 -0.62 -0.79 -1.07 -1.62 -2.26 -2.91 -3.05 -3.75 -4.22 -4.67 -5.01 -4.98 -6.75 -8.83
10.16 9.57 9.05 8.99 9.41 10.38 10.53 10.52 10.98 10.38 10.16 10.24 10.57 11.29 10.98 10.65 10.12 9.77 9.53 9.12 7.46 7.04 6.7 6.48 6.51 5.9 4.48 4 3.33 2.54 2.63 3.87 4.36 3.97 4.91 5.74 5.71 6.15 6.81 6.03 5.9 6.44 6.7 6.6 5.96 6.04 6 6 5.44 5 5 4.99 4.87 4.13 3.65 3.74 2.92 2.27 2.05 1.9 1.14 0.51 -0.04 -0.7 -1.38 -1.93 -2.67 -2.6 -3.29 -4.41 -5.47 -6.34 -5.28 -4.33 -5.02 -7.38
11.39 10.97 10.68 10.16 10.4 10.97 11.41 11.22 11.43 11.36 11.2 11.49 10.63 10.82 11.92 11.15 10.66 10.33 10.06 9.93 9.64 9.21 8.77 8.42 7.94 6.82 6.17 5.8 5.6 4.62 4.28 4.88 5.14 4.6 4.73 5.12 6.3 6.6 6.51 6.41 6.56 6.08 6.68 6.36 6 5.98 5.98 5.79 5.57 4.76 5.34 5.18 4.42 4.34 3.78 3.44 3.09 3 2.69 1.65 0.66 0.31 0.32 -0.88 -1.71 -2.46 -3.3 -3.35 -3.9 -4.86 -6.26 -7.78 -7.48 -5.63 -5.13 -6.52
12.23 11.94 11.09 10.79 11.08 11.63 11.71 12.24 12.54 12.7 12.76 12.81 11.7 11.99 12.01 11.02 10.27 10.3 10.5 9.95 9.68 9.39 9.69 9.52 9.41 8.83 8.08 7.37 6.87 6.55 6.46 6.51 5.54 4.85 5.21 5.39 5.41 5.56 4.52 5.08 6.9 6.82 6.55 6.25 6.07 6.22 5.95 5.71 5.8 5.12 4.61 4.94 5.02 4.62 4.38 4.1 3.43 3.16 3 2.5 1.68 1.06 0.76 -0.36 -0.97 -1.37 -2.15 -2.93 -3.45 -4.24 -5.56 -6.31 -6.5 -6.14 -5.7 -6.73
13.2 11.11 10.35 11.73 12.06 12.48 12.77 13.2 13.42 13.01 12.78 13.23 13.03 12.91 12.35 11.45 10.36 10.81 10.71 9.7 8.87 9.94 9.94 9.79 9.93 9.56 8.93 8.28 7.93 7.61 7.35 7.36 6.3 6.53 6.37 6.66 6.89 6.86 6.47 5.36 6.47 5.87 4.61 4.67 5.79 5.99 6.27 6.24 5.93 5.98 5.45 5.54 5.39 4.89 4.58 4.01 3.61 3.59 3.08 2.9 2.25 1.76 0.92 0.42 -0.2 -0.66 -0.9 -1.46 -2.04 -2.75 -3.33 -4.1 -5.03 -5.74 -7.17 -8.42
14.34 13.88 13.79 13.99 13.06 12.51 13.82 14 14 13.85 13.97 14 13.61 12.58 11.63 12.11 11.8 11.16 10.86 10.47 9.94 9.97 9.75 9.59 9.71 9.06 8.98 8.5 8.18 7.95 7.95 7.96 7.6 7.32 7.16 7.22 7.4 7.56 7.02 6.86 6.21 5.61 5.12 4.38 5.12 6.83 6.34 6.28 6.03 6 6 5.92 5.86 5.23 4.8 4.82 4.57 4.04 3.62 3.16 2.64 1.85 1.05 0.43 0.16 0.1 0.12 -0.32 -0.78 -1.41 -1.83 -2.5 -4 -5.44 -6.98 -8.91
13.83 12.34 13.62 14.9 14.74 14.77 14.77 14.5 14.64 14.59 14.06 14.27 13.91 13.3 12.74 11.98 11.8 11.72 10.92 10.25 10.14 9.8 9.6 9.89 9.76 8.93 8.78 8.14 8.46 7.88 7.5 7.2 6.87 6.23 5.5 6.15 6.76 6.47 5.79 5.85 7.12 5.77 5.51 5.06 6.05 6.83 6.5 6.77 6.07 6 5.99 5.82 5.57 5.36 5.14 4.67 4.73 3.86 3.29 3.82 2.71 2.65 2.02 1.47 0.96 0.79 0.37 0.17 -0.18 -0.56 -0.83 -1.61 -2.65 -3.52 -5.21 -7.53
15.75 14.79 14.13 12.56 12.44 12.94 13.33 12.26 13.24 14.04 14.58 15.15 14.28 11.95 7.15 8.21 9.73 4.93 7.88 9.46 10.04 10 9.15 9.02 8.89 8.63 8.69 8.26 8.09 7.93 7.92 7.64 6.76 6.16 6.11 5.26 4.74 4.96 3.47 4.46 6.57 6.33 6.65 6.76 7.04 6.95 6.89 6.4 5.9 5.72 5.86 5.77 5.52 5.19 5.42 4.55 4.05 3.77 3.03 2.8 3.19 3.03 2.57 2.21 1.78 1.56 1.25 0.79 0.38 0.31 0.06 -0.56 -2.17 -3.67 -4.77 -6.22
13.71 13.72 14.42 15.78 14.85 15.17 15.71 15.27 15.49 14.53 14.91 13.9 13.81 12.51 10.63 6.88 4.17 7.26 4.89 7.71 9.46 9.87 9.23 8.9 8.43 8.27 7.67 7.8 7.86 7.79 7.83 7.75 5.09 0.33 3.35 5.42 5.01 3.97 4.39 4.71 5.14 4.74 6.56 7.74 7.81 6.59 5.96 5.98 5.47 4.82 4.5 3.82 3.69 2.51 2.32 4.16 4.81 4.51 4.14 4.22 3.81 3.73 3.26 2.78 2.49 2.02 0.9 1.13 1.04 0.94 0.59 0.06 -0.74 -2.77 -3.51 -5.14
17.69 16.44 14.99 13.83 14.98 15.33 15.11 15.9 15.04 12.78 9.81 9.75 9.2 8.04 7.8 11.16 10.54 9.93 6.54 5.08 8.81 8.69 4.68 6.91 6.65 5.68 6.21 5.76 6.11 7.12 6.7 7.8 6.98 7.32 5.47 6.16 7.13 5.32 3.66 4.05 5.16 5.01 6.05 7.22 8 7.54 6.97 6.44 5.58 5.08 4.26 3.17 1.97 0.73 0.84 3.04 3.97 3.74 4.33 4.26 3.76 3.61 3.65 2.94 2.56 2.22 1.51 1.44 1.63 1.34 1.17 0.56 -0.01 -1.11 -2.28 -4.43
19.58 19.4 19.31 18.37 16.34 14.76 15.5 16.68 16.21 16.41 14.38 10.82 9.16 6.8 9.15 8.5 11.32 10.56 7.82 4.95 5.21 7.29 2.18 3.7 4.48 5.5 3.08 4.56 3.96 5.94 7.49 8.28 6.3 8.12 8.15 7.91 8.44 8.09 7.16 6.82 6.8 6.19 6.73 7.03 7.82 7.93 7.67 6.17 5.78 6.02 5.23 4.19 2.77 1.29 1.28 1.61 2.02 1.38 2.04 2.49 2.98 3.57 2.78 2.41 1.52 1.12 1.49 1.86 1.9 1 1.64 1.22 0.29 -0.61 -1.85 -3.61
20.2 20.4 20.06 20.18 19.29 18.11 15.94 14.23 13.27 14.13 13.68 11.66 11.4 9.53 8.87 7.86 4.03 7.76 6.18 4.59 1.14 4.22 4.54 2.1 1.76 4.02 1 -0.93 1.92 1.66 4.94 6.14 6.01 6.89 5.17 4.7 5.36 7.06 8.09 6.77 7.58 7.94 7.17 6.34 7.45 8 8 7.76 7.18 6.9 5.89 5.58 4.51 2.99 1.98 1.59 1.56 2.66 2.55 2.91 2.97 2.86 2.05 1.27 0.42 0.15 1.09 2.77 2.45 1.93 1.98 1.66 0.58 -0.45 -2.02 -3.38
19.38 19.6 19.99 20.17 19.89 19.3 18.46 17.54 16.01 12.65 7.4 8.95 11.78 12 7.33 5.67 6.26 10.48 5.61 1.68 2.17 2.11 1.98 4.44 3.48 1.81 -2.88 -10.4 -12.9 -10.48 -10.08 -8.89 -1.11 3.9 4.67 5.94 6.49 7.22 7.2 5.03 4.79 5.63 7.89 8.22 7.96 8.25 8.24 8.15 7.79 7.55 7.33 6.79 6.42 5.59 5.14 4.92 4.42 4.35 4 3.85 3.43 3.11 2.76 2.53 2.34 2.06 1.12 2.18 2.62 2.45 2.11 2 1.34 0.26 -1.29 -2.35
18.21 17.76 18.33 19.58 19.95 19.66 19.07 18.46 18.05 16.82 11.44 5.14 9.15 8.76 8.88 5.36 9.7 6.34 -4.02 -3.51 3.48 4.16 6.37 4.89 2.72 0.76 0.29 -11.13 -14.63 -18.56 -23.93 -25.19 -16.87 -10.21 -8.83 -0.46 5.11 6.44 6.41 6.08 6.48 6.08 6.33 7.54 8.4 8.51 7.99 7.96 7.6 7.24 6.97 6.97 6.4 5.73 5.05 5.28 5.06 5 4.93 4.33 3.93 3.94 3.93 3.2 1.91 1.19 0.52 1.04 2.5 2.62 2.18 1.45 0.99 0.42 -0.41 -1.68
19.15 19.44 19.68 19.95 19.92 19.47 18.97 18.22 16.98 13.93 8.27 5.07 8.17 10.24 10.78 8.16 10.99 1.76 0.57 -0.34 -1.91 -1.33 2.48 5.35 2.66 2.8 1.22 -1.52 -11.84 -15.26 -17.08 -17.59 -14.55 -12.04 -10.76 -8.12 -8.88 -4.06 -1.27 0.79 2.82 3.77 4.98 5.57 8.13 8.61 8.29 7.57 7.12 7 6.95 6.89 5.76 4.94 2.37 1.89 2.88 3.94 4.95 4.69 3.99 3.89 3.92 3.77 3.04 2.57 2.49 2.27 1.39 0.35 0.11 -0.52 0.74 0.25 -0.63 -1.74
19.97 19.62 19.19 18.69 17.85 16.26 14.93 13.65 11.22 10 7.18 4.17 7.11 9.6 7.48 6.93 7.2 8.88 7.15 5.32 2.07 0.73 4.04 2.35 -1.58 2.23 3.08 1.64 -1.36 -5.48 -10.11 -7.04 -9.15 -10.71 -13.18 -10.37 -7.99 -6.25 -4.83 -1.87 -0.48 1.47 2.94 4.29 5.78 6.81 5.68 6.53 7.32 7.06 6.99 6.84 6.66 5.63 4.83 3.7 2.69 2.66 3.13 3.95 3.98 3.95 3.84 3.77 3.37 1.9 2.84 2.44 1.99 0.86 0.51 -0.11 0.01 -0.95 -1.84 -1.91
15.98 14.38 12.87 11.22 9.2 6.99 7.49 6.05 4.72 3.87 3.28 5.34 8.08 10.07 10.36 9.17 8.57 6.68 1.05 3.97 1.26 -0.25 2.37 1.64 -3.51 0.47 2.42 0.61 -1.48 -2.55 -0.51 0.61 0.74 1.48 -2.05 -2.42 -6.31 -5.71 -3.94 -2.45 -1.03 0.05 4.06 4.98 4.52 6.78 7.52 7.42 6.73 6.99 6.92 6.28 5.9 5.27 4.85 4.67 4.04 3.28 3.63 3.66 3.96 3.95 3.93 3.92 3.95 3.23 2.68 2.81 2.63 1.72 0.61 0.6 0.57 -0.26 -1.07 -2.05
11.38 8.05 6.01 4.07 3.97 1.43 0.06 1.79 -1.36 1.2 3.8 5.01 7.47 9.92 7.21 7.51 7.86 6.42 -0.1 3.69 2.42 -2.26 1.29 1.09 -2.26 -2.55 -2.86 -3.04 -8.36 -5.56 -3.69 -1.19 0.29 1.81 2.44 3.54 2.55 3.27 4.8 5.94 4.5 4.14 3.11 5.21 7.76 7.69 7.62 8.45 7.88 6.68 6.05 5.67 4.9 3.67 3.1 3.77 3.37 2.2 2.03 1.6 0.34 2.11 3.88 3.88 3.99 3.94 3.68 3.64 3.8 2.99 2.24 1.32 -0.19 -0.96 -1.27 -1.58
7.23 6.03 5.4 1.13 -0.98 -1.04 -5.11 -6.02 -3.66 -0.68 -0.53 3.03 6.16 7.21 5.27 3 2.12 6.77 7.34 2.87 -2.47 3.09 0.31 -0.27 -3.08 -4.54 -6.57 -7.3 -5.87 -5.2 -8.71 -8.63 -6.89 -4.89 -2.12 -0.42 2.28 1.06 5.95 7.06 6.86 1.16 3.21 4.41 4.79 6.28 7.46 8.01 8.42 7.5 6.53 5.63 4.19 3.24 2.78 2.17 2.86 1.87 1.18 0.65 0.99 1.87 3.01 3.9 3.94 3.54 2.79 2.74 2.35 2.28 1.72 0.37 -0.68 -2.23 -1.87 -2.09
0.31 -0.82 1.64 -1.02 -5.66 -7.7 -12.3 -15.28 -7.82 -4.89 0.44 2.5 0.83 1 3.47 0.65 -1.17 8.37 8.15 1.96 -4.76 -6.74 -1.84 0.31 -4.26 -5.75 -7.53 -8.49 -5.44 -5.8 -6.82 -3.77 -2.21 -1.39 -1.51 -1.82 1.21 3.46 5.91 2.09 3.48 6.37 4.68 6.19 4.28 5.1 7.85 7.47 7.51 6.71 5.84 5.09 4.13 2.5 2.38 2.17 1.1 1.54 -0.2 -0.74 -0.75 1.44 2.02 2.61 3.21 2.51 2.78 2.67 2.26 0.71 0.03 -1.55 -3.61 -2.94 -3.05 -3.45
0.89 -0.97 0.2 -3.68 -11.53 -15.25 -14.78 -11.2 -2.91 -1.47 0.23 1.77 3.25 3.33 3.33 6.36 6.19 8.15 2.6 -3.5 -5.13 -5.41 -7.68 0.1 1.24 -0.31 -4.08 -9.5 -6.2 -0.12 0.91 -0.21 -2.62 -2.19 0.24 3.28 4.32 5.74 5.92 3.78 0.62 1.18 1.87 3.49 5.04 5.89 6.58 6.14 5.59 5.25 4.53 4.68 3.51 2.84 1.55 1.17 0.35 0.21 -1.21 -2.02 -2.2 -0.84 -0.62 -0.2 0.8 1.19 1.56 0.53 1.48 0.48 -1.44 -5.66 -7.66 -8.51 -6.54 -5.95
4.26 -0.24 -6.49 -6.68 -11.87 -12.5 -13.99 -6.11 -1.72 0.8 2.05 -3.87 -1.9 3.08 4.32 7.9 8.29 5.11 3.98 -0.58 -2.7 -4.65 -2 -0.5 -3.84 -4.17 -2.34 -3.3 -6.11 -3.17 -0.59 0.81 0.53 0.74 2.7 3.96 4.29 4.68 3.41 4.63 4.35 4.33 3.89 4.64 4.72 3.76 5.39 2.54 3.11 3.3 4.34 3.21 2.71 2.2 1.32 0.17 -1.83 -0.91 -3.02 -4.59 -2.94 -2.83 -4.44 -3.01 -3.34 -2.51 -0.51 0.83 0.69 -1.06 -4.26 -6.53 -8.61 -10.17 -11.07 -11.57
-2.82 -3.98 -9.99 -7.13 -5.98 -7.46 -5.5 -1.4 0.91 2.06 -0.3 -0.39 -5.73 -1.74 5.72 7.46 6.1 0.54 -0.8 0.72 0.57 -1.83 -2.42 -3.59 -4.84 -3.38 -1.59 -2.15 -3.03 -7.12 -4.69 -3.79 -2.68 -4.69 -2.24 0.91 2.82 3.05 1.46 -0.91 1.59 3.53 4.66 1.96 3.91 0.34 2.18 -0.46 0.87 1.4 0.5 0.39 0.56 0.89 -0.01 -1.97 -3.82 -2.36 -4.51 -6.01 -5.7 -6.45 -6.89 -7.39 -6.92 -7.42 -7.57 -5.8 -1.49 0.09 -4.63 -7.62 -9.14 -12.53 -15.16 -17.44
4.26 0.45 -9 -7.52 -6.04 -4.45 -4.92 -0.35 4.87 1.23 2 3.38 -0.43 0.96 5.1 3.45 -1.77 -5.56 -5.35 -4.6 -2.41 1.57 -2.38 -4.24 -0.36 -0.56 -2.69 -4 -4.32 -4.44 -4.74 -5.65 -4.54 -3.94 -4.08 -3.14 -2.05 -3.09 -4.69 -2.09 0.56 -0.25 -1.26 3.14 1.03 -0.99 -1.97 -0.69 -0.05 -2.05 -2.44 -2.49 -1.21 -1.1 -2.24 -3.38 -4.4 -4.82 -6.62 -7.77 -7.93 -10.11 -10.84 -12.06 -11.76 -13.41 -13.56 -11.23 -11.86 -8.6 -5.54 -5.61 -9.19 -9.92 -12.24 -14.59
5.21 2.4 -3.15 -7.95 -4.02 -2.14 0.47 1.34 3.7 5.26 4.55 4.03 2.19 2.98 3.36 3.46 -2.15 -6.28 -4.14 -2.3 0.73 -2.19 -5.49 -2.49 -2.1 -3 -2.81 -5.8 -14.17 -14.65 -12.66 -8.36 -7.28 -7.46 -5.04 -2.89 -4.15 -7.95 -6.23 -4.59 -7.14 -4.69 -2.53 3.92 1.86 -1.51 -4.26 -3.04 -1.24 -1.95 -4.28 -3.27 -3.4 -3.26 -4.25 -5.56 -7.86 -9.85 -8.71 -9.25 -9.48 -12.53 -15.62 -17.21 -17.12 -18.04 -19.96 -20.35 -20.4 -18.15 -18.13 -17.74 -18.35 -17.38 -14.46 -15.01
2.37 -2.04 0.75 0.2 -2.7 -5.59 -0.5 3 4.57 4.3 5.8 6.08 3.01 0.79 0.96 2.38 -1.97 -3.63 -1.39 -0.45 -1.91 -3.75 -4.59 -2.68 -5.79 -5.71 -4.92 -3.48 -5.81 -12.8 -18.36 -16.47 -16.42 -13.24 -10.9 -10.32 -8.21 -8.81 -8.24 -7.3 -6.91 -3.19 1.88 -0.5 -3.52 -4.28 -5.55 -5.19 -3.77 -3.78 -5.75 -6.54 -4.8 -5.63 -5.57 -7.88 -9.87 -11.13 -10.84 -12.55 -14.82 -14.57 -17.07 -20.52 -22.12 -22.79 -26.77 -29.93 -32.05 -29.7 -29.99 -29.78 -26.22 -22.12 -13.3 -16.68
-7.37 -6.14 -1.76 5.04 2.31 1.62 1.11 4.16 6.48 3.98 1.39 0.33 2.18 0.35 -1.26 -1.8 -3.44 -3.21 -1.51 -1.58 -3.02 -3.43 -6.59 -4.36 -11.32 -9.18 -9.52 -7.46 -4.95 -9.02 -12.96 -20.08 -24.25 -20.49 -16.51 -13.19 -11.45 -9.44 -8.27 -4.35 -0.41 -2.7 -2.12 -1.45 -5.92 -10.03 -9.17 -7.95 -7.73 -7.57 -7.39 -8.92 -7.36 -7.91 -7.97 -11.26 -13.36 -15.85 -17.71 -18.7 -16.57 -21.58 -20.77 -21.43 -25.79 -27.89 -31.73 -35.13 -35.31 -30.23 -26.84 -19.26 -20.51 -19.53 -17.04 -22.6
-3.27 -6.63 -3.96 2.14 6.33 5 4.49 6.35 7.83 4.33 2.63 2.42 1.98 -1.54 -6.56 -6.86 -3.55 -2.78 -1.87 -2.77 -4.73 -3.92 -7.61 -9.68 -11.11 -12.93 -12.65 -9.92 -6.12 -10.98 -10.03 -13.21 -16.64 -23.54 -22.71 -21.29 -17.69 -14.26 -13.3 -16 -5.72 -6.04 -8.57 -9.91 -10.57 -12.27 -11.81 -11.22 -12.48 -10.14 -8.93 -10.61 -12.37 -12.65 -12.34 -14.71 -14.44 -20.87 -24.53 -22.59 -20.45 -23.54 -27.96 -29.91 -28.7 -31.36 -30.08 -25.96 -19.02 -15.04 -16.21 -16.49 -18.33 -25.43 -21.39 -21.99
5.81 3.3 4.78 8.99 8.38 8.56 6.5 8.81 7.07 5.94 7.27 7.09 3.34 -3.2 -12 -11.37 -5.94 -4.13 -4.06 -3.06 -2.86 -5.75 -11.06 -13.97 -16.14 -13.82 -9.22 -8.52 -8.57 -7.58 -9.33 -11.17 -13.59 -13.69 -19.11 -22.1 -19.8 -22.43 -21.49 -17.3 -12.06 -13.11 -15.55 -15.74 -11.75 -14.68 -16.57 -15.63 -14.65 -11.74 -11.03 -13.5 -15.27 -18.68 -21.34 -19.96 -23 -19.63 -22.93 -25.22 -26.65 -29.06 -32.68 -32.72 -30.43 -24.94 -12.95 -14.63 -15.62 -19.19 -30.09 -27.49 -15.94 -14 -11.21 -11.26
12.24 9.79 8.86 8.9 6.01 3.96 1.76 3.79 8.73 8.43 10.38 9.55 6.94 2.16 -4.07 -7.61 -6.08 -6.76 -4.76 -2.82 -4.79 -7.1 -12.01 -16.76 -17.45 -9.21 -6.39 -5.42 -7.28 -7.91 -8.87 -10.91 -11.58 -12.82 -13.97 -18.04 -21.74 -23.22 -19.76 -20.06 -17.45 -19.39 -18.9 -17.55 -14.09 -16.74 -20.09 -19.17 -13.54 -12.18 -14.63 -18.33 -23.19 -25.8 -28.04 -31.16 -29.76 -30.33 -33.1 -34.56 -33.03 -31.63 -28.91 -23.64 -18.2 -15.69 -14.7 -15.28 -15.09 -21.18 -21.69 -17.15 -13.01 -10.99 -9.15 -7.98
12.88 11.8 10.73 4.67 2.31 0.98 0.08 3.7 8.82 11.48 12.7 10.4 8.07 3.45 0.19 -0.12 -1.76 -2.25 -1.14 -5.45 -8.11 -9.95 -14.25 -14.97 -9.57 -6.26 -3.2 -3.25 -5.72 -5.54 -5.67 -7.94 -8.16 -9.9 -11.86 -13.82 -12.33 -12.32 -13.29 -12.45 -14.38 -16.17 -16.5 -18.31 -16.32 -18.98 -17.84 -18.95 -17.86 -18.46 -16.59 -18.83 -25.98 -25.82 -29.05 -32.81 -31.55 -34.03 -33.32 -30.88 -27.12 -21.41 -19.09 -16.14 -14 -13.53 -13.72 -13.64 -12.66 -13.63 -14.19 -16 -16.63 -13.18 -11.59 -10.05
