taller 1/variables/bioclim14.asc
ncols         720
nrows         300
xllcorner     -30.008325510658
yllcorner     30.991671412252
cellsize      0.083333337679505
NODATA_value  -9999
[rows 136 to 169 of 300, columns 380 to 455 of 720]
52.59 50.75 49.55 48.3 47.82 46.98 46.49 47.08 48.22 49.28 48.07 47.82 48.17 48.27 49.2 54.31 55.94 54.17 51.11 45.93 46.28 48.74 54.18 54.91 52.37 55.01 52.08 50.93 55.45 54.7 50.83 45.09 41.22 41.49 45.87 45.9 40.59 38.43 39.78 40.29 43.92 47.85 56.13 51.28 57.3 50.85 57.21 61.9 59.01 67.72 68.18 72.75 65.82 56.01 62.06 80.37 82 80.85 59.73 73.45 79.71 95.38 95.29 102.05 78.65 82.61 68.57 53.39 42.88 39.77 37.34 36.21 35.14 33.96 32.45 32.15
49.9 49.11 49.21 47.81 47.22 47.39 48.17 46.13 46.1 46.24 47.49 47.29 45.18 44.96 45.04 46.83 50.65 52.75 47.44 42.39 44.17 45.69 46.25 48.69 52.01 54.85 51.51 48.33 50.61 46.72 42.51 39.69 38.11 39.07 40.96 38.22 35.88 36.44 38.42 41.03 45.2 47.13 51.19 51.64 55.46 55.2 54.25 57.07 53.1 52 54.4 58.79 49.74 48.93 51.66 51.88 52.62 53.33 60.03 81.82 85.68 82.53 97.5 90.55 80.9 66.28 59.2 53.85 46.52 38.85 35.91 34.58 33.38 32.57 31.25 31.26
48.73 47.99 47.75 48.55 48.34 49.42 49.74 49.17 48.95 46.17 48.07 47.97 47.55 46.62 45.49 44.01 43.93 43.92 43.09 44.4 44.82 46.1 47.3 55.53 59.17 57.71 52.56 46.47 44.63 39.75 37.37 36.02 35.83 38.04 40.04 37.18 34.46 36.04 37.93 38.81 41.86 49.24 47.5 49.55 47.65 51.86 53.23 56.19 49.21 48.36 56.2 50.53 45.12 50.08 48.35 49.88 55.81 67.77 77.29 84.51 75.45 72.79 82.68 78.36 68.29 67.81 60.02 46.49 39.83 36.01 34.53 33.29 32.1 31.16 29.91 31.11
49.07 49.7 49.23 48.79 47.5 50.02 50.15 50.64 50.55 49.02 48.39 47.71 48.9 49.13 47.37 45.7 45.72 46.28 46.43 46.17 45.82 47.41 46.33 47.87 51.98 56.78 58.64 44.32 43.88 37.74 34.89 35.85 35.42 37.02 37.39 34.47 31.82 33.61 34.07 34.76 37.76 39.63 41.5 42.92 47.12 45.32 47.54 50.49 48.62 45.14 45.01 43.14 48.01 53.19 52.38 55.3 58.86 66.56 68.72 59.57 65.89 80.2 83.53 77.01 72.18 74.97 64.71 53.36 44.25 36.43 33.76 32.5 31.98 31.15 31.19 30.81
48.81 48.83 48.79 48.03 47.9 49.62 51.98 51.17 50.87 52.02 50.07 48.9 50.81 50.86 50.41 49.99 47.79 46.7 46.69 47.42 48.73 50.05 51.58 47.85 50.78 50.96 43.87 39.94 38.45 35.67 34.3 33.14 34.23 34.69 33.47 30.97 30.39 31.47 31.4 32.91 34.08 35.9 40.03 41.23 45.22 47.07 50.35 48.35 45.75 44.07 40.13 40.63 44.68 52.87 60.83 56.73 54.77 65.96 77.36 69.9 78.57 81.67 69.66 76.11 74.23 62.21 58.03 52.56 42.81 42.02 39.45 45.49 39.21 40.92 38.47 40.05
47.67 47.14 45.91 46.37 45.94 47.22 46.55 45.88 46.84 46.92 47.2 49.99 51.84 51.89 52.35 49.24 45.67 42.64 44.91 48.12 49.8 50.6 52.34 48.45 43.73 40.23 40.73 38.68 35.2 34.64 32.33 33.5 34.46 31.9 31.26 30.43 29.33 29.66 29.64 30.12 33.33 34 40.7 46.72 44.17 45.14 47.56 46.18 47.31 46.76 39.32 38.99 42.55 47.56 49.45 47.38 46.17 52.95 70.11 61.09 71.52 68.21 70.29 60.79 63.08 69.48 77.87 71.02 58.86 59.36 49.61 56.74 61.71 64.25 52.17 44.36
46.4 46.43 44.62 43.55 44.86 44.74 43.82 44.95 44.48 44.85 46.54 49.15 50.67 50.05 50.2 43.36 41.59 42.95 44.8 46.14 48.34 52.59 57.87 48.11 41.71 38.93 35.75 34.99 33.13 31 31.52 33.62 33.01 32.01 30.77 29.02 27.66 27.42 27.4 27.46 28.9 30.88 34.33 45.1 46.28 42.6 46.54 49.39 48.04 50.52 45.63 38.45 38.48 41.02 41.1 39.35 48 56.36 53.12 58.65 70.42 52.37 48.19 60.53 57.23 48.94 66.67 65.06 72.69 74.48 57.72 48.68 57.17 44.44 40.01 37.86
45.99 46.69 44.41 43.08 42.92 42.12 41.64 43.61 43.92 43.82 43.57 43.83 42.94 40.36 41.72 39.87 42.47 45.45 46.35 42.97 44.16 51.4 51.88 42.26 36.68 40.77 34.88 32.22 30.14 29.5 29.38 30 29.37 29.01 29.8 29.54 27.66 26.11 25.77 25.34 25.85 27.38 29.9 36.25 40.26 43.49 41 40.1 38.22 38.33 36.1 33.89 35.66 35.59 36.4 41.23 42.38 46.97 48.47 48.62 52.47 45.69 43.4 49.45 48.65 36.2 46.97 42.56 51.24 59.54 43.63 40.97 44.71 41.32 31.05 25.24
44.12 43.55 42.52 40.83 40.27 39.34 38.78 40.3 40.51 40.34 40.83 42.01 38.81 37.55 38.91 40.96 42.59 45.08 43.95 43.89 43.91 42.03 39.52 35.85 32.59 33.95 31 29.65 28.68 28.79 28.29 27.31 27.67 27.48 26.48 26.5 25.96 24.66 24.22 24.32 24.3 28.43 31.89 30.68 32.08 35.79 37.07 34.46 34.33 32.4 30.8 31.7 33.88 34.27 35.84 42.3 39.03 41.69 41.18 43.48 37.93 34.91 34.86 34.1 33.76 31.31 32.63 32.19 39.65 40.32 31.76 33.82 31.46 30.93 28.68 22
42.8 41.22 40.25 40.11 39.38 39.4 39.02 40.46 42.81 44.76 45.59 41.64 40.15 38.21 37.4 40.18 40.19 41 42.53 42.96 42.29 39.95 37.34 35.62 30.69 31.18 30.47 29.06 27.15 27.69 27.71 27.55 26.73 25.77 25.03 23.85 23.87 23.21 23.12 22.91 22.81 23.93 24.42 24.98 27.01 29.03 29.67 30 30.88 29.39 27.35 30.04 31.15 32.12 35.02 44.99 43.97 39.91 37.48 45.8 40.82 37.55 32.84 32.32 29.67 29.27 26.22 29.11 29.71 27.8 25.06 22.14 25.16 23.7 21.06742 18.98507
40.76 40.48 40.86 40.25 39.07 38.49 38.4 40.51 42.76 44.71 46.36 46.29 43.22 44.79 44.92 40.68 41.13 38.2 39.65 37.53 36.82 38.47 36.92 30.83 30.68 29.54 28.19 27.48 26.26 25.84 25.48 24.9 24.33 24.33 23.43 22.57 22.35 22.84 23.08 22.28 22.46 24.42 26.23 26.24 26.54 28.92 28.34 27.74 26.62 24.4 26.15 27.47 28.62 29.18 28.62 36.34 36.76 34.17 35.18 36.9 38.77 40.71 38.42 35.42 34.73 29.3 21.12 23.14 22.19 24.63095 22.31818 19.21053 20.4375 19 -9999 -9999
42.39 40.44 39.63 39.87 40 38.22 37.65 39.56 42.35 43.44 45.04 48.98 52.32 49.65 48.97 44.24 41.3 35.63 33.94 32.86 29.26 28.92 28.13 28.32 28.48 27.57 26.18 25.93 25.08 24.24 23.66 23.71 23.54 22.62 21.73 21.35 21.17 20.9 21.09 21.98 21.11 21.28 21.52 22.3 21.78 21.34 21.8 24.04 23.24 23.04 24.4 25.99 25.89 26.54 29.08 34.15 32.46 32.27 31.7 34.27 31.79 28.59 31.15 27.77 22.61 19.26 18.16667 18.66667 22.11111 18 -9999 -9999 -9999 -9999 -9999 -9999
41.96 41.33 41.13 39.89 38.21 35.96 35.57 35.73 41.6 43.28 46.68 48.73 47.96 48.67 50.03 46.85 36.63 30.67 31.33 30.09 28.4 25.79 25.31 27.77 26.72 25.25 24.55 24.18 23.49 23.02 22.55 22.19 21.63 21.17 20.7 20.26 19.91 19.57 19.32 19.03 18.8 18.72 19.33 20.33 21.94 21.76 21.71 22.51 23.07 22.9 22.93 23.22 24.2 23.55 23.7 26.91 27.63 26.14 25.31 23.31 19.97 19.13 18.78 17.4 17.84 16.47059 -9999 -9999 -9999 -9999 -9999 -9999 -9999 -9999 -9999 -9999
42.09 41.28 40.56 39.12 37.81 35.85 35.78 35.3 35.78 42.62 46.09 48.32 48.2 42.45 35.6 31.57 31.95 30.68 27.82 26.86 25.57 24.14 24.97 26.29 24.34 23.93 23.13095 23.02439 23 22.08696 21.6 21.13 20.67 20.16 19.7 19.2 18.71428 18.24 17.82 17.55 16.98 17.01 16.75 17.93 17.92 19.19 20.85 23.9 22.01 22.33 22.03 19.59 19.53 20.11 18.42 18.42 19.01 17.87 17.19 16.54 16.68 16.67 17.37 15.63492 16.16 15.14286 -9999 -9999 -9999 -9999 -9999 -9999 -9999 -9999 -9999 -9999
41.58 41.4 40.86 38.73 40.7 44.85 49.54 51.64 46.95 48.66 42.73 43.11 39.51 37.57 35.37 29.03 25.98 25.1 24.71 24.17 23.62 23.18 23.39 22.78 22.78723 22.49057 22 -9999 -9999 21 21 20.56667 20 19.52632 18.9697 18.26316 17.74747 17.19149 16.88372 16.44737 15.95 15.1 14.64 16.54 16.93 18 18.55 18.34 18.84 21.43 18.39 18.14 18.02 16.31 16.05 16 14.9 14.24 13.79 13.79 12.66667 13.62651 14.61111 15.11111 -9999 -9999 -9999 -9999 -9999 -9999 -9999 -9999 -9999 -9999 -9999 -9999
41.58 40.5 39.05 37.84 40.03 42.85 44.23 44.04 41.31 41.74 39.24 35.53 33.02 30.05 27.69 26.03 24.69 23.39 23.07 22.92 22.37 21.97 21.7449 21.86364 22.75 -9999 -9999 -9999 -9999 -9999 -9999 -9999 -9999 -9999 18 17.58333 17 16.44444 16 15 15.29412 15.45455 14.98795 15.98333 15.9 17.45 19.42 17.11 19.83 21.22 20.74 18.52 17.95 16.7 15.68 14.95 13.35 13.39 14.49 14.05 12.47458 -9999 -9999 -9999 -9999 -9999 -9999 -9999 -9999 -9999 -9999 -9999 -9999 -9999 -9999 -9999
42.89 41.75 40.61 37.28 34.21 32.88 31.91 31.41 29.99 29.27 27.46 26.32 24.99 25.22 23.87 22.79 22.09 22.23 21.91 21.52809 21.47826 21.04545 21.05 -9999 -9999 -9999 -9999 -9999 -9999 -9999 -9999 -9999 -9999 -9999 -9999 -9999 -9999 -9999 -9999 -9999 -9999 -9999 -9999 13 12.65517 14.45 14.68 15.62 19.19 19.39 20.81 18.42 16.79 14.76 13.85 15.59 16.28 14.38 12.18 11.375 10.94118 -9999 -9999 -9999 -9999 -9999 -9999 -9999 -9999 -9999 -9999 -9999 -9999 -9999 -9999 -9999
42.55 42.53 42.15 40.95 36.92 33.41 32.85 29.41 28.6 27.88 26.93 25.74 24.96 23.44 23.24 22.51 21.51 22.59 21.47541 21 -9999 -9999 -9999 -9999 -9999 -9999 -9999 -9999 -9999 -9999 -9999 -9999 -9999 -9999 -9999 -9999 -9999 -9999 -9999 -9999 -9999 -9999 -9999 -9999 13.43478 14.86111 13.77778 13.5493 13.17778 12.94 16.58 17.3 12.87 11.27 12.11 13.02 14.6 12.35 11.64935 10.92958 10.14286 -9999 -9999 -9999 -9999 -9999 -9999 -9999 -9999 -9999 -9999 -9999 -9999 -9999 -9999 -9999
43.86 43.9 43.45 42.27 39.69 35.8 33.86 31.35 32.87 34.74 30.34 29.42 25.33 24.81 24.19 22.45 21.03 21.6383 -9999 -9999 -9999 -9999 -9999 -9999 -9999 -9999 -9999 -9999 -9999 -9999 -9999 -9999 -9999 -9999 -9999 -9999 -9999 -9999 -9999 -9999 -9999 -9999 -9999 -9999 -9999 -9999 -9999 -9999 11.22222 10.71429 10.45055 11.09677 10.28395 10.05556 10.25926 10.3 10.59091 11 -9999 -9999 -9999 -9999 -9999 -9999 -9999 -9999 -9999 -9999 -9999 -9999 -9999 -9999 -9999 -9999 -9999 -9999
48.83 46.14 45.12 43.78 45.15 40.38 36.25 37.5 41.87 41.75 33.97 31.15 29.19 27.78 24.77 21.5 20.4 20 -9999 -9999 -9999 -9999 -9999 -9999 -9999 -9999 -9999 -9999 -9999 -9999 -9999 -9999 -9999 -9999 -9999 -9999 -9999 -9999 -9999 -9999 -9999 -9999 -9999 -9999 -9999 -9999 -9999 -9999 -9999 10 10.66667 -9999 -9999 9 9 -9999 9.25 9.25 9 -9999 -9999 -9999 -9999 -9999 -9999 -9999 -9999 -9999 -9999 -9999 -9999 -9999 -9999 -9999 -9999 -9999
54.29 52.4 49.21 47.54 47.38 45.54 39.98 38.77 43.65 43.62 41.6 36.1 32.9 27.7 28.27 22.94 20.13725 -9999 -9999 -9999 -9999 -9999 -9999 -9999 -9999 -9999 -9999 -9999 -9999 -9999 -9999 -9999 -9999 -9999 -9999 -9999 -9999 -9999 -9999 -9999 -9999 -9999 -9999 -9999 -9999 -9999 -9999 -9999 -9999 -9999 -9999 -9999 -9999 -9999 -9999 -9999 -9999 -9999 -9999 -9999 -9999 -9999 -9999 -9999 -9999 -9999 -9999 -9999 -9999 -9999 -9999 -9999 -9999 -9999 -9999 -9999
67.02 66.83 60.5 59.09 57.44 54.53 44.24 48.62 48.02 45.54 39.88 35.54 30.98 28.89 25.9 21.5 19.08333 -9999 -9999 -9999 -9999 -9999 -9999 -9999 -9999 -9999 -9999 -9999 -9999 -9999 -9999 -9999 -9999 -9999 -9999 -9999 -9999 -9999 -9999 -9999 -9999 -9999 -9999 -9999 -9999 -9999 -9999 -9999 -9999 -9999 -9999 -9999 -9999 -9999 -9999 -9999 -9999 -9999 -9999 -9999 -9999 -9999 -9999 -9999 -9999 -9999 -9999 -9999 -9999 -9999 -9999 -9999 -9999 -9999 -9999 -9999
59.83 67.17 71.68 69.66 65.36 59.68 55.25 55.88 49.9 41.43 34.06 30.18 26.18 25.31 20.58 19.22 19 -9999 -9999 -9999 -9999 -9999 -9999 -9999 -9999 -9999 -9999 -9999 -9999 -9999 -9999 -9999 -9999 -9999 -9999 -9999 -9999 -9999 -9999 -9999 -9999 -9999 -9999 -9999 -9999 -9999 -9999 -9999 -9999 -9999 -9999 -9999 -9999 -9999 -9999 -9999 -9999 -9999 -9999 -9999 -9999 -9999 -9999 -9999 -9999 -9999 -9999 -9999 -9999 -9999 -9999 -9999 -9999 -9999 -9999 -9999
77.25 71.98 65.54 76.42 76.49 66.36 70.8 66.11 58.09 49.98 41.74 32.75 27.3 23.48 20.74 19.61 19 -9999 -9999 -9999 -9999 -9999 -9999 -9999 -9999 -9999 -9999 -9999 -9999 -9999 -9999 -9999 -9999 -9999 -9999 -9999 -9999 -9999 -9999 -9999 -9999 -9999 -9999 -9999 -9999 -9999 -9999 -9999 -9999 -9999 -9999 -9999 -9999 -9999 -9999 -9999 -9999 -9999 -9999 -9999 -9999 -9999 -9999 -9999 -9999 -9999 -9999 -9999 -9999 -9999 -9999 -9999 -9999 -9999 -9999 -9999
88.92 83.02 84.16 87.08 81.61 72.71 75.76 65.93 52.19 43.92 43.41 40.22 32.28 25.08 22.25 20.34 19.63461 -9999 -9999 -9999 -9999 -9999 -9999 -9999 -9999 -9999 -9999 -9999 -9999 -9999 -9999 -9999 -9999 -9999 -9999 -9999 -9999 -9999 -9999 -9999 -9999 -9999 -9999 -9999 -9999 -9999 -9999 -9999 -9999 -9999 -9999 -9999 -9999 -9999 -9999 -9999 -9999 -9999 -9999 -9999 -9999 -9999 -9999 -9999 -9999 -9999 -9999 -9999 -9999 -9999 -9999 -9999 -9999 -9999 -9999 -9999
90 84.83 82.61 82.81 77.43 72.93 65.65 58.84 55.66 70.66 61.51 48.94 37.68 28.18 26.73 25.74 24.47674 21.12903 -9999 -9999 -9999 -9999 -9999 -9999 -9999 -9999 -9999 -9999 -9999 -9999 -9999 -9999 -9999 -9999 -9999 -9999 -9999 -9999 -9999 -9999 -9999 -9999 -9999 -9999 -9999 -9999 -9999 -9999 -9999 -9999 -9999 -9999 -9999 -9999 -9999 -9999 -9999 -9999 -9999 -9999 -9999 -9999 -9999 -9999 -9999 -9999 -9999 -9999 -9999 -9999 -9999 -9999 -9999 -9999 -9999 -9999
84.62 80.28 65.88 59.31 67.83 79.98 82.59 78.86 72.93 68.47 57.64 47.98 46.17 41.31 34.92 38.71 33.2 25.17895 19.66667 -9999 -9999 -9999 -9999 -9999 -9999 -9999 -9999 -9999 -9999 -9999 -9999 -9999 -9999 -9999 -9999 -9999 -9999 -9999 -9999 -9999 -9999 -9999 -9999 -9999 -9999 -9999 -9999 -9999 -9999 -9999 -9999 -9999 -9999 -9999 -9999 -9999 -9999 -9999 -9999 -9999 -9999 -9999 -9999 -9999 -9999 -9999 -9999 -9999 -9999 -9999 -9999 -9999 -9999 -9999 -9999 -9999
58.04 56.66 58.8 68.19 75.26 78.93 74.75 69.59 64.54 59.42 54.27 51.63 48.14 37.33 29.16 25.78 23.94 24.43878 21.16667 18.57143 -9999 -9999 -9999 -9999 -9999 -9999 -9999 -9999 -9999 -9999 -9999 -9999 -9999 -9999 -9999 -9999 -9999 -9999 -9999 -9999 -9999 -9999 -9999 -9999 -9999 -9999 -9999 -9999 -9999 -9999 -9999 -9999 -9999 -9999 -9999 -9999 -9999 -9999 -9999 -9999 -9999 -9999 -9999 -9999 -9999 -9999 -9999 -9999 -9999 -9999 -9999 -9999 -9999 -9999 -9999 -9999
73.36 64.89 61.86 64.03 63.05 58.49 59.15 60.08 52.31 47.22 46.41 48.26 46.73 37.88 30.81 25.53 22.65 21.33333 23.61905 21.97436 -9999 -9999 -9999 -9999 -9999 -9999 -9999 -9999 -9999 -9999 -9999 -9999 -9999 -9999 -9999 -9999 -9999 -9999 -9999 -9999 -9999 -9999 -9999 -9999 -9999 -9999 -9999 -9999 -9999 -9999 -9999 -9999 -9999 -9999 -9999 -9999 -9999 -9999 -9999 -9999 -9999 -9999 -9999 -9999 -9999 -9999 -9999 -9999 -9999 -9999 -9999 -9999 -9999 -9999 -9999 -9999
63.51 62.77 46.34 55.4 51.49 47.64 42.63 50.11 50.06 41.99 43.46 42.7 39.6 35.23 30.44 26.54 22.9899 21.325 -9999 -9999 -9999 -9999 -9999 -9999 -9999 -9999 -9999 -9999 -9999 -9999 -9999 -9999 -9999 -9999 -9999 -9999 -9999 -9999 -9999 -9999 -9999 -9999 -9999 -9999 -9999 -9999 -9999 -9999 -9999 -9999 -9999 -9999 -9999 -9999 -9999 -9999 -9999 -9999 -9999 -9999 -9999 -9999 -9999 -9999 -9999 -9999 -9999 -9999 -9999 -9999 -9999 -9999 -9999 -9999 -9999 -9999
48.87 58.14 37.65 39.39 38.85 41.86 39.42 46.61 52.07 43.85 44.83 44.8 43.22 35.88 31.9 27.77 24.55 21.23171 20.83333 -9999 -9999 -9999 -9999 -9999 -9999 -9999 -9999 -9999 -9999 -9999 -9999 -9999 -9999 -9999 -9999 -9999 -9999 -9999 -9999 -9999 -9999 -9999 -9999 -9999 -9999 -9999 -9999 -9999 -9999 -9999 -9999 -9999 -9999 -9999 -9999 -9999 -9999 -9999 -9999 -9999 -9999 -9999 -9999 -9999 -9999 -9999 -9999 -9999 -9999 -9999 -9999 -9999 -9999 -9999 -9999 -9999
38.78 35.6 31.97 32.8 33.88 36.58 37.9 37.4 42.98 49.98 45.92 44.19 43.67 36.38 31.77 28.23 23.97 21.22 19.80488 -9999 -9999 -9999 -9999 -9999 -9999 -9999 -9999 -9999 -9999 -9999 -9999 -9999 -9999 -9999 -9999 -9999 -9999 -9999 -9999 -9999 -9999 -9999 -9999 -9999 -9999 -9999 -9999 -9999 -9999 -9999 -9999 -9999 -9999 -9999 -9999 -9999 -9999 -9999 -9999 -9999 -9999 -9999 -9999 -9999 -9999 -9999 -9999 -9999 -9999 -9999 -9999 -9999 -9999 -9999 -9999 -9999
32.14 32.82 31.28 32.1 32.65 35.31 36.93 37.83 41.12 44.93 46.68 43.6 38.34 34.05 34.07 31.06 24.64 21.83 19.92537 -9999 -9999 -9999 -9999 -9999 -9999 -9999 -9999 -9999 -9999 -9999 -9999 -9999 -9999 -9999 -9999 -9999 -9999 -9999 -9999 -9999 -9999 -9999 -9999 -9999 -9999 -9999 -9999 -9999 -9999 -9999 -9999 -9999 -9999 -9999 -9999 -9999 -9999 -9999 -9999 -9999 -9999 -9999 -9999 -9999 -9999 -9999 -9999 -9999 -9999 -9999 -9999 -9999 -9999 -9999 -9999 -9999
31.71 31.66 31.21 32 33.49 39.97 39.42 40.2 44.64 48.53 47.21 44.34 35.43 32.57 30.75 30.52 26.91 21.85294 19.2 -9999 -9999 -9999 -9999 -9999 -9999 -9999 -9999 -9999 -9999 -9999 -9999 -9999 -9999 -9999 -9999 -9999 -9999 -9999 -9999 -9999 -9999 -9999 -9999 -9999 -9999 -9999 -9999 -9999 -9999 -9999 -9999 -9999 -9999 -9999 -9999 -9999 -9999 -9999 -9999 -9999 -9999 -9999 -9999 -9999 -9999 -9999 -9999 -9999 -9999 -9999 -9999 -9999 -9999 -9999 -9999 -9999
