taller 1/variables/bioclim16.asc
ncols         720
nrows         300
xllcorner     -30.008325510658
yllcorner     30.991671412252
cellsize      0.083333337679505
NODATA_value  -9999
[rows 165 to 197 of 300, columns 592 to 665 of 720]
671.61 685.29 618.13 479.94 511.92 463.01 472.88 429.97 402.11 401.33 393.91 370.09 346.35 331.57 319.26 293.43 278.83 276.57 285.56 275.11 273.25 270.39 220.76 200 211.94 214.21 185.64 164.98 154.13 154.94 150.96 153.85 156.24 152.64 153.7 153.77 159.48 169.2 190.08 185.02 164.4 159.08 159.61 163.6 161.54 171.65 209.44 237.93 226.67 227.61 229.43 244.11 240.65 232.64 210.26 191.99 185.85 176.25 174.92 175.35 176.37 177.58 178.36 179.03 180.09 180.88 179.39 176.82 174.46 172.65 171.66 171.8 172.97 171.53
669.18 697.11 703.63 621.09 502.51 484.94 505.74 430.33 408.93 391.96 389.4 370.23 348.19 330.84 325.01 315.62 303.08 306.31 300.15 307.13 271.39 219.47 205.05 194.73 189.3 186.13 195.75 157.88 152.23 149.68 148.72 149.94 150.98 150.54 159.9 167.17 179.95 191.35 180.85 172.62 164.95 160.67 162.12 162.43 154.93 163.55 184.39 204.21 211.63 237.56 242.65 235.43 222.16 225.88 219.22 209.24 200.68 195.72 185.04 175.89 176.68 174.57 174.03 175.42 175.4 175.26 174.3 173.04 171.73 169.87 166.69 165.75 166.04 166.25
636.0825 669.7396 683.84 640.67 572.18 502.58 462.79 439.85 426.95 395.83 384.01 367.59 348.35 339.07 330.4 320.68 325.26 327.5 306.65 264.16 226.39 214.67 214.02 187.27 171.71 161.94 159.56 153.63 149.57 151 150.41 151.85 151.62 152.23 155.44 157.13 169.36 156.69 155.51 153.4 156.68 159.13 164.59 159.38 151.58 157.18 170.71 191.45 220.3 223.16 206.37 197.79 194.81 203.5 200.91 195.75 187.72 193.3 206.91 188.79 182.23 183.63 189.1 193.39 194.57 185.51 174.49 171.09 169.91 167.94 167.81 165.67 166.03 165.55
625.3784 641.6 643.34 627.46 584.75 531.75 457 423.07 434.1 396.18 387.08 371.75 354.55 354.79 347.51 339.14 335.72 336.41 300.95 240.82 230.32 224.91 212.57 196.93 185.39 164.49 153.32 148.96 147.93 152.76 149.53 147.68 150.24 148.6 146.46 149.25 149.61 148.27 149.36 151.34 156.16 154.06 162.08 157.45 153.62 153.72 163.84 176.06 205.67 184.73 177.04 184.01 199.07 206.18 201.01 198.93 204.06 205.61 202.66 212.97 212.03 194.17 219.88 222.38 216.92 202.98 196.86 183.86 171.42 170.17 176.1 173.59 170.37 171.01
600.0857 605.7391 590.7093 594.73 551.45 520.53 502.45 475.13 438.86 403.44 386.23 375.04 359.59 355.51 355.02 347.04 342.69 328.29 275.46 240.9 260.91 254.83 215.57 221.66 193.97 183.7 172.73 152.14 149.97 152.32 149.97 144.66 144.22 146.66 144.5 141.81 142.85 145.1 147.04 148.98 160.77 156.18 157.42 163.12 158.26 147.25 160.18 197.39 186.8 171.42 171.13 174.3 193.33 203.86 203.29 212.24 225.6 219.39 221.38 227.55 204.31 191.67 223.77 214.43 199.25 203.67 202.61 202.64 195.54 186.25 185.18 178.75 174.94 176.16
-9999 -9999 584 565.7273 527.9 517.35 507.03 475.56 431.95 399.07 387.01 376.79 357.68 360.8 361.02 350.58 342.27 324.71 268.84 263.92 284.53 249.83 216.58 253.52 256.54 223.83 195.66 165.23 150.29 146.61 145.35 142.74 143.44 143.37 141.96 144.79 153.48 166.83 172.52 164.79 156.68 156.74 159.07 178.74 173.6 156.93 152.1 181.77 232.81 211.99 193.59 177.24 178.77 199.86 206.1 204.62 212.03 213.2 213.34 208.97 202.03 194.58 223.42 216.94 207.44 214.87 207.93 211.45 199.49 189.8 186.36 185.35 182.95 184.92
-9999 -9999 -9999 538.45 528.81 504.78 486.3 478.36 439.21 401.33 389.62 377.95 358.31 356.27 361.88 343.92 341.17 327.21 294.37 270.38 283.3 245.26 218.96 219.01 281.27 235.3 203.32 161.34 150.88 146.52 145.05 143.37 142.41 142.17 143.43 148.09 150.57 151.83 156.57 158.99 159.18 157 156.78 170.28 175.38 150.11 144.09 166.83 206.89 241.32 232.76 179.43 166.87 182.29 192.98 200.96 199.58 201.36 205.95 200.32 194.9 199.45 206.14 217.8 215.21 222.83 223.09 210.64 196.76 194.49 188.01 190.23 189.76 188.98
-9999 -9999 505 514.7273 510.85 470.36 450.73 460.47 445.93 411.32 391.95 381.96 364.14 344.85 360.68 343.63 348.71 339.09 309.52 269.82 261.62 265.55 214.12 211.71 248.86 194.56 186.56 164.15 152.23 152.44 145.75 141.67 141.61 142.83 144.35 142.64 143.44 140.44 138.99 149.11 151.59 159.47 162.65 163.99 160.19 148.27 143.77 149.86 168.89 203.69 200.77 185.95 163.91 164.65 178.44 180.92 186.79 190.14 194.3 200.41 199.86 212.75 224.33 220.17 211.9 203.85 206.72 203.96 200.57 198.21 197.38 193.12 189.16 192.07
-9999 495.75 492.1 494.01 493.34 465.14 429.35 425.44 430.6 411.99 391.35 380.98 365.51 340.94 338.63 343.1 343.64 339.57 310.96 258.56 250.8 262.74 223.27 215.93 209.27 192.3 177.36 162.68 154.62 158.6 149.1 142.86 140.52 138.86 140.84 148.35 142.62 144.5 141.34 136.45 140.31 152.98 169.95 163.97 161.79 154.97 147.51 147.26 152.31 158.88 167.71 193 182.38 167.6 168.56 174.04 179.56 192.08 203.11 208.53 207.49 210.17 215.24 208.69 204.61 202.35 200.87 201.36 200.32 205.26 203.46 197.25 194.47 203.03
-9999 455.6316 466.4835 475.57 478.72 474.9 446.64 427.18 408.74 402.8 390.31 386.64 371.08 349.93 329.7 348.9 351.16 313.6 294.82 263.97 254.74 247.94 252.03 207.32 189.55 179.92 180.32 181.52 173.63 153.09 148.52 144.1 141.85 139.87 137.96 142.86 144.26 143.74 142.21 137.17 136.86 137.91 144.19 152.06 153.73 151.02 146.35 147.52 151.07 155.04 164.41 183.38 177.25 174.49 174.72 180.19 178.84 185.4 191.4 204.12 201.73 193.21 202.93 212.43 214.11 208.77 208.5 210.67 207.42 203.85 208.14 201.74 199.82 209.48
-9999 436.72 445.85 458.28 466.46 469.81 450.17 421.31 405.93 398.83 391.61 383.87 372.64 364.12 359.44 335.19 341.8 312 295.47 291.25 263.15 261.53 240.31 214.68 189.83 179.92 176.31 180.95 176.86 158.33 164.98 148.34 147.57 147.98 140.56 141.69 138.06 136.95 140.29 139.79 144.71 152.6 157.6 157.63 157.42 155.15 160.37 154.62 152.19 161.92 171.14 200.76 179.34 177.97 177.54 187.64 185.43 184.37 187.72 192.41 195.14 193.06 199.77 206.31 219.78 226.03 211.7 211.89 207.97 206.34 206.33 205.68 204.89 212.43
-9999 425 433.9589 444.63 452.7 456.69 447.08 422.27 407.4 396.09 384.86 371.45 367.8 369.01 364.41 321.27 315.91 298.75 284.72 292.48 274.22 238.04 221.44 214.69 191.48 181.85 176.39 187.99 174.2 168.39 156.56 152.37 154.7 150.86 152.28 155.27 143.91 137.34 137.41 137.76 140.21 142.95 143.05 144.94 152.89 160.81 161.55 153.06 155.25 161.28 173.84 186.69 186.65 179.07 186.5 191.04 200.43 212.29 195.66 196.23 200.23 197.03 198.3 206.51 215.38 215.16 212.68 207.72 209.1 206.09 214.12 220.42 219.89 224.42
-9999 415.6667 422.1333 433.15 438.97 436.94 429.09 415.51 403.42 393.11 382.33 371.01 358.09 369.54 362.59 320.8 298.72 290.84 283.82 288.16 287.79 252.22 221.76 224.38 196.02 183.68 177.6 181.95 162.84 165.67 176.29 162.91 163.45 178.72 195.25 170.53 142.14 138.33 138 138.71 139.59 140.15 143.59 145.29 145.74 144.95 147.01 149.46 152.87 163.08 176.99 180 204.24 193.63 178.35 183.33 189.2 193.99 195.38 201.18 201.49 206.12 210.66 205.22 203.82 213.26 209.22 216.36 216.1 215.18 211.94 229.77 220.73 217.21
-9999 413.7941 417.37 423.39 427.16 424.04 418.08 411.96 406.91 396.4 381.76 375.34 363.45 345.17 338.46 322.4 299.3 286.42 302.17 280.96 258.63 253.23 231.15 214.54 197.13 186.39 182.12 180.01 167.33 173.69 192.65 182.57 177.06 200.11 172.68 152.95 145.99 139.4 138.5 139.19 139.58 140.65 142.65 145.08 148.58 157.03 151.71 150.46 153.47 157.8 163.72 170.96 181.97 188.25 191.46 184.15 187.07 191.86 197.52 202.75 207.49 212.55 215.4 215.46 212.74 215.01 208.32 205.71 206.9 208.8 208.23 208.65 208.39 211.46
-9999 409.7429 413.13 417.26 419.49 418.37 413.53 408.97 402.48 389.88 382.19 375.59 369.12 344 327.78 319.22 300.59 288.88 309.44 272.18 253.41 272.27 265.45 223.25 199.39 189.53 184.89 191.19 178.78 193.24 203.55 181.73 153.09 147.53 148.16 167.77 158.31 140.64 139.68 140.11 139.9 140.85 142.85 144.58 149.46 156.86 155.53 155.04 154.96 158 161.63 166.14 171.43 177.95 184.45 187.03 190.89 195.39 201.27 207.36 212.3 214.54 216.17 215.91 211.97 208.78 208.52 208.75 208.0106 207.8781 209.76 211.58 212.31 213.82
405 405.3333 412.1552 413.92 414.28 411.05 405.45 402.59 396.73 389.88 381.9 370.3 369.3 347.09 331.17 323.77 302.67 301.21 305.89 266.85 252.79 266.98 291.29 257.45 205.53 192.97 184.74 181.78 203.09 256.69 187.26 156.27 151.59 148.22 149.2 170.48 158.08 141.2 140.19 140.2 140.43 141.56 143.05 144.96 150.64 157.94 159.23 160.18 159.61 159.92 163.06 167.09 171.5 176.22 182.2 190.93 201.58 211.74 207.13 211.47 216.6522 217.1346 215.6591 213.567 212.68 212.56 212.0319 212.1304 211.3529 212 212.8462 214.5806 216.2464 222.4184
405 408.6721 412.0313 413.77 414.2 411.56 406.02 398.32 395.64 393.45 387.46 374.53 367.5 362.53 343.05 326.25 304.82 301.87 316.1 268.33 254.54 247.71 280.13 256.45 209.73 196.81 188.4 186.65 205.02 208.4 190.26 165.15 152.81 149.52 147.16 150.22 143.86 141.84 140.9 140.82 140.93 141.91 143.31 145.26 149.26 155.74 163.29 170.46 171.08 168.45 170.28 172.17 175.04 178.58 184.36 197.55 208.86 209.13 210.39 213.7755 216.5 -9999 -9999 215.6667 214.92 214.4727 214 -9999 -9999 -9999 -9999 -9999 -9999 222.8333
407.7826 411.25 415.2887 417.19 417.42 412.03 409.68 399.45 400.22 401.81 396.84 383.72 366.14 375.32 344.55 325.73 306.74 293.13 304.5 273.78 263.94 248.08 269.17 260.68 224.8 201.08 192.09 187.76 188.93 171.09 164.2 163.61 154.31 151.99 149.7778 146.9899 144.83 142.76 141.87 141.56 141.54 142.53 144.39 145.83 147.02 151.69 158.29 164.18 168.72 170.61 175.36 186.49 185.3118 183.4667 186.8421 193.1084 199.02 205.9293 210.3333 211.625 -9999 -9999 218.75 222.5273 222.8364 217.8889 -9999 -9999 -9999 -9999 -9999 -9999 -9999 -9999
411.5333 416.22 421.58 424.19 423.13 416.91 417.01 410.05 410.08 409.14 403.62 388.42 373.67 360.42 342.55 331.34 308.59 293.66 286.65 279.32 272.19 266.07 254.74 250.54 244.95 217.35 203.09 189.43 177.97 171.19 173.94 185.19 157.22 153.95 151.39 148.4646 145.99 144.35 143.19 142.25 141.97 142.46 143.81 146.5 149.18 149.54 153.6 158.06 161.18 167.43 172.35 177.01 178.1053 -9999 -9999 -9999 202.5556 203.6667 -9999 -9999 -9999 -9999 224.125 230.3 233.83 223.4 -9999 -9999 -9999 -9999 -9999 -9999 -9999 -9999
415.5094 423.939 430.79 434.92 436.22 435.88 439.51 433.64 434.77 428.81 401.95 399.57 380.41 367.57 349.21 339.82 313.09 298.93 303.24 276.06 272.84 278.02 250.08 242.41 251.99 237.24 203.02 189.27 180.63 177.64 202.65 236.11 175.69 155.32 153.3407 149.9559 147.4176 145.47 143.79 142.36 141.86 141.8673 142.75 146.2885 153.04 161.18 156.23 160.36 167.07 165.12 170.21 177.69 185.7158 182.7 -9999 -9999 -9999 -9999 -9999 -9999 -9999 -9999 221 224.4426 229.1642 226.35 -9999 -9999 -9999 -9999 -9999 -9999 -9999 -9999
-9999 435.8 442.32 449.88 455.1 458.11 460.82 455.69 458.63 461.25 439.67 404.95 384.65 377.23 365.03 341.68 321.21 319.13 307.49 284.32 273.52 262.94 252.53 239.01 228.48 231.39 206.82 193.14 183.09 182.3 214.56 215.29 207.69 161.54 153.8 151.56 148.71 146.36 144.47 143.4598 142.3415 142 142.4 142.7632 147.01 156.38 168.07 168.06 166.43 169.28 176.65 186.79 193.63 190.9231 191.5652 -9999 -9999 -9999 -9999 -9999 -9999 -9999 -9999 -9999 -9999 -9999 -9999 -9999 -9999 -9999 -9999 -9999 -9999 246.5
436.6 439.3846 456.1684 466.87 477.05 485.66 491.21 487.63 482.91 483.53 447.55 453.96 418.07 389.85 366.41 349.49 335.52 343.58 317.64 299.58 285.17 270.57 258.45 245.52 239.65 230.9 231.58 205.55 193.9 179.34 181.54 202.74 210.11 186.27 156.63 159.8 151.06 148.16 145.96 144.55 -9999 -9999 142.8974 145.36 149.58 153.79 159.65 170.31 175.98 182.6 191.49 188.54 192.43 189.5114 187 -9999 195.1176 -9999 -9999 -9999 -9999 -9999 -9999 -9999 -9999 -9999 -9999 -9999 -9999 -9999 -9999 -9999 -9999 247.3846
447.4193 457.5 465.69 484.86 485.48 473.61 511.4 541.25 495.16 479.7 511.38 448.83 417.41 390.15 376.15 363.39 345.4 365.48 341.94 311.19 296.73 281.91 266.81 253 239.51 228.79 239.16 225.36 202.71 183.7 177.25 177.68 186.84 170.95 165.59 170.21 154.1 149.91 147.5 146.0546 -9999 -9999 143 144.6429 148.6667 153.51 160.41 164.81 168.03 180.56 181.96 179.61 183.0732 186.55 188.7188 193.7143 199.6322 203.0566 204.3182 -9999 -9999 -9999 -9999 -9999 -9999 -9999 -9999 -9999 -9999 -9999 -9999 -9999 -9999 -9999
456.5555 463.075 476.45 476.38 518.73 479.49 460.25 504.57 571.12 520.59 524.53 554.65 473.75 440.49 406.71 374.59 359.41 349.67 337.41 322.84 308.89 294.51 275.22 261.45 247.1 233.05 230.68 226.82 199.08 186.39 178.44 175.37 172.21 184.58 222.87 165.66 154.33 151.57 149.34 147.7619 -9999 -9999 -9999 -9999 149.5 152.4643 156.1818 159.7692 163.2641 169.3559 172.6897 180.55 181.9189 -9999 -9999 -9999 204.5294 206.6579 213.4684 208.9787 -9999 -9999 -9999 -9999 -9999 -9999 -9999 -9999 -9999 -9999 -9999 -9999 -9999 -9999
-9999 478.8571 473.4717 480.5055 506.18 535.7 485.88 479.46 516.34 601.61 473.84 457.01 490.24 500.47 411.63 388.6 369.62 363.58 345.33 328.97 313.27 301.66 284.92 270.58 256.07 241.09 227.34 230.47 227.46 193.78 186.21 180.2 183.38 228.24 215.77 174.42 159.24 153.9 151.5556 -9999 -9999 -9999 -9999 -9999 -9999 -9999 -9999 161 163.6667 -9999 -9999 176.1 182.413 189.5405 193.4444 -9999 -9999 -9999 218.6667 225.7195 220.3 -9999 -9999 -9999 -9999 -9999 -9999 -9999 -9999 -9999 -9999 -9999 -9999 -9999
-9999 -9999 -9999 529.6 544.4634 558.4176 545.43 508.02 583.56 686.46 588.87 481.47 474.07 438.67 484.6 455.4 422.64 393.96 358.58 356.95 333.61 314.98 295.44 280.31 264.92 249.69 235.88 224.29 218.36 202.5 193.89 198.95 199.97 198.22 195.51 224.82 241.57 183.27 155.8361 -9999 -9999 -9999 -9999 -9999 -9999 -9999 -9999 163 166.2162 169.3636 -9999 -9999 -9999 191.4821 204.202 199.3182 193 -9999 -9999 243.8333 231.7037 -9999 -9999 -9999 -9999 -9999 -9999 -9999 -9999 -9999 -9999 -9999 -9999 -9999
-9999 -9999 -9999 -9999 -9999 590.8 579.6383 571.67 539.7 518.88 707.31 552.23 478.35 458.05 457.01 476.26 452.69 389.4 373.02 358.85 342.31 331.86 307.77 290.19 274.3 259.23 244.52 232.19 224.22 212.28 204.11 210.03 200.06 181.21 179.72 221.69 280.75 224.08 162.8556 157.4545 -9999 -9999 -9999 -9999 -9999 -9999 -9999 -9999 169.5455 173.2857 178.5 177.2 -9999 190.7 196.2632 198.3333 195.48 -9999 -9999 -9999 -9999 -9999 -9999 -9999 -9999 -9999 -9999 -9999 -9999 226.25 229.2727 230 243.1765 247.2
-9999 -9999 -9999 -9999 -9999 -9999 608 638.314 663.57 632.36 593.25 633.45 557.26 501.11 492.35 486.6 427.58 392.3 380 364.12 349.61 342.84 326.03 302.03 284.25 269.35 255.73 240.12 228.19 234.66 218.24 210.93 194.45 185.96 182.53 190.06 200.82 201.09 197.92 160.1111 156.6863 -9999 -9999 -9999 -9999 -9999 -9999 -9999 169.5333 175.75 180.0755 182.7952 184.1667 185 190 196.6042 193.6667 -9999 -9999 -9999 -9999 -9999 -9999 -9999 -9999 -9999 -9999 -9999 233.88 236.56 231.21 233 240.4872 246.9
477.4 479 -9999 518.8571 -9999 -9999 -9999 640.7368 629.6824 645.71 577.13 535.98 589.75 559.2 521.17 512.65 436.76 416.11 392.57 374.96 361.11 353.87 344.2 318.64 299.92 281.56 263.64 250.17 239.43 235.47 232.04 218.74 198.21 190.3 183.72 190.02 182.63 171.04 171.88 178.91 173.9574 167.6786 -9999 -9999 -9999 -9999 -9999 -9999 -9999 -9999 -9999 -9999 -9999 -9999 -9999 -9999 -9999 -9999 -9999 -9999 -9999 -9999 -9999 -9999 -9999 -9999 -9999 -9999 225.8421 230.5867 227.8596 236.5946 237.7895 -9999
-9999 -9999 499.4 527 540.0635 563.1177 581.9651 593.6765 601.5806 619.78 613.02 539.82 519.88 540.89 520.89 517.92 485.09 434.53 420.16 407.07 374.23 359.92 348.79 329.1 310.83 293.07 272.13 259.82 249.07 243.32 244.17 240.61 204.67 195.88 195.01 180.76 172.02 169.68 168.16 193.71 232.96 189.58 165.2432 -9999 -9999 -9999 -9999 -9999 -9999 -9999 -9999 -9999 -9999 -9999 -9999 -9999 -9999 -9999 -9999 -9999 -9999 -9999 -9999 -9999 -9999 -9999 -9999 -9999 -9999 228.3333 235.9048 237.4 239.5238 -9999
-9999 -9999 -9999 522 544.1351 558.95 562.98 583.1429 582.4637 591.9375 579.04 582.84 574.03 554.18 540.47 521.73 493.57 474.73 437.03 415.26 395.05 374.94 359.82 350.19 330.21 307.44 285.6 268.93 255.05 244.78 236.11 228.68 212.28 202.97 191.81 182.87 174.84 170.69 169.25 175.82 177.02 170.63 168.5143 -9999 -9999 -9999 -9999 -9999 -9999 -9999 -9999 -9999 -9999 -9999 -9999 -9999 -9999 -9999 -9999 -9999 -9999 -9999 -9999 -9999 -9999 -9999 -9999 -9999 -9999 -9999 -9999 -9999 -9999 -9999
-9999 -9999 -9999 -9999 544.6667 540.7164 539.2381 537.0909 -9999 576.8571 558.1059 562.36 548.58 539.58 526.42 514.81 490.56 462.75 460.93 433.11 401.97 381.89 369.49 353.26 354.12 329.37 306.79 282.25 270.83 256.62 241.32 228.38 216.23 209.23 197.52 187.42 179.21 174.56 173.26 172.28 174.39 197.15 189.2245 173 -9999 -9999 -9999 -9999 -9999 -9999 -9999 -9999 -9999 -9999 -9999 -9999 -9999 -9999 -9999 -9999 -9999 -9999 -9999 -9999 -9999 -9999 -9999 -9999 -9999 -9999 -9999 -9999 -9999 -9999
-9999 -9999 -9999 -9999 -9999 -9999 540.2105 531.5 -9999 529 529.123 538.2737 528.21 527.41 505.16 510.86 494.93 455.07 455.38 431.43 411.98 393.19 382.98 362.98 354.03 345.89 326.63 295.3 283.8 270.03 252.31 234.51 221.4 213.82 207.06 194.48 187.44 183.04 180.33 178.35 177.14 178.82 193.68 197.8696 196.5283 183.6667 -9999 -9999 -9999 -9999 -9999 -9999 -9999 -9999 -9999 -9999 -9999 -9999 206 -9999 -9999 -9999 -9999 -9999 -9999 -9999 -9999 233.7 236.8636 -9999 -9999 -9999 -9999 -9999
