taller 1/variables/bioclim10.asc
ncols         720
nrows         300
xllcorner     -30.008325510658
yllcorner     30.991671412252
cellsize      0.083333337679505
NODATA_value  -9999
[rows 132 to 164 of 300, columns 592 to 665 of 720]
205.19 205 205.11 205.56 205.94 206.54 207.14 207.75 208.66 209.72 210.4 211.53 213.87 215.33 215.54 214.68 213.23 210.5 207.69 205.25 203.26 202.06 201.57 204.56 203.45 201.99 200.89 199.83 196.2 178.5 161.91 180.53 187.62 188.1 175.93 185.55 190.68 171.73 163.29 179.15 184.05 185.94 194.18 198.57 201.51 203.67 203.38 200.69 198.99 197.61 201.24 194.3 195.23 193.86 194.38 192.09 194.66 196.1 200.19 201.38 194.01 189.04 185.94 186.37 188.66 192.25 192.93 191.36 187.91 188.62 188.68 191.2 192.58 194.86
205.46 205.56 205.91 205.78 206.6 206.84 207.19 208.3 208.81 209.68 210.14 211.29 213.99 217.05 216.93 215.78 213.93 211.81 209.55 207.87 205.4 203.41 204.03 205.03 204.94 201.17 197.47 193.94 189.99 183.3 184.66 191.41 188.02 175.31 157.56 165.6 188.12 170.83 181.14 181.74 183.25 192.81 198.58 198.2 197.29 199.57 203.31 204.64 201.43 198.58 202.03 196.91 197.76 195.53 197.48 196.02 197.46 195.8 199.13 203.61 195.96 191.84 190.86 191.52 191.84 192.03 196.78 195.16 193.92 194.4 194 195.21 196.78 198.9
205.37 205.43 205.85 206.4 206.24 206.65 207.42 208.06 208.82 209.37 210.05 211.2 214.5 215.4 211.78 214.73 214.19 212.3 210.9 209.48 208.28 207.36 206.51 205.64 202.12 199.56 201.91 193.36 182.15 180.09 184.1 178.29 173.41 168.93 162.86 171.76 190.63 188.34 187.15 186.92 190.19 196.93 198.82 201.71 199.64 200.31 201.45 204.27 203.19 202.4 204.18 199.95 198.84 197.44 200.5 199.91 199.64 199.69 200.84 205.71 199.42 195.58 195.39 195.48 195.92 195.21 196.69 198.6 200.13 200.06 199.95 200.21 200.12 200.96
204.99 205.03 205.62 204.95 205.26 206.1 206.38 208.12 208.83 209.56 210.51 212.1 210.63 210.74 209.1 210.18 211.7 212.4 211.04 209.49 208.1 207.15 206.01 204.24 201.37 201.04 203.71 205.66 194.17 191.7 197.71 189.79 187.01 177.53 181.2 187.53 201.9 198.02 195.75 200.17 202.63 197.16 198.33 199.78 202.59 202.51 201.87 204.46 207.71 205 206.06 203.3 201.91 200.42 201.42 203.16 200.71 201.33 203.41 207.57 201.75 199.17 198.82 199.18 199.25 199.99 199.84 200.28 201.23 201.98 203.04 204.06 204.57 204.77
200.55 193.47 196.69 202.11 204.62 204.76 203.8 206.93 208.23 208.98 209.56 208.03 207.04 204.21 204.53 206.86 206.39 206.03 205.34 206.27 207.44 206.78 204.77 204.7 199.69 200.2 201.45 198.03 188.25 190.5 191.78 194.67 190.42 175.62 181.81 192.22 187.97 190.21 203.34 207.85 209.23 200.97 197.27 198.91 201.06 202.94 205.16 205.16 205.72 209.62 208.28 203.7 206.46 203.34 203.45 206.52 203.11 203.76 204.82 209.54 205.35 202.34 202.24 202.5 202.83 202.97 202.48 202.64 202.94 203.77 204.28 205.2 206.08 206.59
201.89 199.5 197.18 199.82 200.65 201.32 202.69 204.99 206.45 208.07 209.63 208.84 208.68 206.03 202.49 205.55 203.02 201.96 203.39 204.14 205.9 205.77 202.87 202.83 201.31 198.04 197.86 195.17 189.6 189.24 183.8 181.75 196.36 186.99 195.84 187.68 191.44 199.53 208.13 209.33 209.18 205.88 199.83 198.34 198.98 199.74 201.8 203.37 205.99 208.49 211.03 206.78 208.04 206.31 206.23 206.2 207.99 206.14 207.65 211.01 207.42 205.16 205.04 204.87 205.46 205.07 204.56 204.91 205.46 205.4 206.19 206.7 207.14 207.76
192.42 198.77 197.38 196.94 196.62 199.2 200.83 204.65 206.41 206.41 208.11 209.37 207.81 205.51 201.76 202.62 203.86 201.89 202.01 201.18 202.51 204.63 202.5 200.6 199.87 196.34 192.91 190.5 195.8 190.4 186.4 179.63 183.29 196.84 194.73 190.21 195.16 206.33 207.77 207.25 208.03 208.4 206.63 201.34 202.44 199.6 200.72 202.95 205.24 207.62 210.01 212.62 211.67 210.33 208.07 209.22 209.38 209.64 209.05 212.29 209.53 207.76 206.8 206.94 207.79 207.44 206.49 206.59 207.07 207.73 207.26 208.12 208.56 209.02
185.88 193.04 196.44 196.08 191.65 192.23 195.89 199.22 199.94 205.64 206.65 203.17 202.47 202.13 201.16 203.44 204.84 203.98 203.5 202.33 201.42 203.84 202.54 198.55 198.6 198.95 189.31 178.35 180.1 180.86 182.21 184.12 187.71 189.97 193.12 189.72 199.55 202.45 209.8 209.11 209.1 209.41 207.92 205.78 203.67 201.62 202.64 203.78 205.93 207.85 210.36 211.77 215.12 214.26 210.37 210.37 210.69 212.08 210.87 212.87 212.38 209.88 208.93 208.61 208.7 209.34 208.41 208.46 208.51 208.92 209.51 209.28 209.73 210.07
184.82 176.79 185.22 183.87 188.89 193.86 197 201.2 202.95 202.68 203.57 204.62 199.43 196.15 192.05 197.34 201.36 201.5 201.54 198.73 199.12 203.17 202.28 197.2 196.57 197.77 188.08 185.35 184.72 179.02 174.51 179.97 181.95 193.96 184.34 192.1 197.99 199.81 208.47 210.76 210.03 208.66 209.02 210.09 207.68 204.31 204.84 205.91 207.32 209.35 210.58 211.14 212.29 216.45 213.85 211.91 212.45 212.1 213.35 214.02 214.86 212.19 211.01 210.09 210.57 210.87 210.3 210.29 210.05 210.22 211.1 210.76 210.86 210.96
199.44 187.9 172.07 164.95 174.47 180.79 185.35 188.56 193.48 193.35 197.46 199.21 196.54 190.66 188.98 194 197.44 197.72 197.28 197.68 199.87 202.44 200 199.38 194.88 185.49 184.13 184.44 182.43 184.99 175.9 172.67 178.54 179.1 179.13 186.65 196.41 200.48 208.22 211.22 211.34 211.47 211.83 211.44 210.5 210.18 209.6 209.22 209.88 211.05 212.14 213.21 212.99 215.08 217.6 213.73 212.54 213.3 213.34 214.05 215.48 215.33 212.79 211.59 211.35 211.39 211.61 211.64 211.76 211.62 212.16 212.48 211.68 211.7
180.21 193.31 184.61 164.13 160.54 162.93 175 171.79 168.26 178.25 176.32 183.32 191.53 188.77 172.86 180.91 187.15 192.95 195.95 198.14 198.97 200.08 198.51 195.65 197.1 191.58 187 174.82 157.51 161.04 163.7 172.11 182.32 185.68 188.62 190.18 197.63 202.42 204.36 208.52 208.86 208.07 211.48 214.11 213.26 213.24 213.7 213.81 213.23 214.59 214.99 216.03 215.06 214.32 217.78 216.56 214.14 213.93 213.76 213.83 215.16 216.06 216 213.95 212.69 212.33 212.19 212.6 213.25 212.63 213.13 213.06 213.2 212.72
170.02 171.23 184.84 191.45 180.6 174.74 182.17 183.41 177.08 179.34 187.08 183.43 190.16 191.05 183.7 187.63 191.45 190.49 196.88 198.25 190.4 188.96 197.09 200.85 196.72 192.28 183.85 174.02 165.92 158.79 165.32 179.69 189.17 192.6 195.05 197.8 200.39 198.77 200.75 202.3 206.86 211.32 213.69 214.47 215.06 214.35 215.1 216.04 216.77 217.44 217.95 218.6 217.83 216.99 218.11 218.79 216.04 215.4 214.9 214.58 215.12 216.62 217.02 216.74 213.96 213.72 213.27 213.16 213.34 214.16 214.36 214.01 214.43 213.28
170.7 173.67 187.13 186.61 181.55 170.23 180.68 184.38 185.21 178.58 187.19 195.08 195.8 191.47 182.21 189.78 195.38 194.43 191.97 188.62 186.71 191.7 197.98 198.68 199.84 195.68 184.54 175.69 163.98 164.46 171.2 185.82 197.72 198.69 196.46 203.49 199.89 196.26 199.8 200.84 205.3 211.77 214.75 214.69 215.31 215.85 216.81 217.52 218.09 218.85 219.49 219.73 218.82 218.76 219.91 218.98 216.62 216.11 216.2 216.28 216.12 217.47 217.59 217.86 215.51 214.44 214.77 214.44 214.01 213.53 213.41 214.19 214.63 214.5
158.28 146.48 158.66 169.39 170.7 176.54 183.08 190.96 191.62 191.26 187.84 189.44 197.72 200.7 199 194.76 187.77 195.6 179.82 178.1 185.59 194.93 194.4 189.57 201.17 197.46 193.67 184.38 172.42 174.72 187.45 195.8 192.52 193.18 199.04 203.96 194.73 197.42 200.36 201.47 203.63 207.01 214.34 215.63 216.49 216.88 217.88 217.79 218.1 219.5 220.45 220.86 221.25 220.18 221.44 219.84 217.88 217.18 217.27 217.61 218.11 218.62 218.47 218.58 218.06 215.35 214.59 214.41 215.32 215.95 214.7 214.52 214.67 215.47
177.51 171.86 165.51 163.37 171.42 175.01 176.53 185.08 188.97 193.57 190.05 190.27 180.67 194.41 201.16 200.65 190.68 195.09 188.55 175.05 184.42 192.41 189.28 192.23 202.07 198.93 195.72 187.36 178.44 183.15 175.04 181.94 186.11 190.95 193.98 200.27 189.65 193.52 198.37 200.62 203.91 204.28 208.14 213.04 214.94 214.78 214.96 211.91 213.43 217.75 216.59 218.2 220.3 221.94 221.99 222.1 221.1 220.74 219.99 220.32 220.46 220.14 219.91 219.54 219.3 219.25 217.41 216.1 216.32 216.01 215.75 214.56 214.68 215.55
169.45 174.4 169.87 160.59 158.9 163.21 170.22 174.83 179.08 189.97 182.77 184.78 181.34 182.85 195.04 198.92 199.18 200.3 198.17 183.51 189.45 194.17 194.25 198.57 202.23 199.73 195.32 187.43 181.17 189.58 183.29 179.62 173.77 178.21 180.44 200.94 183.51 177.34 190.6 197.88 199 202.05 204.73 208.24 212.04 212.77 211.24 212.06 214.51 216.02 214.11 215.19 217.29 220.13 218.8 214.94 219.04 221.19 220.09 219.31 218.86 219.94 220.39 220.96 220.27 217.46 216.83 215.7 218.99 219.08 218.56 217.87 216.87 217.41
183.78 179.33 176.08 161.89 160.58 150.44 162.82 163.65 163.26 179.34 181.57 174.91 158.5 158.77 181.32 171.8 183.65 181.56 194.51 197.26 200.02 202.51 200.64 200.36 200.24 196.24 199.93 201.05 194.54 185.66 175.27 172.14 176.84 183.23 194 198.72 181.79 172.94 177.14 187.12 189.21 200.46 203.65 205.37 208.15 208.78 210.86 213.06 213.89 213.92 215.35 216.89 218.49 219.45 218.48 214.75 215.1 214.74 215.7 217 219.19 214.77 213.86 218.24 218.35 213.67 215.8 208.84 214.56 217.18 218.79 215.77 215.2 215.98
168.53 174.88 174.27 173.68 165.17 161.22 155.56 151.38 153.38 167.22 173.32 165.6 157.02 159.38 162.4 178.86 164.23 153.96 165.44 175.43 187.44 198.15 201.19 201.21 201.48 198.39 199.68 202.53 203.8 196.4 183.42 175.22 173.39 180.93 191.67 194.29 183 166.52 165.44 175.85 188.27 192.23 191.09 198.11 204.61 208.1 209.77 211.29 214.17 215.72 217.58 216.11 216.14 217.37 217.44 215.18 216.1 216.7 218.53 218.46 214.62 215.15 217.49 217.06 212.63 212.38 214.28 216.97 213.44 212.58 214.71 210.6 211.75 215.13
157.66 155.92 153.58 176.3 165.02 151.95 155.64 154.63 146.56 160.42 165.33 147.43 160.02 147.54 170.58 184.69 174.56 149.27 154.88 175.62 187.77 196.85 198.46 195.39 182.97 177.07 192.3 197.93 202.02 205.28 195.71 185.71 186.75 189.71 180.89 180.6 184.27 179.02 157.35 143.37 158.37 164.29 175.16 188.36 196.24 201.95 208.98 210.82 211.53 212.35 214.04 213.3 213.63 214.54 215.73 216.38 215.79 216.31 220.13 216.63 214.99 217.3 218.58 213.86 209.61 210.24 213.73 217.61 217.3 215.66 213.74 214.15 213.55 214.74
158.81 146.7 156.05 180.41 175.27 147.93 147.1 154.79 152.93 151.01 148.4 137.93 149.5 148.26 173.69 187.49 170.22 151.28 143.56 168.39 182.86 192.55 189.6 182.07 173.64 162.66 175 181.8 192.13 206.17 200.79 192.89 189.37 180.99 177.14 172.78 176.05 179.4 168.64 140.39 135.49 131.88 171.09 184.03 194.38 205.06 208.99 209.44 209.67 214.26 211.05 210.08 211.31 211.2 212.94 213.73 215.53 219.42 218.13 213.91 216.24 218.17 213.87 209.81 207.13 207.59 212.78 214.7 216.05 217.62 215.54 212.68 214.16 212.72
163.52 156.55 145.11 162.57 173.28 142.12 142.59 153.25 160.15 153.36 148.52 148.12 134.57 159.02 177.78 189.54 175.41 132.99 141.32 162.81 174.48 172.36 183.38 193.96 196 195.42 195.03 196.08 201.37 205.82 205.68 199.18 195.12 187.91 191.24 179.22 175.09 180.96 179.07 169.51 146.29 130.28 149.61 181.14 185.11 195.24 201.8 205.17 207.57 204.79 209.86 204.27 208.79 209.15 204.91 208.42 214.65 216.34 213.24 211.06 214.3 210.21 207.08 205.82 203.79 208.24 212.21 215.45 216.43 214.25 213.46 213.53 211.08 211.16
150.97 159.14 149.61 155.79 170.97 167.56 145.56 142.32 149.92 154.97 151.49 159.76 166.31 177.83 184.94 178.64 185.85 171.46 157.19 161.47 168.02 175.48 186.35 191.94 196.33 195.77 187.33 193.9 203.82 206.85 202.97 191.08 194.48 175.37 166.68 181.2 183.07 183.75 189.14 175.67 162.01 160.05 146.3 136.35 131.54 168.28 189.13 195.58 190.53 176.29 188.36 200.46 202.35 199.2 203.11 209.02 212.36 210.96 214.31 211.08 210.75 207.23 205.43 202.06 210.05 213.73 207.13 199.42 197.35 200.04 208.19 212.02 214.18 214.41
152.1 141.95 143.8 160.9 161.35 178.85 155.45 146.7 148.47 151.62 153.76 160.3 166.66 181.07 184.2 165.12 170.74 185.4 167.83 141.18 151.82 159.99 179.01 192.85 186.26 185.95 177.76 185.25 199.63 205.77 205.65 204.23 182.74 184.91 167.75 150.86 176.13 178.96 187 192.37 174.94 163.71 164.27 158.54 140.68 137.3 133.87 148.86 170.64 168.46 172.99 193.44 205.59 208.31 209.76 209.02 205.56 209.2 208.59 211.02 206.62 203.91 201.66 199.01 206.98 202.94 198.65 197.46 199.66 203.45 204 200.73 203.87 207.33
134.67 141.61 140.82 167.43 174.57 183.7 170.55 153.06 142.91 147.08 150.18 154.51 162.57 167.69 167.79 156.01 163.07 182.18 175.82 158.11 142.21 170.78 177.2 186.6 180.64 165.79 175.23 196.1 203.75 205.59 203.87 208.63 203.8 189.03 186.6 184.47 179.09 180.94 162.44 176.08 184.22 179.6 178.07 175.94 164.58 157.17 155.32 151 176.14 169.45 165.97 181.69 192.89 200.37 202.65 192.49 191.34 198.77 200.66 200.81 201.76 202.55 194.1 191.69 200.47 192.55 194.36 194.91 206.23 205.63 199.09 196.53 200.33 202.1
118.41 129.33 159.11 156.81 149.5 168.64 178.27 161.9 144.06 135.46 151.96 164.42 164.78 162.67 164.91 171.41 173.14 183.5 179.04 161.29 151.15 174.21 184.61 184.08 180.81 167.4 176.44 192.63 201.76 205.32 207.17 207.27 206.78 199.24 182.61 178.19 175.07 165.4 163.27 169.61 169.48 179.18 176.14 174.1 173.07 170.23 171.41 171.05 178.14 160.94 151.78 174.04 203.51 204.42 197.62 193.99 201.72 189.25 187.33 178.6 181.23 181.38 187.08 193.42 198.45 194.72 197.53 201.17 206.23 207.79 201.13 193.83 194.81 198.35
139.51 139.2 156.81 129.54 122.32 149.14 176.97 169.29 150.23 150.68 152.64 150.04 136.55 133.43 132.89 154.62 172.38 185 192.28 186.07 179.37 180.98 189.2 177.9 173.22 174.38 189.02 194.78 190.35 200.09 202.07 192.63 191.34 191.17 163.89 150.45 153.43 156.61 152.48 159.29 167.59 170.52 178 179.9 183.11 186.03 181.31 175.28 181.44 173.02 170.95 163.35 170.28 192.2 172.75 184.91 188.32 176.64 180.49 170.18 176.55 158.24 165.23 180.52 187.89 186.86 186.54 183.27 186.37 191.84 187.91 194.87 190.33 186.92
182.39 165.82 157.72 139.4 134.02 151.14 170.29 149.19 126.42 128.09 123.84 131.26 158.71 176.58 187.61 192.02 183.33 185.35 185.84 190.82 193.01 189.09 186.55 177.95 176.11 179.45 186.24 185.89 180.07 187.94 172.71 157.27 176.37 187.46 159.91 142.69 139.87 164.41 169.49 171.23 163.15 166.54 170.09 170.74 178.66 185.17 191.78 194.27 195.07 189.27 178.44 167.19 161.33 169.08 157.21 157.96 157.57 144.73 143.38 132.35 134.53 142.69 150.19 148.98 152.01 160.3 159.04 165.23 156.18 159.45 159.19 169.72 173.65 166.25
196.32 174.79 147.8 128.2 140.92 159.76 152.59 135.96 129.68 132.88 134.71 170.17 200.79 203.92 202.62 197.41 193.14 188.61 188.3 183.54 194.66 193.09 181.14 172.95 168.73 177.32 174.01 174.23 171.89 171.97 185.1 175.21 194.11 196.69 172.72 147.06 146.4 139.72 154.69 157.44 160.62 169.94 178.8 177.6 174.42 175.69 184.67 192.34 195 195.95 195.16 192.14 189.15 184.86 175.77 173.8 166.76 180.57 178.29 168.79 151.4 158.64 183.12 188.37 160.77 132.24 113.43 125.93 140.79 143.02 174.21 182.21 179.22 161.17
187.81 165.71 136.3 132.27 132.22 139.92 133.96 158.57 119.33 112.89 124.56 179.54 202.43 204.63 206.34 201.74 196.63 188.66 192.06 189.54 195.63 195.42 187.06 177.27 173.54 176.19 186.01 186.64 179.55 165.09 164.72 179.14 198.35 175.07 154.42 134.53 142.74 139.15 159.1 166.83 170.7 173.48 171.21 181.88 178.76 176.44 156.15 145.64 182.57 187 187.39 190.82 188.91 183.45 175.95 184.21 189.77 170.33 156.84 146.94 152.84 147.61 158.76 190.22 203.38 203.35 192.55 187.11 187.65 196.89 199.02 200.41 202.98 199.41
217.54 163.01 125.9 146.26 136.56 138.39 141.4 137.1 117.68 103.79 137.61 189.2 201.47 204.84 207.01 199.98 199.36 193.83 183.1 187.95 195.1 196.78 192.3 178.79 177.91 181.75 187.43 198.54 193.41 182.18 195.73 199.83 183.6 167.67 140.43 141.26 147.76 154.64 164.74 168.18 174.75 176.76 183.02 183.78 174.46 172.09 152.16 114.17 155.45 164.16 171.3 171.66 177.48 172.65 167.34 185.76 189.53 177.63 185.16 180.91 183.44 173.79 183.01 187.84 195.55 204.2 206.99 194.17 177.84 177.95 184.34 191.84 194.02 200.28
207.16 181.1 176.96 163.11 127.24 120.17 128.78 142.61 147.37 138.89 161.29 201.09 206.32 208.58 210.26 194.42 192.98 197.02 183.93 178.86 193.14 198.04 194.53 181.77 186.25 196.62 193.7 192.17 198.03 202.56 200.71 188.94 166.75 153.4 152.21 141.77 144.97 163.48 173.94 171.68 171.59 175.3 184.85 188.75 188.31 183.38 166.04 160.66 159.97 155.54 171.16 174.4 177.46 189.08 182.36 189.82 194.15 188.9 197.08 197.05 199.61 204.05 208.97 210.06 210.49 211.09 208.38 197.02 194.95 192.76 190.59 189.39 194.47 196.72
229.92 211.18 162.95 154.59 136.24 160.8 130.3 134.15 165.51 211.21 190.74 196.03 208.63 211.94 214.15 212.79 205.61 207.63 201.58 170.15 175.46 192.99 197.14 198.37 199.32 196.89 185.96 186.53 200.98 190.08 192.32 187.68 176.69 170.07 154.88 138.96 147.5 158.97 167.41 182.93 193.21 174.9 167.11 179.36 184.3 186.2 173.86 165.3 168.83 168.47 173.05 168.43 178.76 186.59 186.89 181.69 204.4 205.16 198.57 206.7 207.78 209.06 212.9 214.13 214.81 216.12 216.14 214.55 212.77 209.76 209.38 204.67 204.79 208.32
244.86 233.36 197.97 152 170.27 186.18 163.45 193.83 205.88 197.54 189.6 193.43 196.31 187.14 202.63 209.13 215.96 209.36 177.98 152.5 158.04 176.68 196.35 192.38 189.46 175.9 176.8 181.72 202.8 195.19 199.06 177.79 163.91 162.71 154.19 160.94 164.56 169.19 167.95 175.8 196.01 201.15 196.66 192.8 197.01 196.23 185.47 160.74 140.98 146.17 153.86 148.23 166.89 179.88 195.62 188.11 201.36 212.79 215.28 216.13 215.45 216.56 217.55 217.52 217.88 218.62 218.95 218.63 217.64 217.15 215.51 210.04 207.43 212.99
