taller 1/variables/bioclim8.asc
ncols         720
nrows         300
xllcorner     -30.008325510658
yllcorner     30.991671412252
cellsize      0.083333337679505
NODATA_value  -9999
[rows 198 to 230 of 300, columns 225 to 299 of 720]
-9999 -9999 -9999 -9999 -9999 -9999 -9999 -9999 -9999 -9999 -9999 -9999 -9999 -9999 -9999 -9999 -9999 -9999 -9999 -9999 -9999 -9999 -9999 -9999 122.1667 122.42 118.86 113.14 107.83 110.03 115.28 117.57 119.01 119.82 116.83 116.88 115.49 113.15 108.87 103.2 100.37 98.42 97.39 96.38 96.76 94.47 98.53 98.63 97.74 94.47 93.82 96.24 96.7 96.63 95.95 95.17 93.48 91.63 88.77 89 89.07 89.51 88.95 86.13 83.35 80.06 68.94 72.07 71.52 64.2 56.09 72.81 96.94 114.96 123.3
-9999 -9999 -9999 -9999 -9999 -9999 -9999 -9999 -9999 -9999 -9999 -9999 -9999 -9999 -9999 -9999 -9999 -9999 -9999 -9999 -9999 -9999 125.7 122.8261 122.7283 120.47 118.81 115.47 118.23 119.05 117.63 120.53 121.46 119.64 114.38 113.61 109.75 109.15 103.23 101.52 101.33 100.61 98.7 97 96.23 91.54 84.29 91.1 92.87 94.26 94.46 94.04 92.74 94.72 92.08 91.36 93.31 93.16 91.63 89.84 88.25 87.63 86.6 83.89 82.39 82.31 75.14 71.41 72.33 74.74 75.54 79.69 105.32 111.26 117.87
-9999 -9999 -9999 -9999 -9999 -9999 -9999 -9999 -9999 -9999 -9999 -9999 -9999 -9999 -9999 -9999 -9999 -9999 -9999 -9999 -9999 -9999 125 121.1146 119.28 120.31 119.04 118.43 120.85 120.38 120.74 122.56 121.68 117.31 115.78 114.07 109.71 105.41 105.56 105.26 103.02 105.69 104.9 104.78 104.67 100.16 88.37 90.07 96.39 99.76 97.54 95.78 97.09 97.35 93.99 94.02 92.62 89.63 91.96 89.84 86.46 85.73 85.65 83.59 86.2 88.22 86.26 87.22 85.42 84.9 79.9 88.17 111.17 115.24 116.24
-9999 -9999 -9999 -9999 -9999 -9999 -9999 -9999 -9999 -9999 -9999 -9999 -9999 -9999 -9999 -9999 -9999 -9999 -9999 -9999 -9999 -9999 123.2727 121.03 120.63 118.7 111.89 119.58 120.62 120.95 122.77 122.95 120.16 118.26 117.17 115.99 112.59 110.76 110.62 104.61 104.74 108.11 107.39 104.01 105.32 104.89 102.47 100.24 98.49 100.25 100.3 96.75 98.86 97.49 95.48 93.94 91.74 91.13 90.59 88.46 87.71 82.73 85.91 90.95 90.82 91.41 90.09 90.42 88.86 89.09 90.26 90.67 104.06 110.72 114.45
-9999 -9999 -9999 -9999 -9999 -9999 -9999 -9999 -9999 -9999 -9999 -9999 -9999 -9999 -9999 -9999 -9999 -9999 -9999 -9999 -9999 -9999 121.9 121 119.34 114.58 118.4 122.12 121.6 123.74 124.3196 122.61 120.62 118.84 117.02 116.27 114.97 115.47 109.19 106.59 109.12 108.91 109.71 109.64 106.85 105.63 104.5 104.03 102.41 102.14 102.5 100.32 100.74 98.24 97.22 96 94.75 94.74 94.13 91.54 91.37 90.84 94.43 94.55 94.25 94.37 92.97 92.05 91.43 90.63 92.35 95.11 104.27 101.97 106.44
-9999 -9999 -9999 -9999 -9999 -9999 -9999 -9999 -9999 -9999 -9999 -9999 -9999 -9999 -9999 -9999 -9999 -9999 -9999 -9999 -9999 -9999 119.1778 118.83 116.3 113.8 116.81 124.299 125.3696 125.2065 124.1717 121.61 120.89 119.41 119.2 119.38 117.53 115.7 111.4 107.95 106.32 107.7 110.53 109.96 109.3 107.38 105.24 104.54 104.66 102.6 101.26 102.79 101.46 100.66 99.7 98.37 97.8 97.4 97.13 95.14 92.42 93.78 96.3 95.92 95.96 94.91 94.2 92.55 88.8 86.18 89.84 90.7 88.18 107.46 102.7
-9999 -9999 -9999 -9999 -9999 -9999 -9999 -9999 -9999 -9999 -9999 -9999 -9999 -9999 -9999 -9999 -9999 -9999 -9999 -9999 -9999 -9999 115.809 111.47 111.72 111.59 116.76 125.0575 126.1 125.28 124.19 123.08 122.97 122.63 120.92 119.48 118.33 116.47 114.26 112.19 104.4 103.28 103.06 107.1 107.22 105.94 104.24 101.07 100.18 103.37 103.67 102.87 101.9 101.26 100.74 99.89 99.53 98.97 98.72 96.53 95.68 97.68 97.52 96.79 95.38 93.62 92.9 91.46 91.12 89.38 86.67 86.2 91.54 85.41 74.85
-9999 -9999 -9999 -9999 -9999 -9999 -9999 -9999 -9999 -9999 -9999 -9999 -9999 -9999 -9999 -9999 -9999 -9999 -9999 -9999 -9999 115.8462 113.02 111.24 112.62 120.02 123.7647 127 126.56 125.33 124.38 122.33 121.42 120.54 118.71 119.49 117.95 113.29 108.35 105.88 103.79 103.33 104.66 101.37 101.74 102.95 103.37 99.96 99.93 104.23 104.83 102.58 101.34 104.71 101.18 100.07 99.67 98.86 96.72 97.64 97.85 96.76 95.08 94.71 92.09 91.27 89.78 88.53 90.52 88.38 87 84.97 86.05 90.09 83.78
-9999 -9999 -9999 -9999 -9999 -9999 -9999 -9999 -9999 -9999 -9999 -9999 -9999 -9999 -9999 -9999 -9999 -9999 -9999 -9999 -9999 112.9722 111.19 112.34 115.97 123.48 127.3636 127.1429 126.48 125.18 123.98 123.37 121.81 120.1 118.48 117.22 113.27 105.37 103.3 103.1 101.31 100.67 100.84 104.66 102.16 100.11 103.42 105.51 105.85 105.87 104.07 101.33 99.66 99.53 98.73 98.37 98 95.77 95.11 96.13 94.77 92.05 90.43 89.06 90.53 84.98 87.97 87.55 89.42 87.39 84.94 82.08 81.7 80.68 91.54
-9999 -9999 -9999 -9999 -9999 -9999 -9999 -9999 -9999 -9999 -9999 -9999 -9999 -9999 -9999 -9999 -9999 -9999 -9999 -9999 -9999 119.6216 118.8667 119.9 121.64 125.5 127.8889 127.2391 126.79 125.89 124.21 122.24 120.75 119.83 119.02 115.9 107.89 102.22 100.66 99.93 100.01 98.86 102.47 102.88 103.38 105.44 103.62 107.68 107.22 104.41 102.32 100.03 98.91 98.61 98.04 97.45 96.91 95.46 93.82 94.41 95.77 93.15 89.38 87.11 87.05 87.85 86.17 87.13 85.19 82.78 79.64 80.26 81.64 86.03 89.59
-9999 -9999 -9999 -9999 -9999 -9999 -9999 -9999 -9999 -9999 -9999 -9999 -9999 -9999 -9999 -9999 -9999 -9999 -9999 -9999 -9999 -9999 -9999 -9999 124.3898 126.0989 127.0337 126.25 126.01 126.19 125.26 123.76 122.19 120.7 116.44 112.14 105.5 100.16 98.8 98.82 100.82 101.08 106.47 108.66 106.44 106.57 108.69 107.65 107.01 103.9 99.27 97.12 95.39 96.05 95.86 94.6 94.71 94.37 92.19 92.18 93.12 91.28 87.85 85.4 83.96 87 82.92 82.59 80.09 80.27 83.82 85.34 86.27 88.52 89.56
-9999 -9999 -9999 -9999 -9999 -9999 -9999 -9999 -9999 -9999 -9999 -9999 -9999 -9999 -9999 -9999 -9999 -9999 -9999 -9999 -9999 -9999 -9999 -9999 124.3333 125.35 124.67 122.54 125.6711 127.2784 126.5667 123 122.82 121.43 117.07 114.75 111.59 103.47 101.85 102.34 101.52 104.45 110.08 109.07 107.08 106.04 108.01 108.85 106.2 103.59 99.02 95.82 92.95 87.37 89.15 86.97 91 92.77 89 89.36 90.31 91.91 85.8 84.49 84.51 86.44 81.46 77.62 80.39 81.61 84.69 84.1 84.93 85.78 86.88
-9999 -9999 -9999 -9999 -9999 -9999 -9999 -9999 -9999 -9999 -9999 -9999 -9999 -9999 -9999 -9999 -9999 -9999 -9999 -9999 -9999 -9999 -9999 -9999 123.12 122.0959 120.7188 119.0909 127.7647 127.9787 127.0526 125.6263 123.98 122.38 121.82 118.1 115.33 114.07 109.64 105.33 103.86 109.66 111.29 109.44 108.64 108.43 109.36 109.49 106.57 104.1 100.87 96.55 91.6 86.29 84.97 83.46 86.68 90.19 86.09 86.07 87.39 89.73 88.71 86.34 83.78 83.47 81.64 81.4 82.4 81.27 80.17 82.39 84.15 83.86 85.92
-9999 -9999 -9999 -9999 -9999 -9999 -9999 -9999 -9999 -9999 -9999 -9999 -9999 -9999 -9999 -9999 -9999 -9999 -9999 -9999 -9999 -9999 -9999 -9999 -9999 -9999 -9999 -9999 -9999 127.4889 125.99 124.8866 125.04 123.6 120.92 120.89 115.84 114.29 113.33 109.51 103.8 108.34 108.65 109.87 109.78 110.29 111.27 108.79 107.07 104.99 100.57 98.05 92.89 88.59 94.7 92.43 91.08 87.08 86.66 85.56 84.02 85.33 86.56 83.9 84.78 83.22 82.58 82.62 81.56 79.82 80.76 81.18 81.15 81.65 82.55
-9999 -9999 -9999 -9999 -9999 -9999 -9999 -9999 -9999 -9999 -9999 -9999 -9999 -9999 -9999 -9999 -9999 -9999 -9999 -9999 -9999 -9999 -9999 -9999 -9999 -9999 -9999 -9999 -9999 126.8889 125.3 123.37 122.45 123.44 123.07 122.4 119.49 116.67 113.93 110.46 110.77 108.27 105.45 107.4 110.52 110.98 111.43 108.99 107.62 105.35 103.06 99.7 96.33 97.79 96.95 94.25 93.24 90.55 88.06 84.63 83.61 82.17 82.37 82.59 82.86 82.69 81.97 83.83 81.34 80.12 83.06 82.27 84.83 82.12 76.78
-9999 -9999 -9999 -9999 -9999 -9999 -9999 -9999 -9999 -9999 -9999 -9999 -9999 -9999 -9999 -9999 -9999 -9999 -9999 -9999 -9999 -9999 -9999 -9999 -9999 -9999 -9999 -9999 -9999 126.0588 123.8 119.65 122.65 122.25 121.47 122.48 121.04 119.21 116.97 114.25 111.32 110.9 109.43 110.33 111.2 112.22 110.41 109.57 107.91 106.44 105.22 103.82 98.43 93.39 86.32 86.3 88.82 90.08 87.74 84.76 86.77 85.81 83.27 80.23 82.18 84.18 86.16 88 87.64 81.67 78.69 77.98 81.89 84.42 85.45
-9999 -9999 -9999 -9999 -9999 -9999 -9999 -9999 -9999 -9999 -9999 -9999 -9999 -9999 -9999 -9999 -9999 -9999 -9999 -9999 -9999 -9999 -9999 -9999 -9999 -9999 -9999 -9999 -9999 127.7111 122.86 115.21 119.41 121.78 123.1 121.88 121.01 119.16 116.63 113.81 113.32 113.52 113.86 114.76 113.07 110.76 110.24 110.23 109.17 107 103.9 100.93 99.24 94.4 89.46 88.22 83.32 82.5 83.57 80.43 81.13 87.57 89.96 87.15 81.23 81.19 82.99 86.89 88.49 89.51 88.05 84.86 82.83 81.53 81.88
-9999 -9999 -9999 -9999 -9999 -9999 -9999 -9999 -9999 -9999 -9999 -9999 -9999 -9999 -9999 -9999 -9999 -9999 -9999 -9999 -9999 -9999 -9999 -9999 -9999 -9999 -9999 -9999 128 127.2614 121.74 118.01 119.23 121.79 122.76 122.11 120.9 117.89 113.96 112.77 110.91 112.95 112.87 114.92 112.39 110.23 107.57 107.44 107.12 102.31 98.23 94.22 93.96 97.68 91.68 84.53 84.56 85.27 77.71 78.25 84.17 84.33 89.92 93.42 88.8 85.22 79.6 81.8 85.31 90.58 95.62 91.95 90.2 85.52 85.46
-9999 -9999 -9999 -9999 -9999 -9999 -9999 -9999 -9999 -9999 -9999 -9999 -9999 -9999 -9999 -9999 -9999 -9999 -9999 -9999 -9999 -9999 -9999 -9999 -9999 -9999 -9999 -9999 128.1667 126.7765 121.01 121.1 122.31 122.83 123.35 122.39 120.62 117.98 116.25 114.62 112.11 112.28 114.76 114.63 111.47 110.33 108.99 108.04 109.17 106.6 104.16 100.31 93.34 90.19 89.22 87.73 92 95.5 90.52 86.24 90.72 88.53 83.89 92.56 89.47 83.83 86.46 80.74 80.94 87.69 89.05 93.96 95.87 90.06 92.96
-9999 -9999 -9999 -9999 -9999 -9999 -9999 -9999 -9999 -9999 -9999 -9999 -9999 -9999 -9999 -9999 -9999 -9999 -9999 -9999 -9999 -9999 -9999 -9999 -9999 -9999 -9999 -9999 -9999 127.1429 122.15 121.82 123.4 123.58 122.98 120.67 117.63 116.09 115.81 115.73 115.36 115.96 114.95 116.17 113.28 110.73 109.51 110.86 107.45 101.05 97.59 97.34 92.53 91.49 89.54 88.49 88.09 90.09 96 97.08 92.56 93.54 93.23 100.06 93.78 92.28 91.52 87.03 88.51 91.3 98.64 97.01 100.67 100.37 101.72
-9999 -9999 -9999 -9999 -9999 -9999 -9999 -9999 -9999 -9999 -9999 -9999 -9999 -9999 -9999 -9999 -9999 -9999 -9999 -9999 -9999 -9999 -9999 -9999 -9999 -9999 -9999 -9999 -9999 127.2553 121.83 121.72 122.29 122.87 121.88 119.31 116.49 114.99 115.39 115.87 116.15 115.98 115.56 115.89 113.08 112.43 112.76 111.34 108.3 105.67 105.95 105 102.66 104.74 101.45 99.8 95.19 93.37 96.64 100.17 97.87 96.5 95.11 101.33 105.22 98.54 98.88 97.14 98.31 102.03 101.15 104.78 109.6 108.57 107.91
-9999 -9999 -9999 -9999 -9999 -9999 -9999 -9999 -9999 -9999 -9999 -9999 -9999 -9999 -9999 -9999 -9999 -9999 -9999 -9999 -9999 -9999 -9999 -9999 -9999 -9999 -9999 -9999 -9999 128.625 125.6316 123.26 121.08 117.91 119.42 119.77 117.13 114.15 115.46 115.59 115.42 116.2 115.78 117.09 114.15 115.75 114.4 114.61 112.51 110.4 110.72 111.26 108.87 110.65 105.02 101.03 99.51 99.43 97.34 100.36 103.08 103.44 102.16 100.55 107.34 109.57 107.99 103.44 106.04 111.04 111.43 110.93 110.1 107.46 106.22
-9999 -9999 -9999 -9999 -9999 -9999 -9999 -9999 -9999 -9999 -9999 -9999 -9999 -9999 -9999 -9999 -9999 -9999 -9999 -9999 -9999 -9999 -9999 -9999 -9999 -9999 -9999 -9999 -9999 128.3571 127.79 126.4 121.27 118.22 114.15 117.63 115.83 113.97 114.08 114.1 116.2 117.14 118.38 119.13 117.52 118.84 117.38 115.07 112.3 110.59 113.55 114.95 110.24 110.45 105.79 103.43 106.47 101.98 102.09 104.52 106.33 105.94 109.37 108.11 111.69 114.89 114.44 113.16 113.39 112.17 110.41 109.62 108.72 109.58 107.34
-9999 -9999 -9999 -9999 -9999 -9999 -9999 -9999 -9999 -9999 -9999 -9999 -9999 -9999 -9999 -9999 -9999 -9999 -9999 -9999 -9999 -9999 -9999 -9999 -9999 -9999 -9999 -9999 -9999 128.5556 124.86 126.03 125.5 122.86 119.35 118.45 115.61 112.83 112.76 113.6 114.54 114.94 115.95 116.87 119.55 117.26 114.88 112.63 112.48 114.65 115.58 117.02 115.11 110.84 109.08 108.61 108.97 104.8 106.89 111.48 113.02 114.22 116.64 116.91 116.68 115.11 113.02 112.01 111.54 109.67 108.45 108.91 107.6 107.86 110.44
-9999 -9999 -9999 -9999 -9999 -9999 -9999 -9999 -9999 -9999 -9999 -9999 -9999 -9999 -9999 -9999 -9999 -9999 -9999 -9999 -9999 -9999 -9999 -9999 -9999 -9999 -9999 -9999 -9999 128.5435 124.37 119.52 122.55 123.57 118.76 115.44 112.02 110.08 110.75 111.04 112.77 114.26 114.53 115.17 115.6 120.79 117.55 116.1 116.65 116.62 118.75 119.08 116.27 116.37 115.51 116.24 115.51 113.27 115.1 116.8 116.56 114.9 117.61 118.45 116.76 114.17 110.67 111.64 113.52 112.15 110.41 110.05 108.4 108.61 110.91
-9999 -9999 -9999 -9999 -9999 -9999 -9999 -9999 -9999 -9999 -9999 -9999 -9999 -9999 -9999 -9999 -9999 -9999 -9999 -9999 -9999 -9999 -9999 -9999 -9999 -9999 -9999 -9999 130 128.7619 122.2 117.79 111.66 119.18 122.17 118.98 114.59 108.45 107.38 110.03 110.47 111.31 115.12 118.27 120.27 122.7579 120.23 120.04 119.81 119.56 120.48 127.81 141.94 142.74 138.94 125.21 115.71 114 115.21 116.66 116.06 114.21 116.68 118.79 116.93 113.49 113.82 114.91 113.91 113.43 113 112.11 112.22 111.94 110.05
-9999 -9999 -9999 -9999 -9999 -9999 -9999 -9999 -9999 -9999 -9999 -9999 -9999 -9999 -9999 -9999 -9999 -9999 -9999 -9999 -9999 -9999 -9999 -9999 -9999 -9999 -9999 -9999 129.44 128.16 120.67 114.74 114.92 122.54 121.24 122.96 119.24 113.37 110.76 105.48 105.26 110.48 112 115.7 120.32 124.5376 124.1875 123.34 124.22 123.97 123.38 134.2889 150.6444 138.77 124.75 117.91 118.72 117.25 117.54 118.73 118.33 118.18 119.35 118.06 116.02 116.18 115.62 114.92 114.23 112.79 111.93 112.67 111.91 111.33 108.73
-9999 -9999 -9999 -9999 -9999 -9999 -9999 -9999 -9999 -9999 -9999 -9999 -9999 -9999 -9999 -9999 -9999 -9999 -9999 -9999 -9999 -9999 -9999 -9999 -9999 -9999 -9999 -9999 131.2203 127.15 127.97 128.88 129.71 129.09 128.02 127.55 125.26 120.46 119.21 114.45 109.84 114 118.75 121.85 124.1313 127.1707 127.24 126.5385 125.3659 125.3636 124.8649 128.2245 139.3139 135.94 131.54 125.49 124.03 122.24 121.08 120.87 120.43 120.2 119.78 119.05 117.71 116.24 115.18 118.85 113.93 112.82 110.05 110.61 108.9 106.72 103.81
-9999 -9999 -9999 -9999 -9999 -9999 -9999 -9999 -9999 -9999 -9999 -9999 -9999 -9999 -9999 -9999 -9999 -9999 -9999 -9999 -9999 -9999 -9999 -9999 -9999 -9999 -9999 131 130.8085 131.46 131.2581 132.3889 131.2791 130.0526 129.7692 129.172 127.7816 127.8438 126.12 121.16 120.96 122.99 126.83 128.7727 128.2308 -9999 -9999 -9999 -9999 -9999 -9999 -9999 137.1429 123.7179 124.4815 128.14 135.96 137.6 127.33 121.88 121.24 120.41 119.7 119.28 119.04 117.5 115.51 114.25 113.46 110.24 106.16 105.43 103.74 99.57 101.35
-9999 -9999 -9999 -9999 -9999 -9999 -9999 -9999 -9999 -9999 -9999 -9999 -9999 -9999 -9999 -9999 -9999 -9999 -9999 -9999 -9999 -9999 -9999 -9999 -9999 -9999 -9999 135.0455 134.8958 134.7692 -9999 -9999 -9999 -9999 -9999 -9999 -9999 131.3333 130.6977 131.023 130.0753 129.8154 130.56 -9999 -9999 -9999 -9999 -9999 -9999 -9999 -9999 -9999 -9999 -9999 -9999 126.4286 130.5732 133.93 138.9 131.29 121.57 120.6882 120.0404 119.52 118.89 117.28 116.09 114.94 110.38 109.25 105.49 103.47 97.4 100.71 98.64
-9999 -9999 -9999 -9999 -9999 -9999 -9999 -9999 -9999 -9999 -9999 -9999 -9999 -9999 -9999 -9999 -9999 -9999 -9999 -9999 -9999 -9999 -9999 -9999 -9999 -9999 -9999 -9999 -9999 -9999 -9999 -9999 -9999 -9999 -9999 -9999 -9999 -9999 -9999 132 131.9048 132 -9999 -9999 -9999 -9999 -9999 -9999 -9999 -9999 -9999 -9999 -9999 -9999 -9999 -9999 126 146.0862 149.38 144.4255 134.7527 123.234 119.39 118.67 116.76 114.21 114.79 114.12 110.86 107.22 104.06 104.58 96.75 93.39 90.24
-9999 -9999 -9999 -9999 -9999 -9999 -9999 -9999 -9999 -9999 -9999 -9999 -9999 -9999 -9999 -9999 -9999 -9999 -9999 -9999 -9999 -9999 -9999 -9999 -9999 -9999 -9999 -9999 -9999 -9999 -9999 -9999 -9999 -9999 -9999 -9999 -9999 -9999 -9999 -9999 -9999 -9999 -9999 -9999 -9999 -9999 -9999 -9999 -9999 -9999 -9999 -9999 -9999 -9999 -9999 -9999 -9999 -9999 152.1358 151.6506 145.3474 127.46 118.24 114.62 115.4 114.41 114.87 115.53 109.87 106.45 102.57 97.16 96.09 89.48 86.43
-9999 -9999 -9999 -9999 -9999 -9999 -9999 -9999 -9999 -9999 -9999 -9999 -9999 -9999 -9999 -9999 -9999 -9999 -9999 -9999 -9999 -9999 -9999 -9999 -9999 -9999 -9999 -9999 -9999 -9999 -9999 -9999 -9999 -9999 -9999 -9999 -9999 -9999 -9999 -9999 -9999 -9999 -9999 -9999 -9999 -9999 -9999 -9999 -9999 -9999 -9999 -9999 -9999 -9999 -9999 -9999 -9999 154 153.2609 151.7527 149.44 137.44 117.39 115.99 116.52 116.55 114.59 115.26 108.76 91.78 84.63 95.46 92.98 92.63 76.91
