taller 1/variables/bioclim14.asc
ncols         720
nrows         300
xllcorner     -30.008325510658
yllcorner     30.991671412252
cellsize      0.083333337679505
NODATA_value  -9999
[rows 102 to 135 of 300, columns 456 to 531 of 720]
66.03 64.9 62.22 64.28 67.27 67.45 66.6 65.98 65.09 64.56 65.24 61.89 59.6 58.03 57.73 62.4 63.03 63.35 63.86 62.21 62.54 62.58 61.35 60.55 60.94 62.16 60.16 56.92 64.04 63.16 62.91 57.2 55.15 56.01 57.88 56.29 60.37 54.44 53.13 54.04 61.81 58.49 57.19 56.26 51.63 55.84 47.16 47.4 48.01 48.11 50.87 53.51 52.96 58.49 59.71 60.21 66.51 63.87 67.06 79.71 82.84 78.58 73.05 77.49 79.41 81.46 84.13 89.31 87.57 84.39 80.91 76.74 78 77.58 81.12 79.11
61.26 63.02 64.68 64.43 67.93 68.72 66.52 67.26 63.07 65.33 70 72.55 67.61 65.12 68.55 67.62 66.98 67.57 63.43 62.03 63.5 64.37 62.11 62.21 63.13 65.21 59.3 56.41 65.85 68 58.52 62.77 60.59 62.82 56 63.13 61.65 57.85 51.13 51.77 61.24 67.89 62.55 55.51 48.01 47.56 45.63 55.21 55.22 52.22 53.55 57.75 58.9 59.82 65.08 63.92 64.25 62.13 65.66 69.12 70.85 71.65 71.3 75.73 77.48 79.18 80.35 81.77 81.58 84.21 84.3 81.46 82.34 80.59 82.93 81.18
64.82 68.1 66.64 70.69 65.44 69.53 70.93 66.28 65.23 63.06 67.27 71.9 73.87 69.62 72.77 74.75 81.73 71.99 63.37 62 63 68.48 70.99 65.32 65.24 66.24 66.95 69.69 65.88 62.05 62.57 68.78 63.4 53.81 49.65 48.96 53.81 50.82 46.74 51.33 50.82 45.7 42.85 45.61 49.09 59.24 46.77 59.24 63.82 64.4 60.17 57.44 53.65 54.26 56.02 58.73 58.94 59.05 63.58 65.33 67.92 70.07 72.58 75.95 77.99 80 81.04 83.86 85.22 86.4 84.95 85.64 83.86 84.48 82.55 80.64
65.91 68.43 72.01 69.6 67.92 64.89 68.8 72.39 68.23 66.52 62.07 60.72 63.16 82.32 75.5 81.32 80.98 63.82 63.97 64.23 62.03 61.84 61.34 69.7 79.76 73.59 77.55 69 77.17 73.38 76.05 58.02 50.75 50.41 54.19 67.42 82.75 66.46 53.37 52.77 43.57 46.76 67.64 66.05 66.33 62.95 43.6 55.19 56.18 66.6 63 60.73 70.58 65.65 67.78 64.66 75.75 75.93 69.09 66.28 71.29 68.99 71.89 76.05 79.94 80.17 81.67 80.47 80.74 79.76 82.7 79.94 79.53 74.37 69.99 68.69
67.11 69.22 68.75 66.39 66.6 66.43 76.21 81.3 83.09 81.03 82.05 84.64 71.89 72.29 75.94 74.21 78.27 71.33 65.55 76.09 71.19 67.44 57.77 57.58 60.92 73.91 73.56 71.86 70.41 54.37 56.74 51.03 52.69 64.46 75.56 53.05 87.56 82.63 74.52 53.58 51.31 42.9 54.46 67.39 66.99 54.31 52.26 66.54 68.32 84.15 75.47 88.68 97.81 79.8 73.56 83.39 97.91 79.38 77.29 75.41 72.7 67.59 75 77.63 81.25 79.22 76.52 77.17 75.52 75.51 76.7 75.9 73.97 70.65 69.11 66.72
76.47 75.08 74.89 69.92 66.31 74.25 79.88 70.92 87.47 89.94 98.12 95.7 86.38 92.71 105.59 97.95 73.99 64.03 66.75 79.77 81.64 78.14 73.5 58.91 64.04 78.66 89.31 75.15 70.9 77.61 75.32 45.97 58.48 76.57 71.91 66.14 75.53 95.76 67.76 66.6 52.4 46.2 49.16 76.42 71.87 71.31 81.6 69.56 62.64 69.44 85.16 80.57 70.5 66.78 58.59 71.79 85 75.35 67.98 82.02 79.2 75.06 76.22 85.55 81.45 79.5 77.41 75.54 76.1 76.52 75.4 75.97 76.19 75.39 69.63 68.54
84.88 96.93 101.98 76.13 74.94 85.16 82.98 76.83 101.35 95.17 104.79 115.67 83.05 96.32 88.36 104.58 100.67 79.03 62.2 60.12 56.63 58.16 79.32 75.74 64.01 69.62 73.39 81.2 79.72 63.91 49.53 61.82 83.02 91.05 78.64 84.91 60.14 91.29 90.93 63.19 50.51 43.6 52.92 61.9 73.7 72.29 56.13 44.16 62.94 74.35 74.49 73.81 66.56 58.97 52.43 56.31 80.08 78.94 63.29 69.49 69.73 65.53 64.17 75.01 76.73 70.97 71.3 72.45 73.34 74.07 74.47 75.2 73.43 70.27 66.45 61.09
101.39 102.15 76.67 87.17 95.36 123.09 119.89 79.08 97.44 109.87 127.37 104.13 121.98 111.53 116.58 100 96.05 74.99 60.57 68.29 69.4 73.44 55.8 72.25 92.33 102.55 98.2 84.42 65.22 49.99 57.96 77.76 92.48 103.74 97.2 82.92 74.4 61.76 54.87 44.13 37.77 37.86 42.49 55.49 43.85 52.07 45.87 39.73 63.79 58.95 63.92 62.63 67.04 68.13 68.2 58.32 54.17 57.55 56 59.27 61.59 70.52 67.38 63.68 65.99 67.88 68.37 68.7 69.61 69.8 70.7 71.49 68.3 61.51 58.98 55.59
97.74 95.91 101.79 118.74 122.99 125.85 136.35 102.09 98.15 124.94 133.94 130.6 99.63 77.84 71.83 71.02 64 64.51 68.79 82.4 72.86 71.46 67.14 90.36 85.62 66.02 57.89 48.57 63.62 72.32 45.01 76.51 97.19 90.44 96.85 93.64 84.7 53.15 35.88 43.41 43.8 48.38 46.07 35.12 33.96 37.87 34.53 35.93 35.83 41.13 42.08 57.21 51.95 50.36 52.57 50.97 53.43 57.21 54.57 57.73 62.51 62.48 61.49 62.78 63.66 64.46 66.35 67.52 67.82 68.37 68.11 68.24 63.66 59.66 60.06 55.44
118.09 114.35 94.01 107.63 134.46 147.24 124.41 103.97 128.88 114.23 95.83 89.98 108.2 86.81 73.47 89.26 70.93 60.83 60.83 78.42 65.85 78.15 91.95 95.96 80.61 61.08 74.19 71.68 73.43 62.2 36.51 48.41 76.94 68.9 56.09 52.77 54.36 38.79 33.2 42.05 35.89 43.11 41.75 34.31 36.97 43.48 37.49 39.14 50.63 43.21 41.34 47.45 45.01 53.78 54.13 53.05 53.39 51.92 52.59 52.71 54.72 56.97 58.98 61.59 62.45 64.15 66.86 68.21 67.46 67.02 66.7 64.07 59.19 52.66 47.62 43.66
111.92 153.78 147.55 129.43 152.23 143.23 117.88 122.89 130.05 122.85 119.18 122.97 116.79 105.96 96.34 104.85 93.63 71.07 77.83 64.22 81.81 70.17 95.05 67.09 62.89 81.75 56.54 63.56 55.68 44.98 40.24 37.98 36.13 35.1 35.36 37.83 35.08 32.26 32.59 31.3 30.84 38.24 31.76 32.05 37.44 52.44 41.64 49.96 52.57 49.25 50.39 55.49 52.65 46.5 48.01 48.71 54.7 51.86 54.96 53.15 54.75 56.26 58.53 61.45 64.16 65.46 68.31 68.44 67.28 67.3 62.16 60.11 56.66 52.46 48.1 43.77
166.33 165.77 154.89 127.79 120.15 141.93 117.87 108.44 103.89 110.9 104.19 81.84 126.59 114.14 98.88 92.86 89.1 80.55 94.4 67.87 105.1 96.53 59.15 80.95 85.75 63.82 65.16 59.59 64.42 79.34 63.66 79.45 65.85 55.15 52.81 35.75 31.75 29.37 31.84 30.44 31.19 30.4 32.7 38.56 39.99 50.04 45.42 44.09 55.88 38.54 47.58 44.9 44.12 40.27 43.99 46.98 47.27 48.55 51.04 52.55 54.71 56.62 57.17 60.12 62 63.91 66.22 71.23 69.42 66.85 64.79 64.12 60.49 57.6 55.26 51.56
154.11 134.92 118.84 130.16 136.96 129.93 122.8 102.52 111.4 88.52 81.17 74.3 94.62 109.81 86.1 97.69 81.17 87.19 94.32 87.2 82.21 71.21 82.56 77.58 78.48 77.73 68.59 54.59 38.19 49.14 74.67 93.68 73.82 56.3 40.12 34.98 28.92 29.54 28.51 32.89 30.69 29.77 29.66 42.53 36.87 43.94 53.17 36.9 39.73 46.66 36.64 45 39.46 41.81 44 47.45 46.59 48.96 53.6 53.11 58.27 57.5 60.22 61.31 62.17 59.73 63.31 65.62 64.89 64.83 65.79 66.56 65.27 64.36 65.2 64.32
100 107.7 119.57 134.47 128.08 113.22 95.88 83.04 95 91.25 83.4 67.71 81.6 82.33 73.05 84.08 64.39 83.44 80.52 67.5 77.26 89.34 102.97 110.54 56.09 58.67 67.88 52.27 42.21 66.87 76.54 67.82 37.87 39.57 31.14 29.77 33.41 30.57 28.96 35.06 28.96 30.2 35.41 33.62 38.94 46.84 37.31 35.75 42.03 37.14 37.06 39.83 41.71 44.67 45.96 44.5 47.02 50.35 52.93 55.58 61.48 62.51 61.36 64.28 64.97 58.52 64.13 69.63 66.19 61.87 61.93 65.18 66.14 61.87 61.6 62.1
108.13 135.2 123.93 98.85 94.52 105.46 90.22 78.74 76.47 78.12 81.05 72.75 73.07 68.38 64.98 68.81 58.05 57.05 66.45 75.7 87.81 72.01 49.23 69.03 54.96 47.15 47.09 38.37 44.12 48.56 40.83 43.8 34.9 33.42 30.4 28.63 35.15 31 34.42 31.2 29.16 29.62 31.42 32.88 37.51 37.82 50 36.71 37.34 39.47 39.69 41.32 41.54 43.83 44.38 45.71 50.07 56.08 54.53 58.25 63.07 67.61 63.35 65.9 66.36 68.31 70.72 67.48 62.8 62.15 68.18 68.87 67.73 67.42 65.56 63.65
127.2 113.65 95.17 75.1 81.08 97.3 83.37 73.61 67.29 68.52 67.4 69.96 63.82 63.75 66.88 62.69 58.29 55.83 66.28 53.47 55.96 53.91 45.2 51.82 46.22 42.73 38.11 36.36 35.77 46.02 64.55 50.88 48.16 30.01 34.21 32.11 31.81 39.07 33.37 30.88 30.27 32.22 37.04 35.43 33.29 34.96 35.13 36.24 37.64 39.86 41.21 46.5 43.19 43.43 48.43 50.02 55.42 62.73 63.44 67.44 69.7 70.94 71.14 71.22 70.43 71.39 70.24 72.61 72.04 70.78 69.66 69.76 69.93 69.42 69.16 69.04
145.27 111.91 84.85 62.31 75.65 77.48 70.65 70.92 66.26 64.82 66.37 63.86 63.25 63.83 60.27 60.14 57.53 57.32 53.95 50.97 49.56 48.17 45.48 47.16 47.52 42.26 43.68 38.54 36.44 47.5 61.43 54.95 30.94 29.66 36.84 30.36 33.18 40.74 35.58 30.45 30.73 30.75 34.07 33.05 33.29 35.99 35.47 38.44 44.68 52.07 51.49 46.46 49.49 43.34 45.55 60.63 66.27 68.56 70.28 71.76 72.58 73.11 73.53 73.81 73.99 73.91 74.03 74.07 73.9 73.32 73.49 73.15 73.03 72.98 72.94 73.14
131.99 91.97 69.76 59.72 75.3 74.8 73.14 66.18 63.28 64.93 64.82 66.48 62.57 60.9 59.05 60.78 54 53.31 56.3 51.02 50.43 50.57 55.37 48.48 44.68 44.94 38.97 35.83 38.82 41.12 39.96 36.7 32.61 33.09 36.65 39.79 30.42 41.41 36.1 36.49 34.62 37.13 37.95 37.93 36.41 41.98 45.72 51.76 49.82 47.31 44.71 49.04 47.5 49.79 64.91 68.55 69.63 70.88 72.28 73.88 74.83 74.41 74.21 74.93 75.79 75.72 75.28 75.07 75.16 73.75 73.53 74.78 75.48 76.08 76.38 77.05
100.53 83.21 87.89 75.85 68.39 59.01 60.69 61.52 63.32 64.55 65.45 66 59.75 60.53 60.09 59.89 54.92 51.65 49.89 47.83 46.58 47.33 44.28 41.42 40.61 38.24 38.66 43.18 36.42 40.03 33.75 33.72 30.87 31.24 38.51 36.69 35.77 39.44 30.83 34.04 30.2 32.06 32.07 32.82 42.25 42.12 41.72 48.34 41.71 53.68 58.28 61.08 63.36 64.82 67.21 68.96 70.23 71.47 72.97 74.6 74.59 73.59 73.23 74.65 76.31 76.2 74.03 73.23 73.62 73.33 72.49 75.71 77.65 78.93 80.11 80.01
89.27 79.83 67.51 68.56 60.57 62.1 60.03 60.76 62.84 63.7 64.75 64.84 62.26 61 56.67 57.42 57.4 51.78 49.58 49.06 47.55 43.97 44.41 43.34 41.84 43.51 42.95 35.54 35.02 33.77 34.89 35.43 33.35 34.56 44.47 37.71 43.51 33.64 30.8 33.12 38.23 34.5 34.64 36.92 43.97 37.62 48.77 57.46 59.63 60.89 61.39 62.78 63.64 64.96 66.45 68.05 69.49 70.97 72.54 74.13 74.06 73.95 73.97 75.08 76.47 74.08 73.31 74.3 74.63 74.23 74.04 76.21 78.1 79.55 81.92 83.71
73.61 67.34 65.12 56.79 57.46 57.76 58.99 60.51 62.39 63.54 64.23 64.29 63.82 62.52 61.6 61.15 58.12 55.94 51.93 51.72 49.18 47.51 47.8 44.28 48.14 44.16 37.64 38.91 36.06 37.18 40.3 34.64 36.72 44.66 34.95 36.65 39.99 34.28 33.87 38.96 43.86 45.17 44.85 48.21 56.2 60.6 61.82 61.58 61.66 61.11 62.77 62.7 62.84 63.69 64.96 66.48 68.08 69.73 71.36 73.01 73.23 73.21951 73.98572 75.03333 75.64 72.44 70.35294 72.62857 74.95959 76.58 77.62 79.18 79.56 83.4 84.87 84.14
81.21 66.94 55.68 52.69 54.82 56.16 58.26 60.22 61.96 62.89 62.96 62.71 62.22 61.54 61 60.42 58.92 57.34 55.62 54.35 52.86 51.16 49.35 47.27 47.96 45.79 43.18 40.44 44.12 42.76 38.22 40.84 45.07 39.73 35.25 38.88 32.84 32.5 37.71 46.18 55.2 60.97 63.56 64.6 64.43 63.74 63.24 63 62.98 62.94 62.64 61.43 61.05 61.63 62.89 64.49 66.24 68.01 69.81 71.49 72.09091 72.28125 73 75 74.06061 72.48438 70.88235 -9999 75.07143 76.68421 78.89 81.18 82.94 84.72 86.25 86
52.85 49.9 49.24 50.64 52.47 54.59 56.63 59.25 61.03 61.78 61.56 60.9 60.06 59.42 59.42 59.95 59.36 57.5 55.94 54.46 53.19 52.12 51.37 50.48 50.37 48.82 47.4 44.4 43.88 46.57 47.19 48.45 46.55 41.42 42.53 40.14 38.16 37.85 41.73 47.36 54.47 62.93 67.5 66.74 65.37 64.2 63.3 62.73 61.99 61.45 60.55 58.73 58.2 58.92 60.41 62.23 64.2 66.17 68.09876 70.2619 71 71.5 -9999 -9999 -9999 -9999 -9999 -9999 70.36364 70.83117 77.31 82.08 83.77 85.4 87.17 87.63
44.16 45.34 47.02 49.01 50.74 52.52 54.2 55.81 58.06 60.3 60.09 59.26 58.14 57.01 57.45 59.79 59.32 57.42 55.6 54.12 52.87 51.95 51.17 51 51 51 50.93 49.05 48.76 48.94 49.12 48.77 47.65 46.02 44.46 44.01 44.27 44.8 46.78 50.5 57.97 63.53 66.91 66.09 64.6 63.37 62.51 61.77 60.79 59.16 56.65 54.44 54.61905 56.15517 57.93182 60.01087 62.29851 64.52 -9999 -9999 -9999 -9999 -9999 -9999 -9999 -9999 68.5 70.55814 71.86154 72.03191 76.5 82.01 84.24 86.16 87.99 89.49
42.56 43.92 45.77 47.83 49.55 51.29 52.98 54.62 57.16 59.03 59.02 58.4 57.3 55.68 56.06 59.72 58.9 56.87 55.02 53.41 52.2 51.28 51 50.91 51 51 51.21 51.5 50.98 50.01 49.24 48.67 47.63 46.14 44.66 42.57 43.14 46.33 49.45 53.3 57 59.51 59.39 62.75 62.32 61.43 60.83 60.52 59.41 56.66 53.35417 50.72917 50.28571 53.44118 56.14286 58 -9999 -9999 -9999 -9999 -9999 -9999 -9999 -9999 -9999 -9999 67.46575 68.56123 72.11 75.98 77.85 77.67 84.12 85.91 87.95 87.81
41.03 42.72 44.69 46.93 48.95 50.9 52.92 55.12 57.45 58.66 58.97 58.56 57.74 57.06 57.63 59.36 58.23 56.16 54.22 52.52 51.27 50.45 50.08 50 50.55 51 51.67 52 51.56 50.79 49.61 48.65 47.8 46.74 45.47 43.6 43.77 46.28 49.25 52.08 54.91 56.81 58.56 59.3 58.86 58.77 58.46 58.4 57.37 54.65625 52.23333 49 49.125 -9999 -9999 -9999 -9999 -9999 -9999 -9999 -9999 -9999 -9999 -9999 -9999 -9999 65.4186 66.67 69.27 70.83 70.78 71.57 76.89 83.75 86.21 85.12766
40.02 41.74 43.75 46.09 48.6 50.96 52.97 54.44 55.31 56.1 56.69 56.64 57.36 57.3 57.3 57.42 57.2 55.42 53.31 51.55 50.28 49.49 49.26 49.6 50.03 50.97 51.54 52 51.94 51.07 50.41 49.49 48.47 47.43 46.28 45.35 45.45 46.58 48.51 50.45 52.37 54.03 55.17 55.67 55.28 55.73 55.56 55.35 54.59 52.77 50.75676 49.09091 -9999 -9999 -9999 -9999 -9999 -9999 -9999 -9999 -9999 -9999 -9999 -9999 -9999 -9999 64 64.11628 68.25 71.73 73.23 71.73 75.11 72.96 85.48 77.41463
39.31 40.88 42.96 45.34 48.14 49.7 50.33 51.12 51.92 52.71 53.34 53.63 53.67 54.01 54.34 54.39 54.58 54.5 52.47 50.42 49.02 48.5 48.43 48.95 49.85 50.77 51.57 52 52 51.79 51.03 50.2 49.24 48.2 47.17 46.46 46.26 46.91 47.82 49.02 50.12 51.12 51.79 52.24 52.5 52.5 52.5 52.35 51.94 51.09 50.07609 49.01818 49 -9999 -9999 -9999 -9999 -9999 -9999 -9999 -9999 -9999 -9999 -9999 -9999 -9999 -9999 61.70886 64.33 68.49 70.89 73.8 70.61 67.08 75.31633 69.8
36.79 38.36 40.92 44.11 46.91 47.03 47.21 47.95 48.83 49.57 50.21 50.58 50.86 50.98 51.1 51.51 51.65 51.74 51.49 49.52 47.89 47.27 47.69 48.63 49.76 50.98 51.99 52.58 52.84 52.49 51.91 51.1 50.15 49.09 48.17 47.37 47 47 47.18 47.72 48.19 48.51 48.85 49.02 49.23 49.45 49.6 49.58 49.46 49.27 48.92 48.93478 49 -9999 -9999 -9999 -9999 -9999 -9999 -9999 -9999 -9999 -9999 -9999 -9999 -9999 -9999 59.65116 61.21053 63.81 67.63 70.01 67.45 68.58 70.64 72.18182
36.01 38.02 40.45 42.91 44.23 44.49 44.97 45.51 45.94 46.57 47.2 47.86 48.44 49.1 50.84 51.99 51.41 50.14 49.21 47.14 45.83 45.88 47.03 48.5 50.05 50.87 51.26 51.49 51.64 51.78 51.76 51.67 51.08 50.14 49.15 48.27 47.66 47.01 47 46.78 46.53 46.3 46.04 46.02 46.26 46.66 46.97 47.18 47.3 47.33 47.43 47.59 48.03896 48.24138 -9999 -9999 -9999 -9999 -9999 -9999 -9999 -9999 -9999 -9999 -9999 -9999 -9999 58 58.18182 59.75 62.83 64.58 62.75824 67.43299 60.75 74
35.82 37.24 38.89 39.99 40.74 41.27 41.83 43.13 43.82 44.34 45.27 46.39 48.61 51.63 53.42 55.19 53.97 51.66 48.25 43.64 41.14 42.03 45.04 47.81 48.35 48.63 48.83 49.02 49.25 49.48 49.77 50.06 50.33 50.53 50.06 49.18 48.24 47.4 46.81 45.95 45.26 44.45 43.72 43.31 43.68 44.24 44.77 45.17 45.42 45.53 45.7 46.12 46.63 47.47 48.30303 -9999 -9999 -9999 -9999 -9999 -9999 -9999 -9999 -9999 -9999 -9999 -9999 -9999 -9999 55.91071 57.89 59.48 59.71831 63.10345 64 63.92308
34.98 35.77 35.84 36.67 37.47 38.21 39.05 40.07 41.37 42.79 44.48 47.19 49.75 53.06 56.78 57.33 57.09 55.65 50.75 47.92 44.15 42.37 44.19 46.54 46.68 46.5 46.58 46.75 47.04 47.39 47.72 48.06 48.46 48.86 49.37 49.68 49.01 47.87 46.72 45.63 44.49 43.23 41.9 40.99 41.66 42.48 43.19 43.52 43.77 44.02 44.33 44.68182 45.24176 46.32727 47 -9999 -9999 -9999 -9999 -9999 -9999 -9999 -9999 -9999 -9999 -9999 -9999 -9999 -9999 54.26667 54.17978 55.14737 56.83333 -9999 -9999 61.5
33.57 33.02 33.57 34.3 35.35 36.97 37.31 38.48 39.79 41.82 43.98 48.94 50.72 54.12 56.56 60.18 55.01 54.4 54.41 52.37 53.22 49.81 49.28 48.97 47.21 45.73 44.99 45.16 45.34 45.53 45.86 46.35 46.76 47.34 47.77 48.32 48.76 48.52 47.13 45.64 44.32 42.76 41.43 40.4 40.97 41.7 42.09 42.48 42.67 42.74 42.92 43.34615 44.38095 45 -9999 -9999 -9999 -9999 -9999 -9999 -9999 -9999 -9999 -9999 -9999 -9999 -9999 -9999 -9999 -9999 53.30769 53.71429 54 -9999 -9999 57
31.64 32.94 33.39 33.69 35.12 35.72 35.83 38.36 38.86 41.76 43.46 47.19 51.52 57.75 62.22 57.5 52.8 58.96 55.15 54.93 56.12 53.7 49.09 47.66 45.7 44.4 45.24 44.62 44.42 44.52 44.77 44.97 45.32 45.74 46.32 46.74 47.37 47.92 47.65 46.15 44.58 43.27 42.07 41.4 41.32 41.83 42 42 42 41.97 41.83 41.75 -9999 -9999 -9999 -9999 -9999 -9999 -9999 -9999 -9999 -9999 -9999 -9999 -9999 -9999 -9999 -9999 -9999 -9999 -9999 -9999 -9999 -9999 -9999 55.22222
