taller 1/variables/bioclim16.asc
ncols         720
nrows         300
xllcorner     -30.008325510658
yllcorner     30.991671412252
cellsize      0.083333337679505
NODATA_value  -9999
[rows 33 to 65 of 300, columns 518 to 591 of 720]
190.49 190.44 190.72 190.62 190.28 189.23 188.47 185.97 183.37 186.26 184.67 181.57 183.09 182.39 180.54 180.94 184.34 184.96 185.03 184.37 184.8 185.36 186.83 188.78 190.59 192.56 194.02 195.15 198.71 201.42 202.82 203.44 204.89 206.04 206.83 207.64 209.54 212.01 211.32 212.3 212.1 212.01 208.17 207.19 208.45 208.63 208.94 209.04 208.95 208.86 209.08 209.3 209.53 209.91 210.23 210.06 209.39 208.48 209.46 210.4 206.94 208.8 208.92 210.88 211.25 212.45 212.96 213.07 213.41 213.9 214.25 214.64 214.97 215.14
190.85 190.12 189.11 189.01 188.59 188.28 188.24 187.36 186.54 184.64 182.62 182.44 181.58 181.4 181.48 185.33 186.79 187.25 187.84 188.07 187.92 188.33 189.87 189.86 190.74 192.54 193.79 196.14 198.37 200.28 201.85 202.7 203.1 203.61 204.56 205.6 206.67 208.79 208.89 208.42 206.75 205.16 204.18 204.34 206.35 207.16 206.35 205.51 206.35 204.85 204.62 204.63 205.52 205.64 205.71 206.11 205.83 206.37 206.21 205.03 205.41 206.41 206.74 208.24 211.09 211.52 211.77 212.08 212.43 212.54 212.68 213.46 215.6 215.78
189.41 188.97 188.81 188.7 188.79 189.02 189.03 188.09 187.59 185.87 184.64 184.79 183.39 182.38 182.07 185.36 187.29 188.32 190.63 189.74 190.13 190.41 191.87 193.16 193.04 195.34 196.54 197.92 198.36 198.44 198.7 199.95 201.16 201.47 202.33 203.06 204.3 205.37 204.21 203.69 202.7 201.39 203.71 204.18 202.53 200.88 202.09 203.42 204.42 204.92 205.37 206.18 206.16 206.1 206.46 205.38 205.02 205.47 207.09 207.58 206.93 207.02 207.24 206.35 207.74 209.4 209.76 210.09 211.03 211.95 212.57 212.81 214.05 215.31
189.78 189.39 188.41 188.95 189.53 189.44 188.57 188.15 187.51 185.52 185.54 181.93 183.37 188.04 184.02 185.92 187.98 187.81 189.55 189.26 189.06 189.77 190.96 192.78 194.47 195.39 195.82 197.69 198.03 198.36 198.04 198.54 199.41 199.33 198.86 199.63 200.73 200.83 201.25 201.26 199.83 201.8 203.29 204.01 204.23 203.37 203.67 203 203.36 204.27 205.15 205.67 206.37 205.6 204.81 205.69 205.98 205.79 206.25 206.29 206.6 206.66 208.07 208.36 208.92 208.86 207.65 208.36 210.42 211.72 212.07 212.31 213.33 215.25
189.3 188.5 188.39 188.51 187.98 187.95 186.2 185.38 184.52 184.06 183.77 181.62 183.78 186.72 186.08 187.18 188.44 189.76 189.55 189.2 189.38 189.92 191.05 192.54 193.11 194.19 194.71 194.72 195.4 196.07 197.03 197.57 197.62 196.62 196.68 197.26 197.63 198.38 198.8 199.02 200.63 202.2 201.41 200.25 200.8 200.83 201.02 202.22 202.55 202.79 203.18 203.99 204.95 205.32 204.46 205.13 205.11 205.89 205.92 205.72 206.48 207.05 207.15 207.91 208.33 208.92 208.89 207.5 207.32 208.47 211.11 211.42 212.56 213.85
188.45 189.41 189.65 189.23 189.14 187.22 186.73 186.9 187.36 187.36 184.08 180.6 181.01 183.69 185.71 186.35 186.86 187.99 188.42 188.61 189.13 190.09 191.45 192.16 191.13 192.61 194.25 192.25 191.01 191.88 192.76 194.54 195.43 196.61 197.53 198.19 198.56 199.44 199.25 199.11 199.3 198.83 197.99 197.88 198.5 198.86 199.13 200.12 200.61 201.26 202.5 203.66 203.86 204.09 203.85 204.38 205.21 205.24 205.86 204.85 205.02 205.55 205.96 207.03 207.96 208.64 208.97 209.38 208.97 206.73 209.18 210.57 211.15 212.16
188.38 190.02 191.21 191.11 190.2 188.63 187.92 188.03 189.61 191.16 188.98 183.69 181.05 181.77 182.02 183.33 185.4 186.93 187.25 188.51 188.61 189.62 191.95 189.18 188.74 189.12 190.14 190.53 192.34 193.02 194.71 195.83 196 196.94 197.67 197.25 197.25 197.26 197.17 197.2 196.87 196.85 196.72 197 196.71 197.63 199.09 199.21 200.14 200.96 202.46 203.28 203.62 203.44 203.98 205.34 204.79 204.46 205.07 204.4 204.7 204.35 204.86 205.41 206.54 206.87 207.57 208.11 208 206.35 206.64 208.82 209.72 210.27
188.08 189.56 190.3 189.51 188.11 187.66 186.67 186.89 188.51 188.92 187.3 185.22 182.3 181.83 182.11 183.02 183.85 185.31 186.55 185.31 185 185.53 186.22 187.1 188.57 189.78 190.8 190.65 192.07 192.75 193.59 194.08 194.27 194.59 195.96 196.88 197.22 197.74 198.76 198 196.84 195.45 195.21 195.08 196 196.93 197.58 198.25 200.24 200.54 201.4 201.15 201.79 202.87 203.56 204.25 205.06 203.14 203.39 204.61 204.79 203.98 203.38 205.37 206.17 206 206.56 207.11 206.76 206.26 205.33 205.64 205.23 205.97
187.07 188.11 188.44 187.06 184.94 184.25 183.77 184.12 184.49 184.99 185.16 184.81 185.56 185.09 184.95 183.59 183.42 183.97 185.31 187.31 187.62 188.32 189.45 190.71 191.65 192.52 192.74 192.13 193.51 193.88 194.26 195.19 196.89 197.89 198.98 199.53 199.45 198.72 198.99 198.68 197.43 195.74 195.09 194.81 195.8 194.78 197.03 199.33 199.73 200.8 201.05 201.17 201.96 202.3 202.57 203.3 202.28 202.14 202.95 203.62 203.81 204.09 202.68 204.85 205.64 205.24 205.73 206.32 206.65 206.95 206.79 206.71 206.14 205.78
186.81 187.45 186.32 183.16 180.68 180.87 181.33 182.43 182.79 183.34 184.8 186.02 186.53 187.25 186.94 186.49 185.85 184.56 189.45 191.73 189.85 193.76 194.83 194.07 196.27 199.29 195.76 193.46 193.03 193.09 194.38 194.37 196.3 198.38 198.24 198.27 199.72 198.32 197.96 197.53 196.63 195.77 195.06 194.5 194.97 194.09 196.3 197.24 197.95 199.17 201.29 201.32 200.94 202.04 202.03 201.95 202.1 202.26 202.29 202.62 202.87 202.94 202.41 203.65 204.54 205.29 205.7 206.01 206.58 207.37 208.44 209.1 209.82 208.23
184.81 184.95 183.43 180.58 178.67 179.7 180.85 181.45 181.91 182.86 183.65 183.77 184.89 185.97 188.37 190.18 186.56 186.5 188.93 190.22 190.93 192.91 194.63 196.23 197.45 200.15 198.53 195.17 195.27 194.81 196.36 194.91 194.58 195.99 197.05 197.8 199.29 198.81 197.24 196.44 196.03 195.71 195.11 193.83 193.09 193.79 195.03 196.57 197.39 198.88 199.89 200.55 200.1 200.32 200.27 199.86 201.22 200.87 201.3 201.13 201.15 201.37 201.95 202.23 203.17 205.44 205.31 205.89 206.84 208.45 208.91 208.97 208.95 208.99
183.71 183.45 182.21 180.38 179.73 180.14 180.98 181.36 181.73 183.09 185.31 186.98 186.48 185.58 186.66 188.82 188.05 186.61 188.1 189.07 191.44 192.92 194.86 195.61 195.68 196.54 195.94 195.19 195.98 195.27 194.37 195.67 194.88 195.74 196.4 197.01 197.49 199.87 197.96 196.74 196.02 195.86 195.12 195.74 194.18 195.17 195.14 195.78 197.08 198.52 198.59 198.7 198.86 198.97 198.61 198.64 198.62 199.56 199.96 200.04 200.3 199.94 199.88 201.11 203.07 205.28 205.49 205.52 206.6 207.19 208.13 208.56 208.24 207.99
183.03 183.35 182.47 181.73 183.14 181.51 181.94 182.57 183.5 184.06 184.69 187.54 186.34 186.09 187.52 189.3 189.78 187.43 186.44 188.66 191.12 190.79 191.46 192.81 194.34 195.21 194.76 193.87 195.09 197.61 197.04 195.45 195.37 194.96 195.58 197.46 198.06 199.65 198.23 197.06 196.49 196.02 195.65 194.87 194.48 194.83 195.58 196.21 196.78 197 197.26 197.63 197.99 197.66 197.24 196.7 196.98 197.24 197.44 197.49 198.68 199.99 200.77 200.59 201.56 202.19 203.77 203.97 205.78 206.81 207.92 208.17 208.2 207.48
183.97 184.62 184.62 184.34 184.81 184.05 183.88 184.39 184.65 185.22 185.37 185.5 185.99 187.07 189.43 191.69 195.04 190.78 186.67 188.7 190.31 191.67 190.97 191.57 192.52 192.33 192.55 192.72 193.83 196.06 197.07 194.57 195.83 195.43 196.05 197.3 198.47 198.95 197.67 196.97 197.1 196.67 196.43 197.01 197.15 196.82 196 196.65 196.28 195.77 196.52 196.82 197.34 196.51 196.35 197.2 197.53 197.41 197.62 198.05 198.21 201.2 201.8 201.73 203.56 201.97 202.24 203.49 204.33 205.44 206.85 207.6 207.66 206.75
187.49 187.93 188.66 188.96 187.38 186.51 186.01 187.59 185.98 185.95 186.65 186.72 186.92 188.4 190.35 192.28 193.42 192.37 190.11 188.83 189.54 189.9 190.25 191.55 191.93 192.4 191.81 191.78 192.84 193.77 195.17 194.23 195.75 196.24 197.28 197.42 198.24 197.62 198.22 199.07 199.65 198.83 198.2 198.55 198.73 198.57 198.52 198.59 199.17 199.07 199.23 199.24 199.04 198.38 197.37 196.76 197.25 198.01 197.44 198.25 198.95 199.77 202.1 203.42 202.45 202.83 202.53 203.4 204.49 205.08 205.5 205.71 206.6 207.48
191 192.63 193.81 193.95 191.43 188.1 188.2 188.15 187.94 187.98 188.58 188.75 189.67 190.63 190.84 192.11 191.85 191.15 190.08 190.57 192.11 192.68 192.92 192.51 193.67 194.69 195.87 197.4 198.39 197.69 195.97 195.72 196.66 197.38 198.28 198.59 199.55 199.39 201.64 203.11 202.84 202.2 200.43 199.9 200.16 200.61 200.61 201.63 201.72 201.42 201.55 201.9 202.12 201.02 200.66 198.53 196.83 197.23 197.57 198.41 199.37 200.39 203.58 204.98 203.69 203.45 203.71 203.79 205.69 206.34 207.05 208.14 209.77 209.69
191.37 191.99 192.28 192.95 194.69 192.03 190.58 190.67 190.03 189.34 189.89 189.75 190.78 190.62 190.73 191.3 192.77 192.43 191.4 191.26 191.95 193.81 193.73 194.72 195.61 196.37 195.91 196.36 196.41 196.72 197.6 197.72 199.47 201.01 199.71 200.53 201.13 204.19 205.17 204.19 204.14 204.34 203.85 203.86 204.52 204.57 203.64 204.82 204.79 204.68 204.69 204.74 204.25 203.46 202.94 201.17 199 197.33 197.59 198.02 199.13 199.97 201.68 204.17 204.11 204.29 204.49 206.13 208.09 207.89 209 210.28 211.83 214.12
191.7 193.47 196.04 197.34 198.97 197.72 193.84 193.21 193.14 193.39 192.39 192.03 191.74 192.54 192.4 192.41 192.58 192.7 193.79 193.47 193.42 194.66 194.76 196.07 196.41 197.07 199.16 199.8 197.72 197.28 198.08 199.09 199.88 201.27 203.02 204.38 204.78 204.8 204.11 204.04 204.21 204.32 204.86 204.69 205.06 205.19 206.34 206.58 205.46 205.05 205.38 205.98 205.93 206.01 204.73 203.39 200.85 198.94 197.39 198.01 198.78 200.55 202.15 203.44 204.83 204.95 205.31 206.1 208.66 209.42 210.38 211.49 213.19 215.52
193.67 194.87 196.64 197.35 198.03 197.96 199.57 200.75 200.11 199.95 195.87 194.95 195.09 195.34 195.02 194.8 195.66 194.99 195.53 196.42 197.57 200.53 200.19 201.69 200.61 199.18 201.15 202.29 204.13 205.33 203.01 205.55 205.16 203.01 203.15 204.07 204.41 205.24 205.47 207.43 206.53 207.69 207.98 206.68 206.45 206.67 207.41 207.29 205.21 205.42 205.94 206.96 206.71 205.09 204.85 203.38 201.21 200.16 199.09 197.63 199.9 200.64 202.88 204.57 205.61 206.05 206.45 209.16 210.4 212.28 213.63 214.41 216.37 216.72
195.23 196.65 198.07 201.48 199.84 200.81 201.2 203.01 202.66 201.55 199.65 199.29 199.68 198.35 198.01 198.21 199.91 199.43 199.88 199.4 201.61 202.34 203.53 204.96 203.03 201.11 203.38 204.26 205.45 206.57 207.43 209.56 210.61 211.46 213.73 209.85 206.38 206.79 207.27 207.76 208.61 210.23 210.48 208.6 208.34 207.99 208.04 207.89 207.59 208.53 209.61 209.01 206.99 205.51 205 203.65 203.28 201.53 199.5 198.93 200.45 202.05 205.61 207.71 208.48 208.24 207.7 209.55 213.09 214.89 215.47 216.14 217.85 219.13
196.48 197.94 198.83 201.42 203.18 202.91 203.47 204.27 205.14 202.9 200.97 200.12 200.02 200.4 199.5 200.1 200.37 200.82 200.47 201.21 201.54 202.99 204.3 204.57 203.27 203.59 204.51 205.5 206.94 208.56 210.59 211.75 212.37 212.86 215.53 214.55 212.75 212.15 214.15 211.1 211.22 213.87 210.59 210.39 210.05 209.87 209.87 209.81 210.57 210.59 209.24 207.53 207.18 206.45 206.06 205.29 205.44 207.39 203.88 201.98 202.19 204.82 207.72 211.96 212.03 210.43 211.04 211.59 212.13 215.02 215.81 217.46 219.35 219.94
197.74 199.8 200.67 202.19 203.48 204.54 204.32 204.88 204.53 204.08 204.67 203.44 202.3 200.88 200.57 200.41 200.36 200.73 201.08 202 202.51 203.8 205.11 205.64 205.98 207.14 208.19 209.54 210.82 212.28 214.09 216.14 216.46 216.04 216.64 219.11 219.42 217.36 212.97 212.18 213.9 217.92 214.11 213.61 212.19 211.83 211.59 211.86 214.18 219.03 213.87 210.86 210.38 210.81 209.64 209.36 210.13 212.02 207.98 204.63 205.69 207.38 209.02 211.06 212.53 213.77 214.23 213.96 213.93 214.33 217.23 219.2 220.71 222.67
200.69 200.9 202.7 205.01 207.71 209.47 210.39 209.44 208.66 208.73 207.85 207.84 204.23 202.94 202.03 201.63 200.97 201.43 202.17 204.24 204.65 205.5 207.26 208.65 209.29 210.84 212.87 214.53 215.63 217.01 218.09 218 218.61 218.87 219.96 220.49 218.05 216.28 215.74 214.95 215.53 216.06 219.18 220.76 218.59 217.88 216.42 215.51 216.34 219.44 218.81 218.53 220.63 219.02 214.93 215.14 218.87 216.12 212.1 210.19 209.35 210.86 212.19 214.27 214.71 214.87 215.51 215.54 216.59 216.68 217.71 219.2 221.59 224.57
203 203.74 205.11 208.8 210.11 212.36 213.74 215.93 214.7 214.39 214.78 209.98 207.17 205.52 204.56 203.44 202.12 203.46 205.64 205.31 206.78 207.94 208.89 212.47 213.49 215.04 217.56 218.82 220.03 222.14 223.92 224.58 224.1 221.34 219.64 220.17 220.32 218.75 217.6 218.06 219.45 220.23 220.56 221.64 222.65 224.81 225.92 224.87 224.15 222.55 220.41 220.42 221.34 220.19 218.83 218.39 216.76 215.84 214.93 213.89 213.78 216.09 216.46 216.83 217.72 217.41 218.25 217.98 219.31 219.62 219.73 220.99 222.52 223.25
208.4 209.89 210.28 212.11 213.8 219.11 218.32 219.09 219.14 222.49 222.11 219.92 213.37 209.9 208.64 205.93 204.49 204.92 206.99 208.62 212.24 211.56 210.72 214.5 219.17 219.56 219.57 222.54 224.95 229.92 230.96 232.97 229.39 228.63 225.88 222.72 220.39 220.62 220.88 220.88 221.1 220.89 221.5 222.22 221.66 221.22 221.77 221.59 221.27 220.54 220.23 220.77 221.67 222.39 220.07 219.85 220.01 221.64 219.05 217.78 217.97 219.16 219.1 220.38 221.65 222.29 221.61 221.4 221.57 223.97 225.3 225.73 227.43 227.01
215.81 215.22 218.33 219.3 217.53 217.44 220.01 222.73 224.06 223.03 222.37 221.44 220.05 218.49 217.17 213.48 216.78 214.33 210.66 213.14 214.25 211.55 212.71 217.19 221.58 221.33 225.78 231.29 230.68 231.23 237.7 237.77 237.8 238.4 233.18 229.82 227.38 227.27 226.64 226.36 226.39 226.5 226.07 225.56 224.87 223.73 222.93 222.1 222 221.5 221.15 221.73 222.52 222.35 222.09 221.29 222.21 225.06 223.75 222.02 222.69 223.23 223.68 225.22 227.61 226.14 224.14 226.16 226.18 227.22 229.59 229.12 229.21 231.79
219.48 222.58 223.77 226.92 229.32 228.06 219.48 214.38 220.49 221.64 220.5 222.7 224.33 226.32 223.58 218.33 218.85 218.53 217.56 214.54 213.74 212.53 214.92 221.39 227.56 226.84 233.09 238.73 245.04 243.92 245.39 251.53 248.23 253.66 257.29 243.54 234.71 235.01 235.39 231.69 230.77 230.66 229.45 228.06 227.98 226.95 226 224.55 223.62 223.78 223.74 223.75 224.75 223.8 224.29 225.7 225.14 225.49 224.82 226.1 226.27 229.46 230.46 227.59 228.58 231.11 231.68 230.89 229.7 229.89 229.07 229.9 230.65 231.61
225.57 229.36 230.2 234.43 235.78 232.09 232.69 225.42 216.73 213.58 216.74 215.33 216.99 219.22 222.97 223.97 221.7 218.86 215.61 215.22 212.4 216.77 218.3 224.83 233.91 241.09 242.3 247.89 251.26 250.38 253.81 266.46 267.73 266.33 263.16 251.37 244.32 241.56 239.56 237.59 235.66 233.73 232.2 230.79 230.15 229.1 228.09 227.29 226.73 225.76 225.93 225.95 226.4 226.84 226.81 226.96 227.15 227.88 229.02 229.41 229.96 232.34 233.5 236.29 236.56 234.14 233.25 234.57 235.13 234.47 233.26 233.17 234.95 237.3
233.48 237.86 237.97 239.74 242.98 242.58 240.95 234.67 231.86 228.2 226.6 223.12 217.29 217.05 214.02 221.14 225.79 224.7 219.64 214.04 211.67 218.12 227.67 236.66 253.35 278.32 277.47 283.59 268.04 259.6 257.04 261.72 266.52 277.09 273.04 268.97 259.92 253.84 247.68 243.24 239.67 239.29 249.89 237.5 232.87 232.41 231.02 230.14 229.55 229.06 229.04 228.17 227.83 228.59 229 229.99 230.93 231.94 233.04 233.39 234.69 236.55 238.86 241.04 239.11 238.24 239.77 240.28 241.47 239.87 238.31 238.33 239.78 240.1
234.33 242.13 245.71 246.1 252.81 257.8 259.88 251.2 248.07 245.3 235.18 226.89 212.5 217.15 212.13 220.93 222.36 218.16 216.25 216.41 220.75 225.53 224.3 242.19 257.27 264.19 275.21 293.9 316.29 305.5 303.33 287.98 289.39 283.14 272.99 275.15 278.49 268.81 267.77 257.08 246.43 245.01 246.37 241.48 236.44 234.74 234 233.65 232.74 232.08 232.18 232.2 232.17 231.05 230.88 231.71 233.69 235.19 235.83 236.57 239.4 240.79 242.83 245.18 245.06 242.54 242.96 244.34 245.12 244.69 242.09 241.47 243.28 248.91
240.95 241.8 250.85 254.23 261.7 267.31 264.35 248.94 239.03 221.72 220.64 218.96 215.35 224.58 216.33 212.67 207.73 209.25 210.41 213.02 216.73 224.6 228.17 232.31 244.01 246.87 257.83 263.52 289.95 302.28 333.13 317.89 298.31 280.64 280.51 279.79 286.47 293.48 277.63 288.59 275.32 252.51 251.56 249.52 246.52 244.75 239.48 243.32 236.78 237.3 235.24 234.12 234.43 233.94 235.81 235.44 235.52 237.48 238.3 240.12 239.88 241.75 243.17 244.85 246.46 247.86 247.7 248.35 248.65 251.2 247.65 246.53 247.42 255.46
258.11 261.94 256.78 261 254.86 242.48 224.13 213.62 212.98 211.61 213.56 225.38 219.18 221.1 212.45 211.58 208.26 208.18 209.1 211.62 215.79 217.92 219.33 222.65 229.21 240.27 245.01 253.05 262.86 266.28 277.53 285.45 285.45 277.19 283.85 285.94 277.57 274.08 276.65 283.16 281.91 277.42 257.76 252.45 253 247.92 242.82 245.25 242.86 241.6 237.77 235.81 240.41 238.21 239.46 241.62 240.03 239.79 241.16 241.88 242.88 244.56 246.24 247.21 248.36 249.76 250.76 251.25 252.77 254.32 254.07 254.15 253.48 256
271.59 269.19 259.6 243.4 214.43 214.92 214.22 216.49 233.02 224.11 207.83 206.11 203.11 204.17 206.21 208.83 209.16 209.95 210.13 211.49 212.35 211.87 215.25 219.81 225.9 233.6 248.19 250.51 258.94 260.38 262.23 266.55 270.48 272.67 273.29 279.44 273.83 279.82 267.78 265.53 266.72 271.22 262.29 251.32 247.29 248.66 248.62 249.76 247.14 243.56 241.01 239.31 241.21 242.09 242.89 244.46 244.95 242.09 244.72 247.98 249.84 250.82 251.51 253.96 254.41 255 255.1 255.8 256.82 256.57 255.95 258.17 262.1 262.75
