taller 1/variables/bioclim11.asc
ncols         720
nrows         300
xllcorner     -30.008325510658
yllcorner     30.991671412252
cellsize      0.083333337679505
NODATA_value  -9999
[rows 136 to 169 of 300, columns 608 to 683 of 720]
15.04 15.24 15.22 16.61 17.33 16.22 13.99 12.84 7.84 7.38 7.55 4.39 -2.97 -1.55 -0.93 0.89 -2.55 -13.44 -9.25 -2.03 -5.52 -4.34 4.47 7.22 7.43 1.3 -1.73 -1.23 -0.54 -0.13 0.59 0.07 -0.33 1.31 -0.43 -4.28 -3.34 -6.11 -6.54 -5 -7.2 -7.27 -6.89 -4.22 -7.26 -9.29 -9.52 -9.59 -9.54 -9.66 -10.15 -10.32 -10.35 -9.91 -9.81 -9.44 -9.11 -8.94 -8.88 -8.62 -8.37 -8.08 -7.76 -7.11 -6.67 -6.02 -5.75 -5.18 -4.41 -3.76 -3.14 -2.47 -1.6 -1.14 -0.36 0.6
12.95 12.58 14.4 15.49 16.82 16.13 13.01 12.14 9.82 6.24 5.45 2.94 -1.7 -2.32 -6.66 -8.48 2.07 -5.15 0.96 -5.29 -2.93 2.38 7.97 8.34 7.77 4.79 0.01 -1.78 -1.97 -2.03 -1.54 -1.21 -0.34 0.41 1.04 -2.59 -2.75 -4.69 -5.03 -5.44 -4.93 -6.28 -5.64 -3.57 -6.18 -7.82 -7.99 -8.24 -7.95 -8.27 -8.73 -8.66 -8.56 -8.87 -8.51 -8.46 -8.36 -8.12 -7.9 -7.89 -7.62 -7.32 -7.07 -6.95 -6.18 -5.47 -5.03 -4.69 -3.91 -3.06 -2.07 -1.5 -1.06 -0.66 0.01 0.81
14.82 13.67 14.33 13.68 14.51 16.06 13.33 10.87 9.38 5.71 2.31 -0.05 3.6 -1.07 -4.36 -9.95 -7.47 2.39 0.38 -3.26 -0.11 7.56 8.22 7.22 7.13 6.74 4.57 0.28 0.35 -1.99 -2.4 -1.76 -1.18 -0.46 0.11 0.97 -0.67 -2.38 -4.45 -4.25 -4.41 -4.36 -4.97 -2.9 -4.91 -6.23 -6.92 -6.91 -6.49 -6.77 -7.46 -7.52 -7.53 -7.26 -7.6 -7.4 -7.36 -7.15 -7.07 -7.06 -7.02 -6.76 -6.61 -6.46 -6.15 -5.63 -4.61 -3.83 -3.13 -2.3 -1.3 -0.48 0.01 0.56 1.47 2.31
16.46 16.23 16.38 15.74 14.61 15.87 13.73 9.67 9.1 8.49 0.21 -8.98 -8.08 -7.95 -7.38 -6.23 -3.78 -2.33 -0.52 -3.42 3.44 4.95 9.84 8.69 8.14 7.62 5.7 3.45 1.41 -0.78 -1.22 -1.3 -0.65 -0.46 0.17 0.27 1.46 -0.25 -3.57 -4.01 -3.88 -2.93 -3.83 -2.71 -3.13 -4.82 -5.51 -5.67 -5.61 -5.35 -6.13 -6.31 -6.37 -6.36 -6.13 -6.41 -6.37 -6.36 -6.16 -5.89 -5.95 -5.94 -5.99 -5.68 -5.8 -5.62 -4.07 -3.03 -2.03 -1.3 -0.49 0.09 1.05 2.07 2.85 3.46
14.12 14.63 15.14 12.59 12.74 15.82 14.08 9.25 8.05 8.31 -0.16 -2.96 -3.97 -9.1 -13.06 -9.06 -8.01 0.89 -6.64 -1.21 2.62 3.22 9.27 10.21 9.04 7.32 6.84 6.5 4.13 1.06 0.52 0.45 0.17 0.62 0.22 -0.35 -0.57 1.22 -1.66 -3.24 -2.98 -3.34 -2.39 -2.06 -1.46 -3.23 -4.11 -4.77 -4.43 -4.3 -4.59 -4.81 -5.19 -5.15 -4.94 -5.23 -5.26 -5.23 -5.22 -5.2 -5.12 -5.08 -4.77 -4.9 -4.77 -3.83 -3.02 -2.35 -1.44 0.2 0.84 1.3 1.52 2.7 4.43 4.49
10.79 11.47 11.05 11.6 13.42 15.44 12.94 11.73 7.34 -1.26 -2.94 -3.16 -5.46 -3.84 -11.48 -14.47 -10.23 -9.93 -10.1 -4.98 1.71 4.14 9.48 10.83 10.3 9.59 8.97 7.83 6.27 5.08 3.82 2.65 1.95 1.85 1.39 1.16 -0.51 0.23 1.21 -2.21 -2.98 -2.56 -2.55 -1.98 -1.2 -1.16 -2.85 -3.64 -3.89 -3.88 -3.67 -3.72 -3.73 -3.96 -3.82 -3.61 -4.2 -4.3 -4.33 -4.23 -4.09 -4 -3.85 -3.29 -3.2 -2.72 -1.96 -1.06 -0.28 0.87 2.11 2.68 3 4.16 5.82 6.71
2.48 7.51 10.12 12.02 12.58 13.6 11.78 9.25 9.76 4.52 0.1 -10.49 -24.49 -22.46 -20.89 -14.53 -6.66 -4.5 -2.63 -1.74 3.29 6.41 7.01 9.39 8.89 7.49 9.1 10.26 8.71 7.59 7.18 6.02 4.61 4.48 3.63 3.44 1.35 -0.04 1.92 0.35 -1.59 -1.96 -1.98 -2 -1.16 -0.4 -0.25 -2.09 -2.78 -3.01 -3.07 -2.83 -2.49 -2.87 -2.66 -2.84 -2.83 -3.25 -3.2 -3.22 -3.13 -3.02 -2.92 -3.02 -2.77 -2.78 -2.27 -0.86 1.06 2.46 3.23 4.43 5.23 6.02 5.81 6.26
6.23 5.44 11.14 12.16 5.33 3.98 10.91 13.9 10.2 5.73 -2.21 -10.91 -18.01 -23.79 -19.37 -7.95 -0.78 1.41 2.96 4.47 5.98 4.14 5.11 5.48 7.92 10.41 11.33 11.04 10.58 9.12 8.32 7.88 7.5 6.9 6.38 5.58 4.29 2.13 2.62 2.36 -0.2 -0.74 -0.87 -1.07 -0.84 0.11 0.44 0.44 -1.79 -1.93 -2.22 -2.16 -1.86 -1.52 -1.37 -1.59 -1.45 -2.13 -2.25 -2.25 -2.2 -2.27 -2.26 -2.04 -0.6 1.11 2.09 2.66 3.45 4.28 4.35 2.5 3.61 3.42 3.77 5.25
9.41 8.58 6.76 3.87 2.27 6.46 11.89 12.28 13.26 9.06 -1.21 -9.06 -19.03 -19.1 -14.02 -2.38 6.75 6.99 4.55 9.49 6.25 2.91 4.86 4.87 7.3 11.39 12.58 11.51 10.91 10.28 9.99 9.43 8.66 8.38 7.59 6.92 5.37 4.41 4.41 3.41 1.29 0.42 0.16 0.08 0.06 1.12 1.24 1.29 -0.36 -1.26 -1.03 -1.15 -1.28 -1.37 -1.25 -0.84 -0.55 -0.6 -1.33 -1.43 -1.44 -1.46 -0.53 1.32 2.48 2.74 2.68 2.61 2.94 2.96 2.82 2.88 3.27 3.74 3.91 5.46
3.07 9.51 -3.56 -4.99 1.34 9.09 8.74 4.41 14.33 10.77 6.96 -1.37 -11.67 -10.13 0.01 6.38 3.29 3.34 7.56 10.48 3.07 4.27 6.11 6.04 6.85 8.53 12.78 12.67 12.08 11.48 11.23 10.27 9.31 9.17 8.83 8.2 7.62 6.45 5.9 4.39 2.7 2.05 1.54 1.48 1.9 2.45 2.18 2.13 1.67 -0.28 -0.97 -0.89 -0.14 0.51 -0.76 -0.62 -0.12 0.75 -0.35 -0.09 0.23 1.54 2.74 2.74 1.5 0.32 1.03 0.87 0.91 1.05 1.64 1.41 2.33 2.83 3.3 3.86
5.46 8.96 3.48 -7.4 0.32 6.84 4.14 6.75 14.95 11.97 9 1.54 -6.25 -2.65 -9.13 -4.18 -1.18 2.38 4.2 8.33 0.09 2.12 5.32 6.23 7.86 7.16 9.04 11.59 11.85 10.61 9.77 6.43 6.5 8.23 6.65 7.09 7.38 8.02 7.33 6.34 5.56 5.08 4.19 3.77 3.82 3.87 3.42 3.18 3 2.9 1.49 0.56 1.01 1.04 1.01 0.07 0.47 1.4 1.7 1.75 2.9 3.65 3.06 1.04 -1.54 -0.35 -0.76 -0.45 -0.41 -0.63 -0.92 -1.18 -0.16 2.02 2.14 3.23
12.21 12.93 11.21 -0.66 4.34 8.14 8.28 12.05 14.94 12.6 8.5 1.88 -3.47 3.1 -2.22 -5.46 -10.22 -6.95 -5.44 9.82 -3.68 -8.74 0.4 5.32 5.2 6.38 7.39 8.95 10.45 9.84 7.99 7.44 7.79 7.94 5.69 5.4 5.9 7.21 5.67 1.93 4.7 5.87 4.71 3.77 3.11 3.97 4.3 4.4 3.88 2.04 1.67 0.97 3.65 3.98 4 3.27 2.75 3.37 3.95 3.98 4.08 2.82 -0.06 0.38 -0.18 -0.95 -0.86 -1.4 -1.86 -1.67 -1.62 -1.97 -0.04 0.44 1.52 2.74
-0.44 -1.98 8.12 10.44 12.72 14.71 13.58 13.4 13.02 9.63 12.77 13.51 7.96 0.43 -7.92 -10.52 -7.05 -2.36 5.88 8.84 -4.25 -11.04 -8.49 -1.75 -0.97 6.1 7.41 7.69 8.53 7.96 7.96 8.41 7.78 7.01 6.84 7.41 7.51 7.5 6.02 2.92 2.33 1.99 1.9 2.17 4.13 0.31 -0.47 2.92 2.67 -0.27 1.25 -3.24 0.82 3.08 4.7 2.48 2.21 3.02 4.5 2.29 -1.01 -1.5 -1.4 -0.86 -0.33 -0.85 -1.46 -1.9 -0.99 -2.57 -1.88 -1.97 -1.2 -0.64 0.57 0.86
-14.94 -22.65 -14.42 -7.09 2.3 10.99 13.58 13.74 13.94 11.39 12.5 14.9 15.91 9.72 -0.91 -7.61 -9.19 -3.37 4.76 6.36 -2.53 -15.02 -16.03 -9.01 -0.7 1.31 -0.34 3.26 6.73 8.05 8.29 8.05 8.76 8.9 9.21 7.27 6.65 6.71 5.97 3.57 3.53 3.97 4.53 3.97 0.98 0.94 2.72 2.25 -0.6 -0.72 0.71 2.95 0.66 0.13 1.96 -0.68 0.44 3.09 2.3 3.95 2.78 -2.61 -2.88 0.28 -1.1 -1.5 -2.33 -3.6 -3.05 -0.51 -0.65 -1.54 -3.43 -3.19 -2.56 -0.83
-7.37 -25.8 -22.06 -7.02 2.35 9.91 11.18 8.69 -1.16 -5.64 6.54 11.29 14.56 17.06 9.49 1.28 2.02 4.09 -2.86 -3.35 -0.82 -5.01 -20.9 -30.84 -20.81 -17.24 -10.39 -2.3 2.04 4.61 8.31 8.64 7.78 6.93 7.1 5.8 5.38 5.2 5.18 5.29 4.18 4.06 6.39 3.54 1.94 3.16 4.08 0.63 -2.12 -1.6 0.9 3.99 4.03 2.99 1.89 2.53 2.45 3.67 3.6 3.07 5.79 0.08 -0.5 -1.89 -4.82 -3.75 -2.3 -0.19 -0.55 -3.09 -4.01 -0.55 -0.7 -2.79 -0.71 0.64
-10.64 -24.29 -30.04 -12.53 -1.56 6.08 3.76 -2.01 -8.33 -16.54 -7.07 -1.64 6.76 18.28 14.04 7.52 4.64 -1.95 -5.03 -8.35 -6.23 -3.82 -12.14 -32.37 -35.79 -38.57 -12.47 -4.34 1.57 7.68 9.17 8.25 7.12 9.31 5.83 4.24 4.27 3.42 4.09 4.2 4.91 7.08 5.72 2.46 3.55 4.68 1.52 -1.28 -3.14 -2.76 0.85 2.39 3.7 5.26 4 2.21 3.66 2.98 3.28 5.16 2.22 -2.24 -0.49 -2.59 -5.21 -3.28 1.44 3.66 -0.21 2.56 3.75 2.51 1.66 1.6 3.72 6.07
-7.01 -36.84 -31.33 -16.62 -8.07 -9.58 -1.21 7.24 9 8.78 8.75 9.84 14.19 18.19 18.26 12.85 9.63 3.82 6.29 -2.95 -6.22 -2.06 -3.59 -10.98 -27.84 -39.05 -26.49 -5.43 -3.79 1.72 5.02 5.99 6.57 3.63 5.64 1.07 3.21 2.81 -0.55 1.27 4.96 5.63 3.09 1.18 3.18 -0.01 -2.37 -3.28 -4.83 -1.59 1.23 3.72 4.81 3.36 3.1 3.49 2.14 2.65 1.99 5.71 4.53 -1.11 0.93 -0.5 1.18 -2.01 -1.28 2.64 -0.64 -1.76 6.92 8.34 9.35 8.73 2.03 9.71
0.45 -10.16 -20.25 -17.44 -12.83 -7.32 0.93 5.57 9.1 8.85 2.59 7.99 16.09 18.79 15.69 6.63 9.27 -5.28 -11.56 -0.85 0.42 0.9 4.69 -5.58 -16.22 -17.97 -28.16 -35.25 -38.77 -15.23 -2.63 0.34 -4.04 -13.84 -7.28 -0.76 -0.17 -2.9 -0.98 2.41 4.18 2.59 4.72 1.98 1.39 -1.3 -2.68 -5.04 0.19 2.8 -1.37 -6.44 -7.56 -5.55 0.07 3.1 5.02 5.8 7.41 8 8.56 7.05 5.96 7.53 2.18 -0.81 -2.7 -2.41 -3.65 -2.41 0.58 2.25 7 11.44 12.04 15.16
-10.56 -0.22 -12.83 -31.17 -24.04 -18.48 -4.65 5.96 1.27 1.19 -4.75 1.09 12.73 17.71 17.7 16.67 0.6 2.33 -10.2 -22.85 -4.06 -1.97 3.86 7.47 -5.73 -14.72 -14.97 -19.82 -32.27 -35.1 -37.59 -28.76 -15.91 -17.96 -15.87 -4.09 2.76 3.92 4.3 3.26 0.39 2.36 1.54 2.77 -0.62 -2.67 -4.27 -6.16 -1.02 -3.71 -6.27 -6.98 -5.29 -2.45 -1.91 -3.81 -1.32 1.35 2.73 2.81 4.71 8.58 7.69 6.82 0.38 -2.53 -3.67 -3.44 -2.96 -4.39 -0.82 2.04 1.64 5.73 9.07 15.5
-15.92 -2.53 -7.21 -19.57 -30.3 -10.75 -6.1 0.94 -3.26 -13.68 -6.54 9.42 15.61 17.33 16.22 19.78 16.48 5.81 4.08 2.62 -1.32 -0.08 -14.03 -3.81 2.09 -2.18 -4.31 -6.93 -15.63 -21.53 -23.47 -26.8 -11.83 -16.82 -19.51 -10.78 -4.64 -0.59 0.41 -6.58 -7.86 -3.58 -2.82 -3.1 -2.86 -2.7 -8.25 -9.85 -4.42 -9.5 -8.33 -7.85 -0.27 -0.26 -4.55 -5.88 -2.92 -1.34 1.24 5.03 3.04 7.03 8.39 2.95 -3.18 -1.3 -6.19 -11.14 -9.94 -4.49 3.42 7.29 9.89 9.38 3.04 8.56
-8.91 -1.85 -5.01 -17.44 -24.3 -8.31 -0.98 -1.04 -3.22 -12.53 -5.67 6.51 13.87 16.72 18.25 18.63 18.48 13.36 1.37 -1.71 -3.94 -11.2 -12.86 -8.28 -8.84 -2 -5.16 -7.57 -9.24 -12.25 -12.43 -13.51 -9.84 -21.39 -27.53 -14.68 2.9 3.07 -2.04 -4.87 -0.61 -8.83 -10.35 -15.87 -14.64 -14.77 -11.76 -8.12 -5.08 -7.43 -5.4 -2.99 0.58 1.95 -2.19 -6.87 -6 -3.18 -5.13 -0.15 -2.44 -2.36 -1.89 -2.27 -5.87 -4.8 -2.56 -6.93 -7.8 -3.48 -7.3 -4.39 -2.59 0.03 1.37 6.03
-9.26 -0.89 4.08 -0.3 -5.02 -3.74 1.93 -5.63 -8.65 -7.57 3.27 7.97 5.08 12.61 14.48 7.98 7.36 7.59 -12.15 -21.93 -19.54 -17.28 -20.46 -15.59 -9.86 -8.17 -3.46 -3.05 -1.89 -1.08 -5.2 -10.21 -7.17 -13.32 -15.31 -20.56 -16.92 -4.12 -16.36 -9.74 -8.19 -15.55 -13.74 -20.09 -16.64 -27.4 -23.62 -15.1 -10.67 -11.41 -11.6 -13.5 -11.47 -7.91 -10.05 -5.34 -8.21 -10.16 -8.48 -5.43 -8.88 -9.6 -6.68 -5.91 -9.86 -6.28 -6.91 -12.81 -13.79 -9.58 -7.48 -1.28 1.11 4.29 7.09 10.42
-2.04 -0.83 -0.54 3.02 4.48 1.75 0.15 -5.62 -6.64 -4.12 1.03 1.2 -2.46 3.62 -6.85 -17.55 -3.32 5.14 -14.72 -27.31 -29.37 -11.03 -7.37 -6.32 -12.73 -10.67 -8.9 -9.12 -4.56 -1.19 2.37 2.87 2.37 -2.36 -9.99 -17.59 -21.63 -17.57 -24.94 -24.92 -25.49 -33.12 -34.19 -40.6 -39.63 -35.26 -31.2 -32.07 -30.52 -26.01 -26.75 -23.15 -28.35 -26.47 -26.72 -20.32 -17.83 -22.07 -17.67 -14.19 -11.85 -17.88 -18.19 -24.55 -20.58 -13.12 -13.9 -14.85 -10.72 -5.11 -2.5 3.77 7.49 10.86 12.05 8.21
4.69 1.34 0.93 -2.19 5.46 4.41 -3.67 -9.1 -11.79 -5.68 -7.56 -7.07 -8.12 -7.64 2.09 -4.42 9.38 11.7 -5.01 -23.73 -24.35 -28.99 -18.12 -16.28 -14.33 -7.92 -2.3 -3.95 -6.94 -7.12 -2.08 2.03 3.07 2.79 1.15 -1.34 -3.9 -7.18 -13.35 -14.79 -19.22 -11.62 -13.44 -19.4 -29.36 -25.56 -11.73 -8.58 -24.52 -40.75 -51.54 -44.61 -36.29 -35.06 -16.83 -11.51 -13.16 -24.27 -23.7 -14.08 -8.34 -9.25 -4.45 -7.53 -2.5 -1.87 -6.09 -0.85 1.32 -1.12 0.16 9.84 11.53 11.45 15.87 17.67
7.02 1.45 3.35 1.74 5.71 5.48 0.24 -6.16 -8.48 -6.4 0.58 1.41 -2.97 -12.4 -12.19 -1.51 12.3 -3.48 -18.17 -32.54 -26.59 -29.28 -14.51 -8.99 -6.58 -5.01 -7.3 -0.62 -3.5 -6.14 -20.36 -27.76 -4.59 -2.3 -3.09 -1.29 -3.17 -7.22 -12.32 -7.69 -4.6 -16.92 -25.19 -31.04 -27.86 -31.09 -24.89 -6.65 1.59 1.62 -4.88 -8.64 -8.06 -2.31 -0.4 0.98 2.88 1.07 -4.2 -1.91 3.24 8.07 8.77 7.15 8.98 10.64 14.53 17.09 17.15 18.84 18.36 18.72 19.38 19.41 18.91 17.21
8.76 4.8 -2.2 0.64 5.33 6.53 3.57 -5.13 -5.47 -2.75 1.43 9.24 6.42 -0.74 9.14 12.54 2.26 -8.53 -28.17 -27.47 -22.58 -17.35 -9.95 -7.71 -3.31 -2.45 1.3 1.01 -6.23 -8.61 -22.54 -47.96 -21.52 -16.44 -12.53 -12.73 -9.7 -13.1 -16.81 -5.78 -3.84 -11.6 -7.42 -10.39 -9.15 -14.99 -9.8 -7.09 -2.58 3.03 5.18 -3.34 -13.35 -13.02 -8.81 -3.73 -2.01 2.73 4.34 3.74 0.18 0.25 5.99 13.29 15.71 16.82 17.31 17.53 19.17 19.73 21.21 20.88 20.96 20.19 18.69 20.39
4.76 6.96 -1.54 -4.82 4.16 7.31 4.89 -3.1 -0.05 6.82 5.33 4.84 9.16 12.87 12.33 5.22 -9.57 -18.84 -19.43 -26.92 -24.44 -10.53 -2.8 -4.84 -5.51 -3.29 2.8 4.83 3.5 -0.61 -12.89 -17.13 -18.05 -21.4 -12 -10.43 -8.88 -1.89 -6.65 -2.26 0.09 -3.79 1.19 0.71 1.87 4.51 7.16 7.59 8.14 8.7 6.85 -0.44 -1.56 -2.69 -3.76 -4.3 -0.65 1.34 2.42 7.63 13.05 16.83 18.67 19.75 19.41 16.45 18.62 20.53 20.95 21.86 22.85 19.15 17.55 19.87 22.67 24.7
13.26 14.23 9.86 -9.92 -6.75 4.09 6.81 7.67 8.57 6.94 0.13 0.98 10.76 4.24 6.44 4.34 -2.42 -6.48 -17.39 -28.77 -22.39 -13.77 -7.51 3.42 10.02 -3.4 -9.54 -1.57 1.18 1.64 -7.23 -13.55 -11.78 -12.42 -9.86 -13.45 -7.31 -2.65 -2.93 -6.52 7.97 8.12 3.23 8.3 8.45 8.92 11.05 11.96 12.44 13.22 13.22 12.15 11.27 9.84 10.07 7.2 7.65 10.68 12.99 18.29 19.67 20.67 21.71 22.04 21.35 19.71 19.69 19.44 21.97 23.08 24.55 23.91 22.36 21.17 22.45 25.64
20.69 15.64 -4.4 -20.36 -17.17 -5.71 6.49 3.77 2.02 -6.26 -5.59 -2.23 11.46 7.15 10.34 -2.45 -11.49 -11.81 -17.74 -12.32 -9.36 -5.78 -6.9 -1.69 11.9 14.86 11.17 7.93 10.11 8.88 0.94 -16.08 -29.46 -26.36 -21.77 -25.53 -13.99 -6.06 3.76 -1.52 7.05 14.39 15.72 16.03 15.07 15.4 16 15.65 15.61 16 16.49 16.55 16.16 16.47 15.75 12.29 10.86 15.46 18.15 19.72 20.99 22.03 23.13 23.6 23.03 23.14 23.06 22.46 23.74 24.24 25.29 26.23 24.17 21.29 24 27.45
16.13 -2.02 -23.37 -23.3 -31.05 -35.47 -7.16 1.27 -14.15 -20.68 -6.65 4.95 14.11 10.88 15.52 8.72 1.7 8.19 5.52 3.31 -6.65 -18.52 -35.88 -32.72 -7.88 7.25 9.8 5.72 12.46 0.14 -42.68 -67.06 -55.38 -54.77 -54.28 -65.49 -60.83 -50.43 -24.25 -1.27 6.74 17.41 19.55 19.57 19.22 18.64 18.5 18.31 17.99 18.16 18.88 19.54 20.16 20.56 20.5 20.15 19.38 20.49 21.42 22.16 22.45 23.17 24.67 25.38 25.69 22.27 21.09 21.83 22.53 25.48 28.15 28.34 27.68 26.65 25.73 24.61
-11.23 -28.33 -33.09 -48.92 -26.62 5.38 7.13 6.29 3.09 -1.3 -12.57 10.49 14.07 16.06 16.87 13.83 11.02 11.46 -5.7 -15.61 -26.86 -35.54 -27.61 -22.17 -10.11 0.15 1.06 3.91 18.69 8.19 -18.06 -37.33 -42.76 -65.01 -68.01 -59.73 -44.56 -46.15 -36.88 -24.45 -13.03 -6.06 6.8 17.15 16.98 19.44 20.34 19.44 19.63 20.01 20.79 20.95 21.13 21.64 23.65 24.33 24.31 24.16 24.25 25.22 24.77 25.06 27.32 25.74 24.32 23.06 22.49 22.61 24.26 27.67 29.86 29.76 27.85 25.46 26.62 23.9
-31.13 -49.52 -34.16 -7.09 13.41 12.05 1.45 14.36 19.63 18.35 14.03 13.53 15.56 12.68 12.71 9.44 8.97 6.4 0.19 -3.49 -17.67 -3.6 -0.21 7.04 2.2 0.38 -5.76 5.66 20.27 14.11 -3.09 -25.92 -52.84 -53.45 -34.91 -23.42 -18.1 -25.26 -20.3 -12.61 -2 -6.66 -19.01 1.14 9.02 8.24 3.63 0.05 -0.35 8.17 18.46 20.81 20.93 21.79 22.1 23.74 23.66 25.36 26.87 27.29 27.88 27.65 29.3 26.37 21.47 15.94 15.18 13.13 20.06 29.78 28.18 25.42 24.9 23.1 23.86 23.18
-40.85 -57 -23.9 14.93 11.42 4.32 4.43 7.45 6.93 16.59 20.91 20.47 16.7 9.76 13.13 15.07 10.33 12.94 17.18 10.79 9.96 12.95 11.62 8.99 2.23 7.34 -3.55 6.33 14.11 15.93 3.64 -9.85 -40.2 -15.55 -4.13 -10.24 -24.96 -30.28 -22.65 -18.38 -21.77 -21.33 -17.04 -25.17 -22.78 -4.86 -26.87 -27.75 -22.01 -9.64 -3.48 7.58 17.99 19.21 14.56 16.72 21.33 24.19 25.2 26.64 27.3 27.73 29.44 29.07 26.66 24.06 19.9 17.16 17.31 26.67 29.75 25.79 22.6 22.64 22.18 26.72
-47.52 -36.59 1.55 17 -7.77 -13.19 3.43 -8.4 1.83 2.53 4.41 17.39 15.42 10.29 12.38 19.78 20.31 16.17 19.97 23.73 21.87 17.85 14.63 11.57 -6.79 2.09 1.99 -4.2 4.7 22.22 6.35 -32.62 -20.75 -2.05 0.52 -1.21 -20.93 -29.84 -27.14 -34.14 -44.63 -36.78 -36.59 -40.34 -17.51 -4.28 -31.73 -22.61 -8.43 -11.53 -9.81 -9.15 -2.71 5.16 6.58 14.45 21.82 24.08 26.69 28.51 27.66 26.43 29.03 31.02 33.84 32.7 29.17 26.7 23.55 29.67 33.85 33.7 31.69 30.52 29.33 32.13
