taller 1/variables/bioclim15.asc
ncols         720
nrows         300
xllcorner     -30.008325510658
yllcorner     30.991671412252
cellsize      0.083333337679505
NODATA_value  -9999
[rows 102 to 135 of 300, columns 539 to 615 of 720]
33.21 34.18 33.95 35.97 38.64 37.45 36.05 34.49 32.81 35.53 34.95 35.32 35.01 35.51 35.5 34.84 34.77 35.44 35.31 35.33 35.06 34.47 33.38 32.55 31.59 30.99 29.89 29.76 29.19 29.29 29.16 29.14 28.37 27.66 26.93 26.09 25.49 24.95 24.33 23.96 23.51 23.39 23.17 22.54 22.4 22.21 22.17 22.52 22.78 22.93 23.69 24.74 25.19 25.56 25.97 26.1 26.62 26.96 27.14 27.98 28 28.35 29 29 29.16 29.86 30 30.38 30.05 30.1 30.07 30 29.95 30.01 29.87 29.04 29.22
35.08 37.22 37.14 34.56 36.88 36.96 34.25 32.92 34.81 37.36 35.75 35.51 36.97 37.49 36.92 36.49 35.74 34.95 34.62 35.96 36.08 35.4 34.1 33.11 32.03 31.1 30.43 30.15 29.93 29.82 30.01 29.75 28.76 27.81 26.95 26.12 25.37 24.82 24.14 23.6 23.59 23.13 22.49 22.56 22.19 22.07 22.08 22.33 22.77 23.25 24.08 24.95 25.18 25.55 25.81 26.15 26.51 26.92 27.12 27.49 27.77 27.97 28.35 28.96 29 29.14 29.74 29.96 29.45 29.36 29.76 29.91 29.19 29.89 29.51 29 29
35.64 33.19 31.29 33.33 38.35 38.31 36.95 37.46 35.81 37.98 37.36 38.43 37.96 37.91 37.17 37 36.68 36.31 36.65 36.84 37.11 36.23 34.8 33.43 32.37 31.43 30.68 29.99 29.88 29.86 29.86 29.31 28.28 27.34 26.59 26.01 25.39 24.82 24.29 23.67 22.94 22.8 22.43 22.34 22.32 22.06 22.11 22.29 22.8 23.13 23.92 24.72 25.12 25.13 25.54 26.01 26.4 26.76 27.05 27 27.02 27.1 28 28.25 28.57 28.93 29.1 29.09 29 29 29.41 29.6 29 29.39 29.01 29 29
31.16 29.43 33.88 36.51 39.19 39.61 36.02 38.94 40.86 40.64 39.58 39.3 38.45 37.89 37.24 36.97 36.78 36.64 36.66 36.93 36.9 36.09 34.63 33.44 32.28 31.48 30.54 29.9 29.64 29.15 28.97 28.43 27.67 26.98 26.42 25.92 25.01 24.35 23.54 23.15 22.76 22.13 22.27 22.08 22.06 22.12 22.2 22.23 23.01 23.07 23.69 24.39 24.91 25.09 25.02 25.85 26.11 26.36 26.79 27 27 27.2 28 28 28 28.71 28.97 28.97 28.96 29 29.17 29.1 29.02 29 29 28.78 28.65
29.87 34.72 37.87 38.3 40.45 41.45 41.95 41.64 41.33 40.81 39.91 39.07 38.16 37.69 37.12 36.8 36.36 36.18 36.26 36.15 35.99 35.25 34.18 33.15 32.15 31.08 30.43 29.76 28.99 28.65 28.16 27.79 27.15 26.65 25.94 25.1 24.32 23.5 22.99 22.84 22.66 22.16 22.35 22.07 22.15 22 22.42 22.47 23.07 23.16 23.87 24 24.29 24.92 25.01 25.85 26 26.06 26.85 27 27 27.01 27.54 27.99 28 28.02 28.87 28.93 28.9 29 29 28.69 28.74 29 29 28.79 28.6
30.52 35.18 38.22 39.71 41.12 41.84 43.72 42.34 40.98 40.15 39.24 38.35 37.64 36.97 36.5 36.11 35.84 35.71 35.6 35.21 34.9 34.28 33.55 32.63 31.67 30.79 29.94 29.14 28.61 28.1 27.68 27.21 26.77 26.13 25.48 24.92 24.06 23.08 22.78 22.17 22.25 22.2 22.02 22.01 22 22.35 22.79 22.96 23 23.34 23.92 24 24.01 24.66 25.09 25.62 25.85 26 26.13 26.88 27 26.93 27.08 27.36 27.71 27.97 28.39 28.16 28.57 28.92 28.86 28.05 28.67 28.75 28.9 28.1 28.7
30.26 30.58 31.35 36.89 40.11 41.27 41.96 41.41 40.2 39.15 38.16 37.37 36.67 36.12 35.68 35.22 34.96 34.86 34.64 34.3 33.97 33.34 32.71 31.87 30.88 30.26 29.47 28.9 28.1 27.59 26.92 26.62 26.04 25.62 24.78 23.75 22.89 22.33 22.04 22.03 22.07 22.04 22 22.05 22.18 22.61 22.73 22.9 23.05 23.46 24 24 24.16 24.58 25 25.01 25.02 25.2 25.36 26.04 26.83 27 27 27.09 27 27.9 28 28 28.42 28.33 28.11 28 28.42 28.37 28.48 28 28.79
28.68 27.15 31.93 35.78 38.25 38.92 39.31 38.95 38.31 37.49 36.64 35.9 35.43 35.03 34.7 34.34 34.02 33.9 33.71 33.36 32.84 32.48 31.87 31.21 30.36 29.78 28.91 28.25 27.98 27.05 26.1 25.9 25.35 24.42 23.92 23.13 22.77 22.23 22.01 21.98 21.99 22.02 22.06 22.59 22.51 22.82 22.88 22.98 23 23.03 23.87 24 24.09 24.62 25 25 25.23 25.6 25.8 26 26.03 26.83 27.02 27.1 27.39 27.62 27.48 28 28 28 28 28 28 28.48 28.2 28 28.49
26.57 26.04 30.12 34.81 36.13 36.52 36.62 36.48 36.02 35.47 34.91 34.44 34.13 33.78 33.52 33.32 33.06 32.97 32.63 32.26 32.04 31.64 30.99 30.46 29.76 29.13 28.43 27.78 27.27 26.53 25.92 25.22 24.98 24.35 23.85 23.55 23.41 22.82 22.48 22.53 22.4 22.46 22.75 22.61 22.49 22.63 23.01 23.03 23 23.01 23.07 23.42 23.9 24.74 25 25 25.03 25.37 25.7 25.99 26 26.04 26.6 27 27.26 27.74 28 27.99 27.95 28 28.15 28 28 28.39 28 27.99 27.43
30.1 26.94 29.91 32.92 33.8 34.12 34.12 33.99 33.72 33.33 33.04 32.81 32.65 32.43 32.35 32.16 32.02 31.75 31.55 31.29 31 30.7 30.35 29.75 29.09 28.67 27.82 27.13 26.73 26.16 25.72 25.05 24.83 24.65 24.12 23.84 23.44 23.12 23.01 22.94 22.83 22.83 22.7 22.9 22.82 23.03 22.98 22.93 23 23.11 23.78 23.75 23.79 24 24.27 24.63 24.98 25 25 25.17 25.94 26 26.07 27.01 27.44 27.93 27.74 27.83 27.99 28 28.04 28 28 27.99 27.99 27.95 27.13
29.77 28.55 29.98 30.7 30.83 30.77 31.03 31.43 31.53 31.3 31.26 31.3 31.35 31.24 31.1 30.94 30.8 30.67 30.41 30.36 30.15 29.86 29.46 29.08 28.54 28.13 27.58 26.94 26.49 26.14 25.55 25.13 24.85 24.74 24.37 24.07 23.64 23.24 23.09 23.07 23.3 23.06 23.21 23.02 23.01 23.25 23.04 23.01 23 23.42 23.67 23.84 24 24 24 24.34 24.93 25 25.16 25.38 25.64 25.89 26.36 26.85 27.61 27.51 27.12 27.3 28 27.95 27.76 28 28 27.97 28 27.91 27.77
28.04 28.57 28.34 27.44 27.9 28.37 28.94 29.02 29.42 29.49 29.61 29.75 29.89 29.9 29.97 29.78 29.87 29.67 29.56 29.47 29.18 29.01 28.78 28.43 27.95 27.82 27.12 26.71 26.09 25.99 25.35 24.99 24.94 24.85 24.54 24.15 24.05 23.99 23.91 23.71 23.87 23.26 23.48 23.44 23.08 23.04 23 23 23 23 23.05 23.29 23.46 24.03 24.47 24.59 24.84 25 25.26 25.38 25.65 26 26.29 26.98 27.77 28 27.31 27.85 28 27.37 27.85 27.99 27.56 27.9 27.99 27.78 27.86
24.91 26.37 26.79 26.16 24.64 24.9 25.7 27.15 28 28.14 28.35 28.44 28.49 28.67 28.68 28.81 28.83 28.72 28.59 28.43 28.19 28.11 28.04 27.76 27.19 27.07 26.83 26.24 26.05 25.96 25.3 25.08 25.02 24.89 24.53 24.34 24.11 24.07 24.08 24.03 24.03 24.22 24.02 23.74 23.14 23.26 23.02 23 23 23 23.3 23.77 23.84 23.99 24 24.55 25 25 25 25.55 26 26.23 26.95 27.1 27.85 28 27.44 28 27.52 27.13 27.92 27.3 27.45 27.44 27.56 27.23 27.81
24.3 24.95 25.28 25.04 25.35 25.77 26.28 26.43 26.6 26.66 26.99 27.2 27.35 27.58 27.64 27.78 27.62 27.67 27.65 27.64 27.44 27.33 27.09 27.07 26.95 26.76 26.3 26.02 25.95 25.69 25.39 25.06 25 25 24.82 24.93 24.89 24.53 24.46 24.56 24.87 24.95 24.27 23.68 23.41 23.17 23 23 23 23 23.08 23.25 23.71 23.98 24.02 24.19 24.44 25.19 25.1 25.99 26.07 27.04 27.93 27.97 27.97 28.14 27.37 27.99 27.24 27.28 27.28 27 27.18 27.11 27.02 27.02 27.57
22.78 23.15 23.47 23.79 24.14 24.48 24.67 25 25.19 25.47 25.63 25.97 26.29 26.47 26.62 26.83 26.82 26.65 26.8 26.8 26.76 26.7 26.41 26.36 26.47 26.1 25.78 25.94 25.65 25.35 25 25 25.08 25.11 25.3 25.36 25.44 25.47 25.22 25.4 25.52 25.3 24.77 24.03 23.93 23.23 23 23 22.99 23 23.04 23.05 23.47 23.94 24 24.56 24.79 25.19 25.62 25.98 26.64 27.89 28.96 28.26 28.03 28.23 27.56 27.87 27.18 27.13 27 27.05 27.04 27 27 27.04 27.05
21.3 21.52 21.75 22.27 22.49 22.86 23.28 23.58 23.92 24.27 24.45 24.81 25.06 25.43 25.35 25.73 25.91 26.01 26.02 26.07 26.08 26.03 25.97 25.86 25.66 25.56 25.44 25.32 25.06 25.02 25 25.06 25 25.13 25.4 25.38 25.98 26.07 25.87 26.41 26.78 27.2 25.71 24.86 24.23 23.2 22.96 22.75 22.97 23 23 23 23.18 23.75 23.99 24.05 24.78 25.08 25.64 26.29 26.93 27.99 28.54 28.25 28.14 27.94 27.87 27.43 27 27.01 27 27 26.82 27 26.99 26.6 27
19.95 20.26 20.52 20.8 21.18 21.41 21.77 22.22 22.61 23.04 23.44 23.78 24.19 24.49 24.76 24.91 24.98 25.13 25.21 25.27 25.3 25.45 25.32 25.19 25.05 25.01 25.01 24.98 24.99 25 25 25.01 25 25.01 25.13 25.42 25.88 26.31 27.35 27.76 26.68 25.74 24.94 24.48 23.86 23.06 22.57 22.18 22.3 22.27 22.68 22.72 23 23 23.55 24 24.27 24.71 25.49 25.94 26.86 27.3 27.7 27.81 27.64 27.66 27.56 27.02 27 26.9 26.97 26.98 26.15 26.72 26.58 26.58 26.96
18.85 19 19.33 19.82 20.01 20.24 20.56 21.01 21.43 21.84 22.35 22.78 23.23 23.57 23.86 24.01 24.04 24.31 24.4 24.47 24.65 24.57 24.8 24.89 24.98 24.77 24.66 24.45 24.66 24.39 24.78 24.93 24.9 24.77 24.89 25 25.11 25.31 25.72 25.74 25.88 25.14 24.44 24.02 23.3 22.54 22.08 22 22 22 22 22.19 22.75 23 23.07 23.88 23.98 24.53 24.86 25.62 26.23 26.79 27 27 27 27 27 27 26.51 26.69 26.88 26.27 26.01 26.42 26.17 26.22 26.42
18.11 18.55 18.74 18.94 19.04 19.48 19.87 20.12 20.48 20.87 21.34 21.85 21.94 22.19 22.82 23.05 23.35 23.61 23.72 23.8 23.88 23.89 24 24.06 24.31 24.36 24.11 24.05 24.05 24 24.25 24.25 24.37 24.43 24.62 24.77 24.96 25.15 25.3 25.59 25.2 24.52 23.82 23.22 22.55 21.99 21.8 21.53 21.26 21.45 21.8 21.99 22.15 22.74 22.97 23.21 23.77 24.03 24.55 24.95 25.36 25.89 26.15 26.3 26.5 26.84 27 26.42 26.2 26.65 26.2 26 25.9 25.94 25.92 25.99 26.36
18.02 18.09 18.05 18.36 18.94 18.97 18.95 19.04 19.36 19.91 20.37 20.59 20.69 21.85 22.08 22.33 22.6 22.67 22.91 23.03 23.02 23.16 23.3 23.37 23.59 23.76 23.94 24.02 23.99 24 24 24.01 24.02 24.02 24.03 24.25 24.22 24.47 24.44 24.47 24.53 23.9 23.19 22.39 21.87 21.56 21.07 21.05 21.07 21 21.12 21.8 22 22.38 22.53 22.99 23.08 23.33 23.99 24.07 24.8 25.05 25.38 25.7 26.02 26.3 26.13 26 26 26 26 25.77 25.06 25.43 25.38 25.31 25.69
17.63 17.93 18.35 18.17 17.62 17.28 17.5 17.74 18.11 18.78 19.38 19.85 20.44 20.82 21.26 21.51 21.6 21.91 22.05 22.24 22.43 22.71 22.67 22.88 23 23.02 23.22 23.53 23.94 23.98 23.92 23.96 23.97 23.9 24 23.94 24 24.01 23.87 23.71 23.33 22.94 22.31 21.88 21.31 21.26 21.01 20.72 20.68 20.92 21 21.09 21.64 22 22.03 22.76 23.01 23.05 23.05 23.56 23.95 24.23 24.58 25.03 25.09 25.41 25.98 25.78 25.89 25.78 25.74 25.15 25.01 25.44 25.12 25 25.36
17.2 17.11 17.75 17.5 17.42 17.46 17.86 17.84 17.98 18.03 18.49 18.83 19.36 19.7 20.06 20.37 20.88 21.13 21.33 21.66 21.87 22.03 22.06 22.09 22.18 22.57 22.84 22.97 23.21 23.47 23.62 23.64 23.83 23.77 23.56 23.62 23.55 23.66 23.25 23.07 22.88 22.23 21.84 21.23 20.83 20.39 19.93 20.03 20.05 20.13 20.74 21 21.01 21.5 21.98 22.06 22.37 22.84 22.78 23.01 23.18 23.6 24 24.54 25.02 25.01 25.18 25.64 25.29 25.4 25.16 25 25 25 25 25 25
17.41 16.51 17.16 18.94 18.85 18.11 17.95 18 17.99 17.99 17.96 17.96 18.25 18.59 19.01 19.32 19.92 20.44 20.73 20.81 21.06 21.32 21.53 21.49 21.82 21.79 22.15 22.71 23.1 23.67 24.07 23.87 23.59 23.54 23.36 23.04 23.05 23 22.98 22.83 22.42 21.87 21.28 20.75 20.05 19.85 19.47 19.2 19.57 20 20.22 20.74 21 21.17 21.46 21.89 22 22.1 22.24 22.14 22.57 22.99 23.35 24.05 24.62 24.73 24.87 25 25 25 25.09 25.06 25 25 25 25.04 25
18.48 18.18 18.26 19.48 18.96 18.35 18.02 18 18 17.65 17.42 17.35 17.45 17.74 18.05 18.52 19.04 19.68 19.91 19.97 20.08 20.44 20.61 20.87 21 21.19 21.64 21.94 22.64 23.25 23.99 24.07 24.42 24.13 23.99 23.68 23.06 22.94 22.66 22.28 22 21.48 20.97 20.42 19.81 19.18 19.05 19.02 19.22 19.67 19.96 20.57 20.92 21 21.2 21.22 21.32 21.67 21.51 21.95 22 22.24 22.94 23.44 24 24.11 24.95 25 25 25 25 25 25 25.05 25 25 25.24
18.75 18.64 19.18 19.75 19.47 19.08 18.73 18.15 17.99 17.33 17 16.96 17 17.02 17.22 17.67 18.11 18.73 18.98 19.11 19.27 19.39 19.66 20.04 20.27 20.81 21.03 21.59 22.1 22.85 22.95 22.97 23.12 23.3 23.82 24.02 23.68 23.02 22.71 22.15 21.74 21.15 20.67 20.01 19.64 18.96 18.22 18.71 19.05 19.44 19.77 20.05 20.84 21 21.15 21.23 21.3 21 20.98 20.94 21.45 22 22.34 22.8 23.47 24.3 24.51 24.95 25 25 24.87 24.89 25.02 25 25 25.05 25.27
17.27 18.29 19.67 19.58 20.19 19.85 19.08 18.6 17.97 17.34 16.98 16.96 16.82 16.8 16.86 16.96 17.18 17.67 17.96 18.17 18.37 18.62 18.84 19.09 19.47 20.01 20.61 21.05 22 22.39 22.16 21.98 21.84 21.93 22.08 22.26 22.57 22.54 22.4 22.2 21.55 20.93 20.24 19.96 19.23 19 18.72 18.7 19.01 19.51 19.93 20.14 20.62 21.01 21 21.02 21.1 20.93 20.57 20.12 20.82 21.19 22.01 22.43 23.44 23.96 24.3 24.79 24.7 24.72 24.68 25 25 25 25 25 25.23
16.38 17.4 19.08 20.45 20.77 20.45 19.67 19.05 18.57 17.77 16.97 17 16.84 16.17 16.19 16.22 16.46 16.77 17.07 17.26 17.57 17.79 17.99 18.15 18.47 18.9 19.29 19.83 20.17 20.54 20.96 21.66 21.82 21.76 21.52 22.05 22.4 22.47 22.32 21.71 21.17 20.54 20.1 19.77 19.17 19 19 19 19.06 19.72 19.98 20.3 20.84 21 21.38 21.31 21.06 20.9 20.63 20.17 20.47 21.01 21.45 22.35 22.96 23.1 23.75 24 24.14 24.26 24.51 24.87 24.75 24.98 25 25.08 25.38
16.87 19.79 19.96 20.16 21.15 20.8 20.39 19.77 19.09 18.56 17.93 17.19 16.94 16.29 16 16 16 16.02 16.32 16.72 16.98 17.01 17.07 17.38 17.97 18.03 18.31 18.75 18.91 19.25 19.44 19.89 20.29 20.5 21.06 21.33 21.69 21.76 21.36 21 20.58 20.09 19.84 19.56 19.17 19 19 19 19.03 19.69 20.26 20.87 21.47 21.92 22.16 22.33 22.08 22 21.68 21.54 21.04 21.06 21.41 22.09 22.65 23.02 23.25 23.75 24.02 24.41 24.66 24.58 24.86 25 25 25.03 25.16
18.82 20.3 20.78 19.78 20.9 21.22 20.86 20.44 19.72 19.05 18.24 17.86 17.07 16.71 16.06 16 16 16 16 16.03 16.18 16.36 16.78 17 17.37 17.56 17.65 17.87 18.01 18.37 18.62 19.06 19.63 20.21 19.98 20.23 20.74 20.74 20.45 20.21 20.02 19.71 19.47 19.03 19 19 19 19 19.05 19.6 19.91 20.32 21.24 21.89 22.47 23.09 23.14 23.11 22.63 22.35 21.65 21.56 21.47 22.03 22.18 22.7 23.03 23.51 23.91 24.26 24.8 24.83 24.81 24.95 24.87 25 25.18
21.22 21.26 22.22 21.94 20.09 20.36 20.96 20.43 20.17 19.8 19.16 18.36 17.66 17.04 16.61 16.21 16.01 16 16 15.99 16 16.05 16.48 17.05 17.41 17.38 17.06 17.07 17.31 17.71 17.99 18.4 19.35 19.94 19.75 19.85 19.89 20.01 20.25 20.51 19.75 19.24 19 19 19 19 19 19 19.05 19.61 20 20.07 20.83 21.23 22.01 22.36 22.53 21.95 21.61 21.3 21.15 21 21.23 21.81 22.13 22.53 22.98 23.45 23.95 24 24.27 24.98 24.95 24.96 24.94 25 25
24.28889 21.7 23.68 22.61 21.19 20.54 20.09 19.58 20.62 20.72 20.1 19.37 18.46 17.7 17.31 17 16.62 16.06 16 16 15.94 15.64 15.47 15.87 16.66 17.15 17.16 17.02 16.87 17.01 17.67 17.98 18.32 18.75 18.8 19.03 19.35 19.76 19.54 19.56 19.25 18.89 18.74 18.9 18.91 18.91 18.95 19 19 19.18 19.92 20.03 20.36 20.97 21.31 21.81 21.86 21.63 21.09 21.01 20.77 21 21 21.45 21.93 22.55 22.95 23.1 23.68 23.92 24.01 24.45 24.91 25 25.09 25.17 24.93
22.03 18.87 23.63 24.51 24.5 22.61 20.52 19.64 20.82 20.78 21.1 20.47 19.21 18.36 18.06 17.51 16.98 16.63 16.07 16 15.98 15.55 15.24 15.03 15.19 15.81 15.98 15.96 16.18 16.56 17.04 17.71 17.76 17.8 17.95 18.57 18.75 18.66 18.71 20.11 20.17 19.49 18.96 18.83 18.4 18.83 18.82 18.88 19 19 19.19 19.58 20 20.34 20.81 20.94 21.18 20.91 20.91 20.76 20.8 20.92 21.03 21.35 22 22.25 22.87 23.05 23.25 23.55 23.94 23.91 24.11 24.46 24.85 24.82 24.44
19.59 17.59 21.57 23.89 23.7 23.57 21.04 20.73 20.55 20.09 19.1 21.2 20.35 17.83 17.65 18.02 17.4 16.99 16.84 16.38 16.02 15.95 15.96 15.64 15.29 15.76 15.9 15.22 16.08 16.59 16.73 17.04 17.23 17.5 17.45 17.73 17.79 17.55 18.28 19.36 20.48 19.84 18.63 19.18 19.64 19.43 19.28 18.95 19.02 19.02 19.02 19.03 19.46 19.92 19.96 20.3 20.38 20.32 20.12 20.37 20.34 20.39 20.86 21.18 21.94 22.11 23.12 23.76 23.26 23 23.22 23.49 23.68 23.92 24 24.09 24.35
22.94845 17.99 21.75 24.5 25.94 25.75 23.93 21.26 21.81 21.55 20.9 18.42 20.72 19.32 18.18 18.2 17.44 16.79 17.03 17.02 16.72 16.11 16.08 16.02 16.19 16.22 15.89 16.15 16.24 16.3 16.95 16.88 17.2 17.23 16.94 17 16.95 17 17.33 17.56 17.69 18.85 18.92 20.25 21.7 21.5 20.45 20.21 19.73 19.25 18.87 18.79 18.86 19.05 19.3 19.58 19.94 19.84 19.93 19.89 19.88 20.02 20.48 20.88 21.26 22.5 22.96 23.37 23.33 23.14 22.97 23.18 23.03 23.24 23.78 23.98 24.2
