taller 1/variables/bioclim6.asc
ncols         720
nrows         300
xllcorner     -30.008325510658
yllcorner     30.991671412252
cellsize      0.083333337679505
NODATA_value  -9999
[rows 204 to 237 of 300, columns 304 to 379 of 720]
16.18 11.11 12.7 12.99 10.37 11.69 9.53 10.72 9.31 9.27 10.74 11.11 11.28 11.15 11.08 11.01 10.19 7.18 4.92 2.53 0.47 1.6 0.21 -1.21 -3.72 -5.16 -6.68 -4.46 -0.01 5.24 8.62 10.21 11.46 11.44 10.32 5.11 1.71 1.37 -0.71 0.53 5.1 8.43 11.92 12.87 5.79 14.61 25.85 37.47 45.6 50.48 53.5 48.41 46.43 60.59 64.20253 64.83334 -9999 -9999 -9999 -9999 -9999 -9999 -9999 -9999 -9999 -9999 -9999 -9999 -9999 -9999 66.33334 63.36905 62.03 65.51064 66.78125 -9999
11.33 9.33 12.36 13.74 10.07 9.49 11.46 11.06 10.93 11.18 9.9 9.98 9.82 7.11 7.88 11.54 9.78 7.78 6.2 4.84 0.86 0.12 0.44 -0.98 -2.49 -3.45 -5.01 -4.23 -1.04 2.87 6.74 8.8 10.95 9.72 8.34 6.8 4.2 3.5 2.97 5.07 7.38 10.74 13.83 16.68 14.52 20.1 29.25 30.48 34.86 46.95 47.4 43.54 41.62 45.48 57.65 62.26744 64.02222 64.40909 -9999 -9999 -9999 -9999 -9999 -9999 -9999 -9999 -9999 -9999 -9999 -9999 64 61.6875 66.9855 68.25 -9999 -9999
16.45 14.33 11.65 11.47 12.58 11.67 10.42 10 6.22 7.76 11.79 12.04 12.39 11.55 11.36 11.52 8.66 7.99 7.68 6.06 2.11 0.05 -0.24 -1.38 -2.76 -3.21 -3.19 -2.2 -2.28 -1.04 0.01 1.55 5.18 5.07 5.48 5.43 4.14 3.69 4.44 6.68 10.9 9.57 8.31 10.47 18.46 25.44 22.19 23.89 29.25 25.25 27.38 39.83 28.78 29.26 38.43 53.9 56.97 58.39 62.46939 -9999 -9999 -9999 -9999 -9999 -9999 -9999 -9999 -9999 -9999 -9999 -9999 -9999 -9999 69.85714 -9999 -9999
19.96 18.03 13.18 9.26 9.72 11.02 11.58 9.37 5.44 6.44 13.23 13.33 11.12 12.53 12.03 12.02 9.75 8.19 7.52 6.57 4.37 1.44 -0.86 -0.86 1.07 0.87 -3.48 -8.81 -11.66 -11.35 -11.01 -5.57 1.1 5.16 5.05 5.93 7.59 8.83 10.55 7.24 11.31 15.51 15.74 16.9 26.29 24.7 22.77 19.82 14.4 14.8 24.8 29.86 17.24 26.85 31.55 40.97 53.81 59.22892 58.52174 -9999 -9999 -9999 -9999 -9999 -9999 -9999 -9999 -9999 -9999 -9999 -9999 -9999 68.96154 69.48387 66.5 68.33334
16.3 14.63 13.66 11.93 10.37 11.45 10.35 10.07 12.76 15.63 10.6 15.35 11.67 11.83 11.51 12.06 10.13 6.02 6.46 6.6 6.03 1.68 3.68 3.39 8.37 -0.36 -11.44 -17.15 -10.17 -9.17 -6.76 -1.42 4.04 7.33 11.19 13.24 14.64 14.93 15.07 13.08 10.56 14.14 20.68 22.68 25.72 29.96 24.21 15.51 21.36 13.5 14.93 17.13 25.77 26.01 50.22 57.55696 59.70588 65 -9999 -9999 -9999 -9999 -9999 -9999 -9999 -9999 -9999 -9999 -9999 -9999 -9999 -9999 68 -9999 68.5 -9999
19.89 12.21 6.05 9.24 11.19 12.21 17.04 17.55 15.6 14.91 16.08 13.09 12.81 11.79 10.59 9.56 9.06 8.85 8.83 10.2 5.09 7.4 12.1 11.51 4.09 -13.32 -14.85 -16.46 -8.22 -2.2 1.6 6.94 12.6 15.61 15.97 19.07 22.45 21.66 17.77 18.32 17.12 17.17 22.3 20.98 17.83 28.15 29.25 14.67 21.86 27.59 38.5 32 49.84 56.51191 60.14286 58.61905 -9999 -9999 -9999 -9999 -9999 -9999 -9999 -9999 -9999 -9999 -9999 -9999 -9999 -9999 -9999 -9999 -9999 -9999 -9999 -9999
19.97 19.64 17.11 6.68 7.29 5.99 8.21 16.67 23.12 15.51 8.14 4.43 2.46 9.9 12.2 13.21 13.68 15.97 12.5 10.59 11.85 16.03 15.28 8.44 4.06 0.79 -9.68 -12.86 0.33 6.54 10.44 16.32 14.52 19.32 23.51 26.68 26.2 23.36 20.19 21.83 22.85 21.64 12.95 20.24 24.14 28.72 36.5 30.01 38.72 46.18 54.54 56.67105 59.4375 -9999 -9999 -9999 -9999 -9999 -9999 -9999 -9999 -9999 -9999 -9999 -9999 -9999 -9999 -9999 -9999 -9999 -9999 -9999 -9999 -9999 -9999 -9999
16.69 16.5 19.06 18.55 20.72 18.07 16.98 15.61 25.06 21.53 20.48 17.77 12.32 14.81 17.58 19.98 23.38 21.43 18.43 17.77 18.88 23.07 18.58 13.08 8.81 -5.04 -11.32 -2.55 10.85 17.21 14.35 12.68 20.07 25.64 25.03 27.83 29.29 28.2 30.27 27.36 25.13 27.23 23.48 24.09 20.2 30.56 40.99 45.87 48.71 56.64 60.22667 62.46667 -9999 -9999 -9999 -9999 -9999 -9999 -9999 -9999 -9999 -9999 -9999 -9999 -9999 -9999 -9999 -9999 -9999 -9999 -9999 -9999 -9999 -9999 -9999 -9999
16.84 17.61 15.55 16.11 16.37 25.1 19.87 23.32 28.82 29.63 27.24 29.89 29.56 28.39 31.51 32.97 29.57 23.15 21.18 22.1 28.75 16.75 4.82 10.14 -5.89 -16.6 -4.94 -2.62 3.27 2.1 -1.64 -3.04 6.34 14.96 27.86 33.76 32.47 34.77 37.72 32.8 28.96 19.67 22.7 28.96 29.48 33.23 43.03 51.27 55.05 59.73404 -9999 -9999 -9999 -9999 -9999 -9999 -9999 -9999 -9999 -9999 -9999 -9999 -9999 -9999 -9999 -9999 -9999 -9999 -9999 -9999 -9999 -9999 -9999 -9999 -9999 -9999
19.63 21.97 22.17 24.65 19.67 27.94 29.07 30 35.35 29.17 38.06 39.98 39.29 36.96 39.77 33.43 26.47 25.16 26.51 26.6 19 10.6 5.69 7.06 -13 -13.1 -5.32 -16.3 -4.53 -7.11 -8.86 -7.19 1.93 20.43 28.33 32.33 32.95 33.2 31.11 38.2 37.38 33.71 36.63 41.59 44.01 50.88 55.64 57.69 59.54255 59.50794 63 -9999 -9999 -9999 -9999 -9999 -9999 -9999 -9999 -9999 -9999 -9999 -9999 -9999 -9999 -9999 -9999 -9999 -9999 -9999 -9999 -9999 -9999 -9999 -9999 -9999
27.73 28.85 37.11 37.31 36.24 38.98 37.52 39.16 38.57 42.94 44.53 44.93 40.74 45.02 42.34 36.73 35.94 33.67 28.89 23.92 17.3 -9.14 8.95 -9.48 -22.37 -18.6 -20.1 -18.26 -17.25 -13.2 -15.39 -0.64 0.32 12.2 25.39 28.08 28.15 27.95 25.13 31.69 42.57 41.88 41.86 45.37 48.66 53.51 56.52 58.3 58.91304 -9999 -9999 -9999 -9999 -9999 -9999 -9999 -9999 -9999 -9999 -9999 -9999 -9999 -9999 -9999 -9999 -9999 -9999 -9999 -9999 -9999 -9999 -9999 -9999 -9999 -9999 -9999
37.43 39.16 44.42 44.67 45.83 47.73 48.52 49.79 49.95 49.53 48.83 47.11 46.95 41.22 30.1 25.82 25.35 30.26 35.82 30.16 6.36 0.28 -4.16 -29.8 -25 -29.68 -25.07 -20.98 -15.42 -12.08 -1.7 2.86 11.34 14.58 14.4 18.77 24.36 31.23 35.78 38.79 42.3 44.21 44.9 49.44 50.22 51.06 53.66 58.48 59.42424 -9999 -9999 -9999 -9999 -9999 -9999 -9999 -9999 -9999 -9999 -9999 -9999 -9999 -9999 -9999 -9999 -9999 -9999 -9999 -9999 -9999 -9999 -9999 -9999 -9999 -9999 -9999
45.74 46.26 48.66 45.22 46.52 47.22 44.78 47.2 49.45 48.26 50.59 49.52 48.89 45.69 42.74 42.99 41.67 40.68 37.14 29.5 12.18 -4.68 -23.88 -32 -16.99 -19.37 -10.43 -3.15 0.04 -3.13 2.65 6.76 9.44 12.99 11.47 5.55 23.27 27.8 31.8 37.52 42.71 46 44.43 42.27 43.74 46.47 52.21 58.64706 60 -9999 -9999 -9999 -9999 -9999 -9999 -9999 -9999 -9999 -9999 -9999 -9999 -9999 -9999 -9999 -9999 -9999 -9999 -9999 -9999 -9999 -9999 -9999 -9999 -9999 -9999 -9999
44.4 45 45.48 43.34 44.08 46.96 45.24 46.4 48.02 46.76 49.05 47.36 42.68 39.95 39.59 34.96 37.88 40.7 33.5 17.58 -15.34 -15.03 -23.13 -13.88 0.44 -1.93 -0.61 5.93 1.91 -1.89 0.23 10.44 13.92 19.8 18.57 13.01 13.86 5.65 31.86 42.89 35.22 34.1 38.52 44.05 47.32 51.47 56.96 59.71429 -9999 -9999 -9999 -9999 -9999 -9999 -9999 -9999 -9999 -9999 -9999 -9999 -9999 -9999 -9999 -9999 -9999 -9999 -9999 -9999 -9999 -9999 -9999 -9999 -9999 -9999 -9999 -9999
44.25 45.29 46.16 42.02 46.46 46.51 46.12 43.49 41.26 34.63 41.18 45.16 28.44 12.94 4.78 13.81 29.32 30.65 35.81 12.33 -15.66 2.96 7.55 8.19 12.41 12.32 8.23 6.72 1.99 2.89 6.86 9.56 15.19 29.01 28.33 29.25 24.83 33.37 44.28 46.07 39.41 42.43 46.12 50.24 53.85 57.18 59.82 61 -9999 -9999 -9999 -9999 -9999 -9999 -9999 -9999 -9999 -9999 -9999 -9999 -9999 -9999 -9999 -9999 -9999 -9999 -9999 -9999 -9999 -9999 -9999 -9999 -9999 -9999 -9999 -9999
48.67 46.17 46.61 45.31 45.66 45.62 41.88 41.14 32.02 17.96 25.69 27.03 23.21 6.54 -14.81 9.94 10.34 16.11 20.81 27.1 19.53 13.09 17.23 17.44 19.18 11.97 5.12 8.01 4.01 -9.2 -2.67 12.24 20.14 27.15 32.55 37.51 38.91 43.78 44.21 47.55 46.14 48.49 50.02 54.67 57.71 60.25 62.27273 63.2 -9999 -9999 -9999 -9999 -9999 -9999 -9999 -9999 -9999 -9999 -9999 -9999 -9999 -9999 -9999 -9999 -9999 -9999 -9999 -9999 -9999 -9999 -9999 -9999 -9999 -9999 -9999 -9999
45.76 43.29 39.25 41.38 39.78 42.69 41.58 27.52 29.01 16.84 -2.44 5.44 13.16 8.81 5.06 7.16 8.71 14.71 21.33 28.83 23.91 21.91 24.31 26.12 20.25 12.12 -1.66 -5.63 -4.74 1.18 9.13 13.32 16.84 24.27 32.48 44.07 43.59 33.1 38.8 51.51 50.81 48.58 46.52 55.96907 59.1 57.59596 59.72289 63.89655 -9999 -9999 -9999 -9999 -9999 -9999 -9999 -9999 -9999 -9999 -9999 -9999 -9999 -9999 -9999 -9999 -9999 -9999 -9999 -9999 -9999 -9999 -9999 -9999 -9999 -9999 -9999 -9999
45.14 39.03 35.72 25.5 21.01 33.82 39.87 32.46 25.96 9.78 -4.21 -3.64 7.78 1.47 6.45 5.19 6.11 6.5 16.98 23.89 26.43 20.24 16.62 24.67 16.53 6.54 3.48 -0.61 2.41 6.28 7.71 13.11 18.39 25.34 39.48 45.48 36.77 33.52 50.35 58.80597 59.40909 60.85714 55.58823 -9999 60 58.36364 -9999 -9999 -9999 -9999 -9999 -9999 -9999 -9999 -9999 -9999 -9999 -9999 -9999 -9999 -9999 -9999 -9999 -9999 -9999 -9999 -9999 -9999 -9999 -9999 -9999 -9999 -9999 -9999 -9999 -9999
45.03 43.87 39.58 23.48 25.86 32.76 26.68 27.01 14.58 17.07 10.42 10.75 9.55 11.95 12.43 5.55 8.36 14.54 18.1 9.4 5.78 -0.38 4.14 17.56 13 3.72 -2.2 6.76 14.38 26.8 30.59 33.83 41.23 45.04 47.58 49.15 53.27 55.26042 62.26191 -9999 -9999 -9999 -9999 -9999 -9999 -9999 -9999 -9999 -9999 -9999 -9999 -9999 -9999 -9999 -9999 -9999 -9999 -9999 -9999 -9999 -9999 -9999 -9999 -9999 -9999 -9999 -9999 -9999 -9999 -9999 -9999 -9999 -9999 -9999 -9999 -9999
49.47 45.14 37.41 34.64 20.64 20.83 18.42 14.93 11.24 11.23 15.59 14.68 14.33 13.88 1.27 -6.41 1.56 13.46 14.05 1.16 -8.45 -28.62 -21.67 3.3 9.43 16.04 23.55 30.49 35.67 42.77 47.05 50.68 54.08 46.67 55.35 59.65979 65.22222 66 -9999 -9999 -9999 -9999 -9999 -9999 -9999 -9999 -9999 -9999 -9999 -9999 -9999 -9999 -9999 -9999 -9999 -9999 -9999 -9999 -9999 -9999 -9999 -9999 -9999 -9999 -9999 -9999 -9999 -9999 -9999 -9999 -9999 -9999 -9999 -9999 -9999 -9999
48.24 46.29 45.91 39.86 37.73 33.2 22.96 22.03 16.87 18.27 25.7 25.1 21.49 -1.14 -12.43 -6.03 2.88 8.62 10.9 3.6 -8.41 -20.77 -29.7 -21.7 -16.36 -11.36 -9.79 -3.94 16.35 30.82 36.94 43.53 57.07 63.63 66.32979 62.44444 -9999 -9999 -9999 -9999 -9999 -9999 -9999 -9999 -9999 -9999 -9999 -9999 -9999 -9999 -9999 -9999 -9999 -9999 -9999 -9999 -9999 -9999 -9999 -9999 -9999 -9999 -9999 -9999 -9999 -9999 -9999 -9999 -9999 -9999 -9999 -9999 -9999 -9999 -9999 -9999
43.24 43.65 41 27.29 32.59 37.02 30.39 37.86 34.99 32.31 32.09 29.74 25.34 12.17 3.46 -14.2 -29.74 -14.22 1.48 2.61 3.16 5.92 0.06 -11.71 -20.32 -19.29 -8.63 2.63 14.93 27.04 32.08 41.97 56.62 69.12 71.18182 -9999 -9999 -9999 -9999 -9999 -9999 -9999 -9999 -9999 -9999 -9999 -9999 -9999 -9999 -9999 -9999 -9999 -9999 -9999 -9999 -9999 -9999 -9999 -9999 -9999 -9999 -9999 -9999 -9999 -9999 -9999 -9999 -9999 -9999 -9999 -9999 -9999 -9999 -9999 -9999 -9999
45.27 45.32 37 30.92 26.74 20.03 8.45 25.18 24.17 21.85 22.1 22.12 21.91 8.68 -18.68 -37.23 -61.23 -60.85 -43.32 -37.47 -34.21 -25.06 -2.98 15.87 26.52 25.8 27.44 37.55 37.71 42.15 48.14 54.45 55.78 58.71429 72.8 -9999 -9999 -9999 -9999 -9999 -9999 -9999 -9999 -9999 -9999 -9999 -9999 -9999 -9999 -9999 -9999 -9999 -9999 -9999 -9999 -9999 -9999 -9999 -9999 -9999 -9999 -9999 -9999 -9999 -9999 -9999 -9999 -9999 -9999 -9999 -9999 -9999 -9999 -9999 -9999 -9999
44.62 44.66 34.19 30.16 18.54 2.82 -0.59 13.7 15.56 13.99 8.29 11.98 15.28 -1.74 -47.99 -75.63 -69.93 -48.07 -33.75 -14.08 -10.7 -13.23 -5.91 20.63 40.47 45.77 52.82 43.92 30.94 35.53 48.34 58.27 58.44 63.85938 -9999 -9999 -9999 -9999 -9999 -9999 -9999 -9999 -9999 -9999 -9999 -9999 -9999 -9999 -9999 -9999 -9999 -9999 -9999 -9999 -9999 -9999 -9999 -9999 -9999 -9999 -9999 -9999 -9999 -9999 -9999 -9999 -9999 -9999 -9999 -9999 -9999 -9999 -9999 -9999 -9999 -9999
34.52 28.22 31.16 24.95 28.52 28.97 24.33 4.74 7.74 14.3 7.62 -2.1 16.92 21.84 -14.67 -12.74 -13.73 -1.65 17.11 35.56 23.57 -4.95 -2.04 5.07 22.96 51.85 65.19 43.73 39.51 55.66 67.32 66.29 70.85714 74.7619 -9999 -9999 -9999 -9999 -9999 -9999 -9999 -9999 -9999 -9999 -9999 -9999 -9999 -9999 -9999 -9999 -9999 -9999 -9999 -9999 -9999 -9999 -9999 -9999 -9999 -9999 -9999 -9999 -9999 -9999 -9999 -9999 -9999 -9999 -9999 -9999 -9999 -9999 -9999 -9999 -9999 -9999
55.39 51.79 48.3 34.9 44.91 58.34 57.05 22.12 11.04 5.44 -0.51 9.54 18.41 33.03 33.8 21.18 15.22 10.99 10.42 36.75 46.13 5.46 -14.31 18.29 33.56 42.15152 67.58889 75.63529 74.30434 74.98 71.38 68.50516 75.44444 -9999 -9999 -9999 -9999 -9999 -9999 -9999 -9999 -9999 -9999 -9999 -9999 -9999 -9999 -9999 -9999 -9999 -9999 -9999 -9999 -9999 -9999 -9999 -9999 -9999 -9999 -9999 -9999 -9999 -9999 -9999 -9999 -9999 -9999 -9999 -9999 -9999 -9999 -9999 -9999 -9999 -9999 -9999
62.17 68.21 65.6 52.58 47.88 60.53 71.49 60.93407 55.51515 53.09783 31.47727 52.5 48.11956 61.15152 41.57 36.35 33.94624 45.42353 41.55814 51.05556 61.53333 58.57895 67.87 70.09 75.29474 75.72727 81 82 81.25 78.8421 73.02128 75.56667 -9999 -9999 -9999 -9999 -9999 -9999 -9999 -9999 -9999 -9999 -9999 -9999 -9999 -9999 -9999 -9999 -9999 -9999 -9999 -9999 -9999 -9999 -9999 -9999 -9999 -9999 -9999 -9999 -9999 -9999 -9999 -9999 -9999 -9999 -9999 -9999 -9999 -9999 -9999 -9999 -9999 -9999 -9999 -9999
75.42 79.91 80.82954 76.78261 73.56667 73.63333 77.4 -9999 74.75 -9999 70 72.5 -9999 74.92857 67.4186 58.58065 -9999 -9999 -9999 -9999 -9999 76.05882 75.87234 77 79.33334 -9999 -9999 -9999 -9999 71.8 75.83334 -9999 -9999 -9999 -9999 -9999 -9999 -9999 -9999 -9999 -9999 -9999 -9999 -9999 -9999 -9999 -9999 -9999 -9999 -9999 -9999 -9999 -9999 -9999 -9999 -9999 -9999 -9999 -9999 -9999 -9999 -9999 -9999 -9999 -9999 -9999 -9999 -9999 -9999 -9999 -9999 -9999 -9999 -9999 -9999 -9999
55.28 67.17778 82.14286 -9999 -9999 -9999 -9999 -9999 -9999 -9999 -9999 -9999 -9999 -9999 -9999 -9999 -9999 -9999 -9999 -9999 -9999 -9999 -9999 -9999 -9999 -9999 -9999 -9999 -9999 -9999 -9999 -9999 -9999 -9999 -9999 -9999 -9999 -9999 -9999 -9999 -9999 -9999 -9999 -9999 -9999 -9999 -9999 -9999 -9999 -9999 -9999 -9999 -9999 -9999 -9999 -9999 -9999 -9999 -9999 -9999 -9999 -9999 -9999 -9999 -9999 -9999 -9999 -9999 -9999 -9999 -9999 -9999 -9999 -9999 -9999 -9999
81.82456 -9999 -9999 -9999 -9999 -9999 -9999 -9999 -9999 -9999 -9999 -9999 -9999 -9999 -9999 -9999 -9999 -9999 -9999 -9999 -9999 -9999 -9999 -9999 -9999 -9999 -9999 -9999 -9999 -9999 -9999 -9999 -9999 -9999 -9999 -9999 -9999 -9999 -9999 -9999 -9999 -9999 -9999 -9999 -9999 -9999 -9999 -9999 -9999 -9999 -9999 -9999 -9999 -9999 -9999 -9999 -9999 -9999 -9999 -9999 -9999 -9999 -9999 -9999 -9999 -9999 -9999 -9999 -9999 82 80.2963 80.92593 72.66666 74.66102 73.87931 69.74627
-9999 -9999 -9999 -9999 -9999 -9999 -9999 -9999 -9999 -9999 -9999 -9999 -9999 -9999 -9999 -9999 -9999 -9999 -9999 -9999 -9999 -9999 -9999 -9999 -9999 -9999 -9999 -9999 -9999 -9999 -9999 -9999 -9999 -9999 -9999 -9999 -9999 -9999 -9999 -9999 -9999 -9999 -9999 -9999 -9999 -9999 -9999 -9999 -9999 -9999 -9999 -9999 -9999 -9999 -9999 -9999 -9999 -9999 -9999 -9999 -9999 -9999 -9999 -9999 -9999 -9999 -9999 72.54762 68.53571 67.29 67.61 74.06 65.87 50.94 55.54 65.75
-9999 -9999 -9999 -9999 -9999 -9999 -9999 -9999 -9999 -9999 -9999 -9999 -9999 -9999 -9999 -9999 -9999 -9999 -9999 -9999 -9999 -9999 -9999 -9999 -9999 -9999 -9999 -9999 -9999 -9999 -9999 -9999 -9999 -9999 -9999 -9999 -9999 -9999 -9999 -9999 -9999 -9999 -9999 -9999 -9999 -9999 -9999 -9999 -9999 -9999 -9999 -9999 -9999 -9999 -9999 -9999 -9999 -9999 -9999 -9999 -9999 -9999 -9999 -9999 80.72727 72.12122 67.55556 59.12121 56.59 58.85 64.67 66.44 57.37 52.55 57.65 48.86
-9999 -9999 -9999 -9999 -9999 -9999 -9999 -9999 -9999 -9999 -9999 -9999 -9999 -9999 -9999 -9999 -9999 -9999 -9999 -9999 -9999 -9999 -9999 -9999 -9999 -9999 -9999 -9999 -9999 -9999 -9999 -9999 -9999 -9999 -9999 -9999 -9999 -9999 -9999 -9999 -9999 -9999 -9999 -9999 -9999 -9999 -9999 -9999 -9999 -9999 -9999 -9999 -9999 -9999 -9999 -9999 -9999 -9999 -9999 -9999 -9999 -9999 78.09677 74.17567 71.03 58.03 57.31 54.45 61 60.11 60.67 60.58 56.58 56.33 56.37 58.49
-9999 -9999 -9999 -9999 -9999 -9999 -9999 -9999 -9999 -9999 -9999 -9999 -9999 -9999 -9999 -9999 -9999 -9999 -9999 -9999 -9999 -9999 -9999 -9999 -9999 -9999 -9999 -9999 -9999 -9999 -9999 -9999 -9999 -9999 -9999 -9999 -9999 -9999 -9999 -9999 -9999 -9999 -9999 -9999 -9999 -9999 -9999 -9999 -9999 -9999 -9999 -9999 -9999 -9999 -9999 -9999 -9999 -9999 -9999 84 81.4 77.59524 72.14 67.04 65.12 59.29 58.6 54.06 57.7 62.01 63.58 63.85 64.46 61.95 61.07 59.11
