taller 1/variables/bioclim11.asc
ncols         720
nrows         300
xllcorner     -30.008325510658
yllcorner     30.991671412252
cellsize      0.083333337679505
NODATA_value  -9999
[rows 34 to 67 of 300, columns 608 to 683 of 720]
-46.08 -46.14 -45.17 -45.15 -45.78 -45.54 -46.23 -47.14 -47.87 -48.33 -49.32 -49.46 -49.19 -49.04 -49.19 -49.08 -48.68 -48.58 -46.72 -45.43 -44.72 -44.06 -43.22 -42.49 -41.35 -40.19 -38.73 -38.17 -37.69 -37.23 -36.98 -37.57 -37.71 -37.6 -38.22 -38.04 -38.47 -39.23 -38.83 -39.44 -39.7 -40.6 -40.76 -40.94 -41.25 -41.99 -43.12 -44.14 -44.47 -43.26 -41.79 -44.55 -44.61 -44.7 -44.9 -43.39 -44.58 -44.61 -46.21 -46.98 -47.02 -47.38 -47.35 -47.02 -47.49 -47.39 -47.56 -47.74 -48.33 -49.17 -49.53 -49.09 -50.08 -50.06 -50.56 -50.27
-45.42 -43.91 -43.34 -43.18 -43.73 -44.33 -45.06 -45.56 -46.81 -47.48 -48.35 -48.85 -48.96 -48.63 -48.38 -48.52 -48.82 -48.34 -46.51 -46.06 -46.01 -45.97 -44.09 -42.98 -41.67 -40.15 -38.65 -37.71 -37.36 -36.77 -36.8 -37.04 -37.37 -37.96 -37.59 -37.4 -37.62 -38.63 -38.62 -38.93 -39.58 -40.15 -40.7 -41.7 -41.73 -41.52 -42.53 -43.01 -43.36 -42.66 -42.25 -42.4 -44.19 -44.58 -44.66 -44.88 -43.14 -44.9 -45.81 -45.9 -45.87 -46.58 -46.85 -46.49 -46.43 -46.83 -47 -47.71 -48.65 -48.45 -49.1 -48.7 -48.64 -49.16 -49.45 -48.96
-43.47 -42.55 -42.01 -41.87 -42.03 -42.95 -43.66 -44.43 -44.99 -45.88 -46.85 -47.47 -47.96 -47.96 -47.96 -47.84 -48.82 -47.9 -46.94 -46.39 -46.06 -45.47 -44.05 -43.11 -41.97 -40.36 -38.73 -37.24 -37.27 -36.5 -35.92 -36.08 -36.07 -36.18 -36.21 -36.81 -36.71 -37.39 -37.46 -38.25 -39.12 -39.85 -40.34 -41.7 -41.9 -42.35 -42.21 -42.41 -42.11 -42.1 -41.85 -42.25 -43.52 -43.53 -44.01 -44.39 -44.84 -44.09 -43.81 -44.37 -46.64 -46.23 -45.59 -45.78 -46.28 -46.71 -46.8 -47.31 -48.11 -47.86 -47.65 -48.88 -48.43 -48.33 -48.6 -48.25
-40.49 -40.42 -40.27 -40.19 -40.49 -40.87 -41.9 -42.83 -43.64 -44.15 -44.99 -46.59 -47.41 -47.4 -47.81 -47.97 -47.43 -47.22 -46.73 -46.24 -45.56 -44.97 -43.91 -42.46 -41.4 -40.37 -39.39 -38.32 -37 -36.01 -35.43 -35.39 -35.68 -35.98 -36.32 -37.16 -36.83 -36.61 -37.2 -37.66 -38.17 -39.39 -39.74 -40.59 -41.23 -41.9 -41.5 -41.78 -41.88 -42.42 -41.84 -43.28 -42.93 -43.15 -43.29 -43.86 -44.32 -43.74 -43.23 -44.8 -45.21 -44.65 -44.44 -44.93 -45.38 -46.08 -46.18 -46.62 -47.02 -47.25 -47.56 -47.63 -47.36 -47.48 -47.6 -47.7
-38.61 -38.14 -38.42 -38.19 -38.25 -38.61 -38.83 -39.75 -40.9 -41.96 -43.24 -45.19 -46.09 -46.52 -47.06 -47.34 -46.65 -46.4 -46.11 -45.76 -45.09 -44.33 -43.34 -41.73 -40.51 -39.7 -38.8 -37.57 -36.96 -36.31 -35.75 -35.4 -36.29 -36.51 -36.92 -37.44 -37.32 -37.17 -37.21 -37.7 -38.31 -38.54 -39.06 -39.47 -39.83 -40.22 -40.43 -40.9 -41.75 -42.56 -42.09 -42.47 -43.06 -42.97 -42.81 -43.27 -42.95 -42.92 -43.28 -43.54 -43.45 -43.96 -44.16 -44.63 -44.92 -45.42 -45.61 -45.67 -46.35 -46.75 -46.9 -47.79 -47.38 -46.93 -47.23 -47.6
-37.22 -37.62 -37.03 -36.38 -36 -35.95 -37.73 -38.94 -39.99 -41.34 -42.83 -43.69 -44.57 -45.48 -45.56 -45.7 -45.71 -45.76 -45.2 -44.98 -44.28 -43.6 -42.24 -41.46 -40.92 -39.5 -38.19 -37.19 -37.15 -36.61 -36.06 -35.83 -36.01 -36.21 -36.17 -36.56 -36.96 -37.2 -37.15 -37.77 -37.64 -38.37 -38.85 -39.43 -39.36 -39.62 -39.94 -40.21 -40.92 -41.81 -41.83 -42.19 -42.27 -42.28 -42.71 -42.44 -42.35 -42.87 -43.21 -43.32 -43.27 -43.61 -44.03 -44.23 -44.68 -44.94 -45.41 -45.9 -45.94 -46.19 -46.38 -46.79 -46.93 -46.9 -47.02 -47.09
-34.65 -34.73 -34.44 -33.61 -33.44 -33.45 -35.11 -36.93 -38.31 -39.69 -40.73 -41.74 -42.84 -43.83 -44.92 -45.52 -46.45 -46.26 -46.19 -45.16 -43.83 -43.16 -42.62 -42.03 -41.14 -39.94 -39.2 -37.64 -36.46 -36.07 -35.64 -36.19 -36.57 -36.38 -36.04 -36.17 -36.1 -36.43 -37.29 -37.81 -37.93 -37.64 -38.15 -38.61 -39.33 -39.45 -39.94 -40.01 -40.12 -40.78 -40.64 -40.63 -41.6 -41.66 -41.36 -42.05 -41.97 -42.22 -42.73 -43.09 -43.23 -43.4 -43.78 -44.02 -44.08 -44.38 -44.83 -45.18 -45.93 -46 -46.04 -45.95 -46.2 -46.45 -46.8 -46.99
-32.24 -31.92 -31.13 -30.7 -30.96 -30.98 -32.88 -34.32 -35.64 -37.69 -39.4 -40.91 -42.07 -43.49 -44.76 -46.29 -46.94 -47.53 -47.01 -46.01 -44.75 -43.22 -42.25 -41.42 -40.91 -40.44 -39.26 -37.81 -36.78 -36.3 -36.52 -36.22 -36.12 -36.33 -35.49 -35.05 -35.48 -36.12 -36.23 -37.4 -37.63 -37.68 -37.82 -38.2 -38.68 -39.01 -39.71 -39.88 -40.05 -40.1 -40.13 -40.18 -40.31 -41.18 -41.08 -41.11 -41.36 -41.48 -41.98 -42.61 -42.88 -43.31 -43.38 -43.63 -43.9 -44 -44.22 -44.87 -45.27 -45.22 -45.77 -45.88 -45.79 -45.92 -46.07 -46.42
-29.73 -28.25 -27.26 -26.78 -27.65 -28.89 -30.79 -32.77 -34.92 -36.79 -38.79 -40.27 -41.84 -43.06 -44.46 -45.54 -46.54 -47.77 -48.03 -47.43 -46.27 -44.04 -42.15 -41.22 -40.61 -39.09 -37.95 -37.11 -36.31 -36.1 -35.31 -35.09 -34.91 -35.66 -35.18 -35.25 -35.25 -35.86 -35.49 -36.12 -36.85 -36.99 -37.45 -37.91 -38.06 -38.23 -38.92 -39.24 -39.5 -39.77 -40 -40 -40 -40.22 -40.64 -41.05 -41.26 -41.06 -41.07 -41.56 -42.38 -42.88 -42.66 -42.94 -43.37 -43.61 -43.99 -44.72 -44.59 -44.93 -45.05 -45.26 -45.43 -45.56 -45.82 -45.94
-27.97 -26.75 -25.6 -24.65 -25.38 -27.41 -29.46 -31.66 -33.86 -36.06 -38.43 -40.59 -42.4 -44.46 -45.68 -45.62 -46.4 -48.58 -49.1 -48.73 -47.47 -45.12 -43.05 -40.94 -39.44 -37.81 -35.97 -34.73 -35.03 -35.52 -34.6 -34.03 -34.02 -34.55 -34.95 -34.88 -34.82 -34.83 -35.69 -36.42 -36.82 -36.81 -37.43 -37.77 -37.58 -37.99 -38.42 -38.93 -39.14 -39.55 -39.98 -40.01 -40.01 -40.2 -40.36 -40.47 -40.96 -41.07 -41.48 -41.26 -41.99 -42.63 -42.83 -43.33 -43.7 -43.49 -43.33 -43.92 -44.27 -44.34 -44.84 -45.21 -45.38 -45.16 -45.55 -45.63
-27.27 -26.11 -25.26 -24.57 -24.66 -26.27 -28.63 -30.81 -33.3 -35.85 -38.71 -41.06 -43.08 -44.97 -45.41 -45.43 -46.01 -47.95 -49.18 -48.38 -47.19 -46.12 -44.49 -42.52 -39.69 -37.53 -36.18 -35.23 -33.52 -32.18 -32.13 -32.71 -33.5 -34.66 -34.77 -34.4 -34.65 -34.99 -35.64 -35.7 -36.13 -36.26 -36.81 -36.99 -37.15 -37.71 -38.04 -38.05 -38.81 -39.12 -39.52 -39.98 -40.28 -40.28 -40.92 -41.15 -41.67 -41.52 -41.77 -41.74 -41.77 -42.28 -42.22 -42.49 -42.69 -42.99 -43.02 -43.03 -43.21 -43.7 -44.05 -44.37 -44.88 -44.95 -45.01 -45.14
-26.84 -25.92 -24.84 -24.14 -24.41 -25.45 -28.16 -30.48 -32.93 -35.3 -38.19 -40.68 -42.84 -44.03 -44.98 -44.76 -46.12 -47.8 -48.48 -48.5 -47.46 -45.72 -43.78 -42.15 -39.48 -37.71 -35.92 -33.88 -32.28 -31.28 -30.85 -31.65 -32.52 -33.85 -34.97 -35.14 -33.95 -34.37 -35.59 -35.31 -35.95 -36.15 -36.79 -37 -37 -37.39 -38 -38.07 -38.44 -39.01 -39.27 -39.66 -40.01 -40.14 -40.28 -40.74 -40.99 -41.37 -41.64 -41.85 -42.44 -42.87 -42.54 -42.56 -42.58 -42.33 -42.76 -43.09 -43.31 -43.39 -43.38 -43.96 -43.66 -44.48 -44.95 -44.76
-27.67 -26.44 -25.2 -24.52 -24.87 -25.81 -27.53 -30.06 -32.83 -34.56 -37.12 -39.44 -41.47 -42.71 -42.92 -44.17 -46.13 -47.59 -48.58 -48.11 -47.2 -45.48 -43.29 -41.28 -39.2 -36.78 -34.58 -32.39 -30.26 -29.47 -30.76 -32.12 -33.47 -34.75 -35.8 -36.09 -34.32 -34.84 -35.06 -35.57 -36.07 -36.04 -36.45 -37 -37.14 -37.64 -38 -38.02 -38.17 -38.91 -38.92 -39.31 -39.92 -40 -40.04 -40.11 -40.63 -41 -41 -41.17 -41.37 -42.15 -42.07 -41.78 -42.05 -42.41 -42.11 -42.64 -43 -43.02 -43 -43.39 -43.96 -43.54 -44.11 -44.97
-29.88 -28.58 -26.72 -26.12 -26.31 -27.26 -27.91 -29.54 -32.19 -34.78 -36.44 -38.07 -39.81 -41.32 -42.35 -44.72 -46.08 -46.68 -47.81 -47.12 -46.12 -44.72 -42.64 -40.33 -38.29 -35.88 -33.45 -31.28 -29.08 -27.77 -29.24 -31.19 -33.2 -35.34 -37.21 -37.86 -36.56 -35.74 -36.17 -36.32 -36.45 -36.98 -36.89 -37.13 -37.56 -37.56 -37.89 -38 -38 -38.33 -38.99 -39.05 -39.61 -40 -40 -40.07 -40.4 -40.63 -40.9 -41.03 -41.15 -41.7 -41.65 -41.47 -41.75 -42 -42.02 -42.05 -42.81 -43.12 -43.21 -43.01 -43.39 -43.9 -43.53 -43.81
-31.76 -30.23 -28.5 -27.66 -27.93 -28.26 -28.82 -29.52 -31.31 -34.37 -36.51 -37.88 -39.13 -40.84 -43.23 -44.24 -45.3 -46.18 -46.53 -45.98 -45.11 -43.48 -41.85 -39.97 -37.88 -35.68 -33.58 -31.44 -29.34 -28.1 -29.34 -31.38 -33.61 -35.56 -37.1 -37.8 -37.34 -37.17 -37.45 -37.07 -36.79 -37.32 -37.59 -37.79 -37.99 -37.96 -37.74 -38.15 -38.04 -38.18 -38.85 -39 -39.08 -39.75 -39.88 -40 -40 -40.01 -40.61 -41 -41.01 -41.37 -41.58 -41.8 -41.52 -42 -42 -42.02 -42.3 -43 -43.25 -43.19 -43.03 -43.89 -44.04 -44.15
-32.54 -31.32 -29.89 -28.99 -29.14 -29.37 -29.84 -29.89 -31.29 -33.43 -35.22 -36.72 -39.4 -41.04 -42.27 -43.42 -44.55 -44.96 -44.62 -44.35 -43.67 -42.76 -41.5 -40.03 -37.79 -35.82 -33.91 -32.18 -30.78 -30.21 -30.86 -32.41 -34.26 -35.83 -37.13 -37.32 -37.72 -37.84 -37.96 -37.98 -37.72 -37.63 -37.71 -37.84 -37.44 -37.83 -37.9 -37.56 -37.94 -38.01 -38.11 -38.3 -38.88 -39.35 -39.81 -39.5 -39.8 -40 -40.06 -40.7 -41 -41 -41.14 -41.26 -41.78 -42.01 -42.02 -42.2 -42.85 -43.28 -43.48 -43.03 -43.45 -43.24 -43.27 -43.78
-32.57 -32.05 -30.87 -30.19 -30.08 -29.77 -29.93 -30.4 -30.9 -32.54 -34.79 -36.87 -39.09 -40.66 -41.61 -42.8 -43.54 -44.09 -43.96 -43.19 -42.95 -41.88 -40.96 -39.29 -37.67 -35.92 -35.01 -33.22 -32.03 -31.78 -32.26 -33.58 -35.19 -36.68 -37.17 -37.67 -38.09 -38.1 -37.89 -37.98 -38.05 -37.71 -37.24 -37.54 -37.9 -37.43 -37.47 -37.64 -37.61 -37.94 -38 -38.32 -38.5 -38.85 -39.12 -39.68 -39.67 -39.95 -40.06 -40.47 -40.93 -41.05 -41.43 -41.67 -41.71 -42.01 -42.03 -42.02 -42.61 -43.1 -43.2 -42.99 -42.97 -43.27 -43.03 -43.7
-32.8 -31.61 -30.88 -30.71 -29.86 -29.97 -31.08 -31.91 -31.5 -32.09 -33.53 -35.2 -37.83 -39.09 -40.4 -41.49 -42.23 -43.03 -43.26 -42.54 -42.36 -41.56 -40.12 -38.88 -37.66 -36.99 -35.53 -34.08 -33.38 -32.97 -33.54 -34.82 -35.81 -36.83 -37.38 -38.33 -38.35 -38.21 -37.92 -37.75 -37.87 -37.85 -37.83 -37.35 -37.27 -37.02 -37.03 -37.12 -37.34 -37.49 -38.01 -38.42 -38.21 -38.67 -38.91 -39.14 -39.63 -39.98 -40.04 -40.4 -40.98 -41.04 -41.16 -41.43 -41.92 -42 -42.14 -42.42 -42.57 -42.81 -42.82 -42.59 -42.25 -43.01 -43.24 -43.24
-32.25 -32.04 -31.64 -31.18 -31.11 -31.61 -32.29 -32.18 -32.43 -32.99 -32.94 -33.85 -35.26 -36.97 -38.93 -39.76 -40.96 -41.46 -41.44 -41.28 -40.83 -40.49 -39.73 -39.6 -38.14 -36.43 -35.65 -34.9 -34.8 -34.12 -34.88 -35.79 -36.96 -38.04 -38.14 -38.56 -38.69 -38.33 -38.1 -37.81 -37.4 -37.42 -37.46 -37.06 -37.09 -37.05 -37.01 -37.28 -37.6 -37.4 -37.95 -38.01 -38.43 -38.77 -39.09 -39.06 -39.07 -39.86 -40.02 -40.3 -40.95 -41.02 -41 -41.23 -41.99 -42.01 -42.32 -42.65 -43.11 -43.14 -42.76 -42.04 -42.36 -42.91 -43.24 -43.16
-34.23 -34.12 -33.29 -32.62 -31.89 -31.75 -32.2 -32.22 -33.2 -34.09 -34.08 -34.33 -34.71 -35.24 -36.41 -37.68 -38.98 -40.4 -41.36 -42.07 -41.1 -41.03 -40.42 -39.09 -38.57 -37.54 -36.39 -36.17 -35.93 -36.16 -36.98 -37.71 -38.11 -38.6 -38.61 -38.67 -38.48 -38.06 -37.91 -37.61 -37.65 -37.16 -37.01 -36.87 -37.12 -37.2 -37.24 -37.54 -37.5 -37.17 -37.79 -38.63 -39.53 -39.26 -38.98 -38.87 -38.97 -39.65 -40 -40.09 -40.41 -41.02 -41.03 -41.25 -41.92 -41.99 -42.02 -42.56 -42.87 -42.95 -42.37 -42.14 -42.21 -42.71 -42.99 -43.23
-34.29 -34.11 -33.58 -33.38 -33.58 -32.94 -32.82 -33.45 -33.59 -34.21 -35.11 -35.6 -35.73 -36 -36.47 -37.17 -38.76 -40.55 -41.52 -41.68 -41.75 -41.16 -40.99 -39.62 -38.81 -38.49 -37.15 -36.7 -36.64 -36.58 -36.54 -37.07 -37.68 -38.02 -38.39 -38.5 -37.91 -37.97 -37.39 -37.25 -37.11 -37.15 -37.54 -37.5 -37.29 -37.09 -37.04 -37.29 -37.25 -37.64 -37.53 -38.32 -38.91 -38.98 -38.57 -38.75 -38.97 -39.73 -40.03 -40.09 -40.26 -40.87 -41.02 -41.19 -41.26 -42.15 -42.37 -42.34 -42.56 -42.31 -42.2 -42.08 -42.3 -42.67 -42.43 -42.73
-35.78 -34.99 -34.64 -35.02 -35.05 -34.31 -34 -33.98 -34.01 -34.22 -34.64 -34.68 -35.44 -36.14 -37.17 -36.79 -39.44 -40.43 -41.43 -42.57 -43.3 -43.06 -42.26 -41.37 -39.56 -38.63 -38.03 -37.05 -36.8 -36.96 -36.94 -37.13 -37.46 -37.98 -38.11 -37.75 -37.33 -37.3 -37.1 -37.16 -37.22 -37.95 -37.95 -37.1 -37.3 -36.72 -37.03 -37.22 -36.83 -36.93 -37.26 -37.22 -37.73 -38.18 -38.1 -38.6 -39.07 -39.97 -40.4 -40.84 -40.79 -40.61 -40.81 -41.49 -41.84 -42.37 -42.16 -42.55 -42.08 -42.22 -42.42 -42.09 -42.15 -42.59 -42.57 -42.64
-39.36 -36.79 -35.93 -35.37 -35.67 -35.17 -34.25 -33.58 -33.25 -33.22 -33.54 -33.78 -34.06 -34.16 -34.4 -38.01 -39.53 -40.29 -42 -43.47 -44.49 -44.06 -42.71 -40.87 -40.02 -39.3 -38.12 -37.21 -36.63 -36.78 -36.85 -37.43 -37.37 -37.63 -37.77 -37.45 -37.06 -36.86 -36.8 -37.16 -37.32 -37.39 -37.06 -36.85 -37.25 -36.99 -36.74 -36.66 -36.56 -36.52 -37.08 -37.08 -37.52 -37.65 -37.92 -38.13 -39.3 -40.11 -40.61 -40.63 -40.91 -41.06 -40.95 -41.4 -42.21 -41.73 -41.64 -41.92 -41.88 -42.26 -42.18 -42.07 -42.21 -42.27 -42.77 -43.53
-44.12 -40.65 -38.78 -37.6 -35.91 -35.17 -34.53 -33.89 -33.81 -33.25 -33.54 -33.15 -33.08 -33.02 -33.24 -35.21 -37.72 -40.52 -42.12 -43.14 -44.25 -43.8 -41.73 -41.17 -40.8 -39.22 -38.44 -36.78 -36.22 -36.39 -36.73 -37.33 -37.08 -36.23 -36.16 -36.43 -36.47 -36.06 -35.7 -36 -36.24 -36.59 -36.52 -36.2 -36.59 -36.48 -36.36 -36.06 -36.01 -36.02 -36.48 -37.01 -37.03 -37.41 -37.67 -38.01 -38.58 -39.54 -39.99 -39.99 -40.13 -40.36 -40.88 -41.08 -41.48 -41.75 -41.76 -41.63 -41.64 -42.12 -42.12 -42.27 -42.13 -42.08 -42.56 -43.58
-42.26 -42.43 -40.05 -38.6 -37.66 -36.29 -34.92 -34.44 -33.91 -32.8 -32.79 -32.43 -32.69 -32.09 -34.11 -35.62 -36.87 -38.52 -41.22 -42.41 -42.3 -42.2 -41.63 -41.49 -41.41 -39.88 -38.55 -37.65 -36.2 -36.16 -36.6 -37.46 -37.65 -36.24 -35.76 -35.54 -35.62 -35.38 -34.86 -35.46 -35.68 -35.36 -35.64 -35.84 -35.66 -35.5 -35.55 -35.54 -36.04 -36.1 -36.26 -37.08 -37.01 -37.14 -37.61 -37.88 -38.16 -38.79 -39.38 -39.58 -39.97 -40.2 -40.38 -41.03 -41.53 -41.66 -41.88 -41.75 -41.93 -42.17 -42.14 -42.1 -42.17 -42.04 -42.52 -43.28
-45.41 -43.61 -42.53 -41.64 -38.6 -36.86 -35.36 -34.69 -33.78 -32.68 -31.99 -31.76 -31.25 -31 -32.95 -34.82 -37.02 -38.85 -40.36 -41.62 -42.08 -41.83 -41.46 -41.93 -41.82 -40.45 -39.27 -38.6 -37.67 -35.7 -35.75 -36.55 -36.71 -36.91 -36.09 -35.56 -35.13 -34.57 -34.67 -34.78 -35.19 -35.03 -35 -35.05 -35.21 -35.39 -35.37 -35.99 -36.29 -36.26 -36.26 -36.35 -36.55 -36.88 -37.16 -37.26 -37.91 -38.36 -39.12 -39.52 -40.29 -40.78 -40.92 -41 -41.31 -41.91 -42.21 -41.81 -41.92 -42.22 -42.29 -42.1 -41.95 -41.76 -42.21 -43.07
-46.26 -45.6 -43.89 -41.93 -39.57 -37.76 -36.18 -33.92 -32.25 -31.52 -30.73 -30.88 -31.12 -31.12 -32.34 -34.93 -36.45 -37.83 -39.42 -41.06 -41.11 -41.5 -41.37 -41.7 -41.34 -40.29 -39.2 -38.59 -37.69 -36.05 -35.06 -35.72 -36.11 -35.35 -36.07 -36.08 -34.91 -34.44 -34.82 -34.25 -33.65 -34.05 -34.12 -34.86 -34.98 -35.05 -35.38 -36.42 -36.19 -36 -36.01 -36.16 -36.65 -36.84 -37.4 -37.06 -37.64 -38.35 -39.21 -40.19 -40.27 -41.08 -41.1 -41.08 -41.21 -41.86 -41.96 -41.57 -41.76 -42.15 -42.1 -42.27 -42.19 -41.93 -42.11 -42.74
-43.53 -43.43 -43.55 -43.85 -42.64 -38.75 -38.01 -35.64 -33.72 -31.47 -30.04 -29.68 -29.58 -29.21 -30.28 -32.92 -35.47 -37.31 -39.68 -41.09 -41.75 -42.01 -41.25 -40.07 -39.19 -38.86 -38.43 -37.47 -36.2 -34.46 -35.52 -35.09 -34.94 -35.99 -35.98 -35.97 -34.52 -34.26 -34.39 -34.06 -33.67 -33.19 -33.55 -34.06 -34.71 -34.87 -35.06 -35.52 -35.98 -36.17 -36.19 -36.38 -36.92 -37 -36.96 -37 -37.64 -38.17 -38.8 -39.7 -40.2 -40.87 -40.83 -40.97 -40.71 -41.08 -41.54 -41.71 -42.04 -42.15 -42.38 -42.75 -42.65 -42.34 -42.52 -42.27
-41.71 -41.36 -41.44 -41.79 -41.66 -39.88 -38.75 -36.95 -34.64 -32.22 -29.82 -28.7 -28.62 -28.94 -28.57 -31.06 -34.05 -36.11 -37.56 -38.93 -40 -41.3 -41.3 -40.91 -40.14 -37.37 -36 -34.89 -33.95 -33.71 -33.44 -34.35 -34.26 -34.23 -33.95 -33.94 -33.01 -32.53 -32.55 -32.32 -32.95 -33.38 -33.58 -34.28 -33.49 -34.76 -34.98 -35.59 -35.86 -36.58 -36.67 -36.69 -37.02 -37.09 -37.43 -36.73 -37.49 -38.74 -39.16 -39.67 -40.11 -40.18 -41.01 -40.92 -40.79 -41.01 -41.98 -42.41 -42.27 -42.48 -42.35 -42.45 -43.19 -42.82 -42.7 -42.84
-40.73 -40.76 -39.21 -38.05 -36.98 -36.5 -36.51 -35.52 -33.12 -32.09 -30.49 -28.24 -26.83 -26.93 -28.27 -30.54 -32.72 -34.85 -36.16 -37.1 -37.92 -38.64 -38.73 -38.91 -39.03 -37.83 -36.75 -35.4 -34.09 -34.22 -32.92 -32.44 -32.41 -32.83 -32.06 -31.62 -31.23 -31.87 -32.13 -31.44 -31.3 -32.33 -32.76 -33.6 -32.79 -33.37 -34.22 -34.42 -35.18 -35.96 -36.04 -36.14 -36.21 -36.64 -37.11 -36.79 -36.76 -38.2 -39.25 -40.16 -40.35 -40.61 -41.32 -40.56 -42.3 -41.12 -41.3 -41.87 -41.95 -42.15 -41.83 -42.74 -43.47 -42.8 -42.62 -43.25
-38.24 -37.41 -37.31 -37.08 -35.46 -34.21 -33.27 -32.68 -32.45 -29.77 -28.58 -26.74 -26.57 -27.55 -29.23 -30.98 -32.45 -33.99 -35.48 -35.91 -36.36 -36.97 -37.07 -36.6 -35.88 -35.86 -36.18 -34.93 -35.69 -35.04 -34.09 -34.03 -33.91 -33.01 -31.99 -31.3 -30.72 -31.35 -31.54 -31.55 -31.77 -30.93 -30.79 -31.73 -32.49 -32.4 -32.79 -33.74 -34.31 -35.46 -35.92 -35.39 -35.76 -36.01 -37.02 -36.92 -36.22 -37.62 -38.85 -39.89 -40.13 -40.62 -40.94 -40.18 -41.27 -42.02 -41.87 -42.14 -43.18 -43.67 -42.25 -41.64 -42.65 -43.44 -43.48 -43.88
-35.79 -34.03 -33.52 -32.72 -32.8 -32.11 -30.86 -31.08 -29.97 -28.99 -27.94 -27.78 -27.96 -28.96 -30.75 -32.85 -34.1 -34.15 -35.09 -35.85 -35.77 -35.74 -35.83 -35.4 -33.9 -33.75 -33.65 -33.97 -34.27 -34.89 -34.79 -33.69 -33.42 -33.11 -31.42 -30.69 -30.08 -30.46 -31.31 -31.57 -30.96 -30.99 -31.04 -30.63 -31.6 -33.1 -33.07 -33.86 -33.54 -33.93 -34.51 -35.38 -35.89 -36.15 -36.26 -36.01 -36.03 -36.58 -37.52 -38.28 -40.08 -40.71 -40.89 -40.71 -41.94 -42.29 -41.91 -41.35 -43.41 -42.63 -41.5 -41.86 -42.37 -43.11 -43.79 -43.42
-33.42 -34.46 -34.31 -32.16 -30.7 -29.95 -29.49 -29.28 -28.97 -28.14 -28.22 -28.89 -29.9 -31.28 -32.94 -34.28 -35.09 -35.71 -35.8 -35.4 -36.35 -35.09 -34.97 -33.74 -33.17 -32.59 -31.62 -30.85 -31.24 -32.35 -33.4 -34.02 -33.37 -31.96 -31.46 -29.97 -29.55 -29.5 -29.76 -30.49 -30.67 -30.82 -29.98 -30.08 -31.31 -31.81 -32.87 -33.34 -32.91 -32.93 -33.09 -34.05 -34.74 -34.57 -34.56 -35.28 -36.29 -37.1 -37.92 -38.02 -38.26 -38.99 -40.53 -40.35 -41.07 -42.65 -42.32 -41.13 -41.79 -42.54 -40.51 -41.86 -43.25 -43.21 -42.88 -42.4
-29.77 -30.1 -29.78 -29.36 -28.66 -28.17 -27.98 -28.06 -28.73 -28.99 -29.67 -31.09 -32.89 -34.29 -34.72 -36.22 -37.51 -37.43 -37.01 -36.6 -35.39 -35.35 -34.66 -33.88 -33.44 -32.62 -31.39 -29.83 -29.19 -29.83 -30.87 -31.74 -31.93 -31.44 -29.85 -28.98 -28.42 -28.38 -28.14 -28.06 -28.17 -28.36 -28.3 -28.8 -29.48 -30.29 -31.35 -32.42 -32.55 -32.59 -32.86 -33.7 -34.31 -33.78 -33.96 -36.07 -36.77 -38.59 -39.38 -38.59 -37.62 -38.67 -42.6 -43.06 -42.88 -42.57 -43.48 -43.11 -42.65 -42.3 -40.39 -41.43 -42.15 -42.15 -42.03 -42.21
