taller 1/variables/bioclim3.asc
ncols         720
nrows         300
xllcorner     -30.008325510658
yllcorner     30.991671412252
cellsize      0.083333337679505
NODATA_value  -9999
[rows 34 to 67 of 300, columns 468 to 545 of 720]
33 33 33.06 33.01 33 33.01 33.04 33 33 33 33 33 33 32.92 32.8 32.19 32.34 32.16 32 32 31.8 31.34 31.02 31 31 31 30.35 30.49 30.17 30 30 29.99 30 29.76 29.36 29.09 29 29 29 29 29 29 29 29 29 29 29 29 29 29 29 29 28.93 28.88 28.58 28.1 28.01 28 28 28 28 28 28 28 28 28 27.91 27.79 27.51 27.03 27 27 26.54 26 26 26 26 25.78
33 33 33.01 33 33.01 33 33.13 33 33.04 33 33 33 33 33 32.91 32.57 32.11 32.04 32.02 32 31.99 31.76 31.18 31.09 31.01 31 30.98 30.7 30.53 30.02 30 30 30 30 29.99 29.91 29.72 29.65 29.47 29.11 29.01 29.03 29.08 29.24 29.17 29.02 29 29 29 29 29 29 29 28.97 28.68 28.39 28.15 28 28 28 28 28 28 28 28 27.88 27.81 27.2 27 27 26.97 26.57 26.1 26 26 25.97 25.9 25.76
33 33 33 33 33.04 33.02 33.02 33.01 33.05 33 33 33 33 33 33 32.88 32.68 32.68 32.18 32 32 31.99 31.49 31.12 31.09 31.01 31 30.88 30.52 30.61 30.07 30 30 30 30 30 29.89 29.86 29.7 29.75 29.83 29.89 29.56 29.63 29.68 29.53 29.09 29.11 29.29 29.05 29 29 29 29 28.97 28.21 28.18 28.19 28.01 28 28 28 28 27.98 27.69 27.13 27.04 27 27 27 26.87 26.17 26 26 26 25.97 25.87 25.65
33 33 33 33 33.1 33 33.02 33.05 33.07 33.03 33 33 33 33 33 32.97 32.67 32.38 32.09 32 32 32 31.9 31.23 31.41 31.09 31 31 30.83 30.66 30.77 30.34 30.01 30 30 30 30 30 30 30 29.99 29.98 30 30 29.73 29.8 29.85 29.93 29.55 29.18 29.07 29 29 29 29 28.82 28.4 28.06 28.1 28.01 28 28 28 27.62 27.09 27.01 27 27 27 26.86 26.56 26.04 26 26 26 26 26 26
33 33 33.04 33 33.05 33 33.01 33.29 33 33.19 33.35 33.15 33.01 33 33 33 33 32.32 32 32 32 32 31.97 31.57 31.45 31.15 31 31 30.97 30.69 30.27 30.39 30.28 30.04 30 30 30 30 30 30 30 30 30 30 30 30 29.99 29.99 29.95 29.59 29.29 29.04 29 29 28.99 28.85 28.36 28.15 28 28 28 28 28 27.62 27.13 27 27 26.99 26.66 26.16 26 26 26 26 25.99 25.78 25.93 26
33 33 33.01 33 33.12 33.07 33 33.13 33.05 33.15 33.23 33.43 33.45 33.13 33 33 33 32.43 32 32 32 32 32 31.89 31.75 31.44 31 31 31 30.94 30.86 30.22 30.11 30.07 30 30 30 30 30 30 30 30 30 30 30 30 30 30 30 29.74 29.21 29 29 29 29 28.99 28.89 28.54 28 28 28 28 28 27.54 27.04 27 26.99 26.73 26.39 26.01 26 26 26 26 26 25.97 25.99 26
33.02 33.02 33 33 33 33 33 33 33 33.14 33.13 33.19 33.18 33.1 33 33 33 32.68 32.03 32.03 32 32 32 32 31.61 31.17 31 31.01 31 31 30.95 30.8 30.38 30.52 30.47 30.36 30.02 30 30 30 30 30 30 30 30 30 30 30 30 30 29.98 29.49 29.02 29 29 29 29 28.87 28.27 28 28 28 27.99 27.3 27.01 27 26.75 26.35 26.04 26 26 26 26 26 26 26 26 26
33 33 33 33 33 33 33 33 33 33 33.11 33.45 33.23 33 33 33 33 32.95 32.75 32.42 32 32 32 32 31.9 31.16 31 31.01 31 31 30.98 30.84 30.93 30.92 30.9 30.44 30.02 30 30 30.06 30.32 30.13 30 30.01 30 30 30 30 30 30 29.95 29.55 29.07 29 29 29 29 28.95 28.24 28.09 28 28 27.98 27.26 27 27 26.19 26 26 26 26 26 26 26 26 26 26 26
33 33 32.99 33 33 33 33 33 33 33.01 33.02 33.02 33.18 33.05 33 33 33 32.93 32.63 32.01 32 32 32 32 31.96 31.47 31 31.05 31 31 31 30.95 30.88 30.51 30.75 30.38 30.42 30.28 30.33 30.87 30.81 30.12 30.23 30.23 30 30.05 30 30 30 30 30 29.97 29.4 29 29 29 29 28.93 28.92 28.8 28.08 28 27.93 27.43 27 26.95 26.19 26 26 26 26 26 26 26 26 26 26 26
33 32.99 33 32.97 32.99 33 33 33 33 33 33.01 33 33 33 33 33 33 32.52 32.16 32.1 32.01 32 32 31.92 31.82 31.28 31.2 31.11 31 31 31 31 30.96 30.74 30.85 30.93 30.89 30.97 30.99 30.85 30.32 30.41 30.77 30.19 30.22 30.17 30 30.01 30 30 30 30 29.69 29.07 29 29 29 29 29 28.97 28.34 28 27.99 27.46 27 26.77 26.12 26 26 26 26 26 26 26 26 26 26 26.11
32.84 32.57 32.31 32.44 32.84 32.48 32.81 32.99 33 33.05 33.09 33.04 33.01 33 33 33 33 32.76 32.21 32.26 32 31.97 31.97 31.97 31.59 31.53 31.14 31.15 31.02 31 31 31 31 31 31 31 30.97 31 30.93 30.79 30.46 30.8 30.22 30.29 30.32 30.15 30 30.03 30 30 30 30 29.96 29.41 29 29 29 29 29 29 28.65 28.13 28 27.58 27.09 26.89 26.26 26.03 26 26.03 26 26 26 26.04 26.04 26.05 26.12 26.3
32.45 32.26 32.23 32.15 32.13 32.54 32.56 32.93 33 33.05 33.12 33.14 33.16 33.02 33 33 33 32.91 32.37 32.08 31.94 31.28 31.55 31.89 31.64 31.28 31.4 31.35 31.14 31 31 31 31 30.99 30.99 31 30.98 30.99 31 30.94 30.49 30.16 30.25 30.61 30.91 30.23 30.05 30.08 30 30 30 30 29.98 29.69 29.25 29 29 29 29 28.99 28.94 28.21 28.01 27.9 27.1 26.99 26.85 26.33 26.09 26.34 26.11 26.03 26.15 26.64 26.37 26.58 26.88 26.86
31.88 32 32.02 32.41 32.56 32.72 32.77 32.72 32.99 33 33 33.12 33.02 33 33 32.9 32.84 32.63 32.19 32.01 31.99 32 31.83 31.7 31.89 31.68 31.23 31.22 31.37 31.03 31 31 31 31 31 31 31 31 31 30.78 30.81 30.47 30.1 30.35 30.62 30.22 30 30.08 30 30 30 30 29.89 29.48 29.52 29.2 29 29 29 28.98 28.98 28.74 28 28 27.6 27.03 27 26.86 26.91 26.98 26.71 26.79 26.92 27 26.96 27 27 27
31.77 31.65 31.96 32.03 32.58 32.7 32.79 32.75 32.88 32.98 32.96 32.99 33.01 33 32.89 32.86 32.49 32.29 32.13 32 31.88 31.96 31.98 31.95 31.81 31.73 31.77 31.57 31.28 31.06 31 31.01 31 31 31 31 31 31 30.99 30.79 30.53 30.45 30.11 30.22 30.1 30.03 30.01 30 30 30 30 29.95 29.71 29.56 29.55 29.32 29.03 29 29 28.99 28.98 28.79 28.08 28 27.98 27.5 27.01 27 27 27 27 27 27 27 27 27 27 27
31.68 31.74 31.87 31.9 31.96 32.28 32.46 32.67 32.71 32.95 33 32.97 32.98 32.99 32.85 32.33 32.35 31.99 32 31.95 31.86 31.97 31.5 31.56 31.53 31.74 31.88 31.64 31.7 31.76 31.42 31.25 31.13 31 31 31 31 31 31 30.93 30.75 30.34 30.21 30.29 30.14 30.04 30 30 30 30 30 29.78 29.23 29.02 29.2 29.38 29 29 29 29 28.87 28.54 28.22 28 28 27.92 27.65 27.12 27.01 27 27 27 27.02 27.07 27 27 27 27
31.36 31.81 31.52 31.51 31.95 32.31 32.35 32.44 32.78 32.95 32.99 33.21 33.09 32.98 32.58 31.71 31.22 31.06 30.74 30.59 30.98 31.23 31.43 31.83 31.54 31.75 31.6 31.5 31.29 31.42 31.54 31.48 31.07 31.03 31 31.01 31 31 31 31 30.99 30.86 30.45 30.42 30.49 30.4 30 30 30 30 30 29.96 29.66 29.14 29.08 29.06 29 29 29 29 28.96 28.44 28.04 28 28 28 27.99 27.69 27.47 27.26 27.3 27.38 27.55 27.36 27.21 27 27 27.05
31.06 31.19 31.37 31.34 31.93 31.93 31.87 32.12 32.9 33 33.25 33.63 33.34 33.01 32.8 31.83 31.12 30.44 30.07 30.08 30 30.21 30.33 31.02 31.25 31.48 31.45 31.4 31.57 31.41 31.41 31.54 31.28 31.09 31.01 31.01 31.01 31 31 31 31 30.84 30.49 30.58 30.51 30.95 30.38 30 30 30 29.98 29.71 29.41 29.08 29.15 29.01 29 29 29 29 28.97 28.78 28.45 28 28 28 28 28 27.97 27.9 27.99 27.87 27.99 27.79 27.58 27.28 27.13 27.18
30.86 31.13 31.51 31.53 31.87 31.75 31.92 32.2 32.47 32.86 33.42 33.87 33.29 33.08 32.96 32.62 31.41 30.61 30.14 29.67 29.99 30.07 30.23 30.66 30.46 30.84 31.04 31.02 31.08 31.22 31.3 31.35 31.71 31.54 31.14 31 31 31 31 31 30.97 30.93 30.24 30.12 30.07 30.06 30 30 30 30 30 29.58 29.33 29.22 29.22 29 29 29 29 28.97 29 28.96 28.88 28.32 28.02 28 28 28 28 28 28 27.96 27.99 27.93 27.83 27.78 27.22 27.17
30.68 31.02 31.04 31.17 31.55 32.01 32.13 32.53 32.84 33.02 33.8 33.59 33.13 33.15 33.03 32.94 32.16 31.68 30.94 31 30.74 30.46 30.34 30.62 30.71 30.98 31 31.01 31.01 31.06 31.16 31.25 31.53 31.58 31.28 31.14 31.08 31 31 31 31 30.84 30.44 30.39 30.11 30 30 30 30 30 29.76 29.55 29.86 29.14 29.02 29 29 29 29 29 28.86 28.47 28.39 28.53 28.37 28.08 28 28 28 28 28 28 28 28 27.97 28 27.62 27.38
30.63 30.97 31 31.03 31.52 31.75 31.92 32.3 32.59 32.96 33.6 33.68 33.12 33.24 33.2 32.96 32.44 31.98 31.99 31.98 31.89 31.82 31.36 31.35 31.04 30.99 31.05 30.99 31.01 31 31.26 31.4 31.35 31.59 31.55 31.4 31.09 31 31 31 31 30.9 30.27 30.34 30.02 30 30 30 30 30 29.94 29.92 29.77 29.14 29 29 29 29 29 29 28.95 28.61 28.36 28.25 28.56 28.25 28.35 28.23 28.3 28.14 28.06 28 28 28 28 28 28 27.64
30.54 30.98 30.93 31.02 31.11 31.36 31.58 32.32 32.65 32.88 33.46 33.49 33.14 33.05 33.03 32.92 32.18 32 31.89 31.97 31.98 31.97 31.94 31.93 31.68 31.6 31.71 31.6 31.21 31.24 31.14 31.41 31.8 31.68 31.66 31.89 31.66 31.08 31 31 31 30.96 30.69 30.28 30.01 30 30 30 29.93 29.83 29.7 29.47 29.49 29.34 29.02 29 29 29 29 29 28.89 28.82 28.7 28.41 28.64 28.8 28.89 28.76 28.85 28.75 28.61 28.34 28.1 28 28 28 28 27.72
30.38 30.66 30.84 30.76 30.98 31.11 31.82 32.09 32.24 32.95 33.17 33.4 33.09 33.15 32.95 32.86 32.76 32.36 31.92 31.85 31.78 31.72 31.72 31.82 31.8 31.57 31.89 31.87 31.72 31.01 31.18 31.43 31.35 31.57 31.87 31.98 31.35 31.04 31 31 31 30.94 30.66 30.15 30.02 30 30 29.99 29.87 29.72 29.59 29.69 29.11 29.02 29 29 29 29 29 29 28.79 28.43 28.88 28.41 28.25 28.57 28.99 29 28.9 28.96 28.88 28.88 28.76 28.19 28.11 28 28 27.64
30.03 30.14 30.91 30.84 30.95 31.27 31.91 32.02 32.04 32.35 33.06 33.43 33.14 33.05 33.04 32.98 32.88 32.56 32.33 32.22 32.01 32 31.96 31.77 31.83 31.86 31.92 31.33 31.54 31.71 31.51 31.8 31.42 31.43 31.94 31.98 31.36 31 31 31 31 30.91 30.73 30.25 30 30.02 30 29.98 29.72 29.61 29.25 29.13 29.02 29.04 29 29 29 29 28.99 28.86 28.52 28.6 28.7 28.77 28.79 28.82 28.97 28.99 29 29 29 29 29 28.84 28.11 28 28 27.65
30.34 30.56 30.87 31 31.05 31.63 31.73 31.92 32.11 32.57 32.71 33.22 33.26 33.48 33.17 33 33 33 33 32.84 32.41 32.18 32.03 32.07 32 32 32 31.55 31.13 31.15 31.28 31.73 31.87 31.9 31.87 31.79 31.48 31.08 31.01 31 31 30.88 30.4 30.12 30 30 29.99 29.8 29.57 29.29 29.17 29.06 29.01 29 29 29 29 29 28.93 28.29 28.09 28.11 28.27 28.44 28.69 28.9 28.96 29 29 29 28.99 29 29 28.94 28.16 28 27.99 27.49
30.19 30.82 31 31.13 31.44 31.82 31.97 32.01 32.3 32.79 33 33.06 33.11 33.13 33.48 33.27 33.06 33 33 33 32.97 32.79 32.54 32.17 32 32 31.59 31.63 31.48 31.74 31.79 31.94 31.97 32 31.97 31.67 31.21 31.05 31.04 31 30.99 30.8 30.37 30.02 30 30 29.97 29.47 29.29 29.07 29 29 28.92 28.97 28.88 28.95 28.96 28.77 28.2 28 28 28 28.01 28.06 28.25 28.52 28.48 28.78 28.99 28.98 29 29.01 29.02 28.94 28.15 28 27.91 27.19
30.13 30.69 31.07 31.29 31.62 31.81 31.97 32.03 32.6 32.92 33 33.05 33.12 33.57 33.64 33.6 33.35 33.01 33.02 33 33 32.79 32.66 32.56 32.09 32 31.58 31.07 31.11 31.76 32 31.99 31.98 31.98 31.89 31.35 31.27 31.04 31 31 30.96 30.66 30.25 30 30 29.99 29.95 29.23 29.1 29 28.91 28.72 28.52 28.19 28.02 28.17 28.69 28.82 28.22 28.06 28.03 28 27.98 27.96 28.01 28.23 28.29 28.58 28.68 28.98 29 29 29 28.63 28.03 27.97 27.63 27.04
30.59 30.89 31.05 31.17 31.38 31.55 31.98 32 32.59 33 33 33.18 33.58 33.92 33.96 33.97 33.64 33.29 33.03 33 33 32.99 32.88 32.63 32.11 32 31.41 31.09 31.33 31.67 31.56 32.21 31.96 31.8 31.54 31.45 31.29 31 31 30.94 30.9 30.51 30.08 30 30 29.94 29.69 29.07 29.01 28.97 28.67 28.26 28.06 28 28 28.05 27.99 28.04 28.26 28.35 28.11 28.21 28.11 28.02 28.05 28.03 28.15 28.58 28.87 28.99 29.04 28.97 28.97 28.39 27.91 27.56 27.3 27.02
30.99 31.01 31.21 31.35 31.53 31.79 32 32.11 32.87 33 33 33.4 33.87 33.96 34 33.88 33.29 33.04 33 33 33 33 32.96 32.94 32.25 31.97 31.85 31.64 31.18 31.37 31.75 32.42 31.99 31.86 31.27 31.2 31.13 30.99 31 30.88 30.64 30.27 30.04 30 29.88 29.37 29.32 29.09 28.99 28.7 28.22 28.03 28 27.91 27.42 27.34 27.35 27.44 27.44 27.45 27.49 27.78 28.06 28.14 28.34 28.14 28.02 28.24 28.6 28.86 29.02 28.84 28.26 27.85 27.23 26.37 26.35 26.22
31.01 31 31.05 31.57 31.85 31.98 32 32.25 32.89 33 33.07 33.69 33.97 34 34 34 33.87 33.22 32.99 32.98 32.83 32.83 32.73 32.39 32.08 32 31.93 31.7 31.61 31.83 32.2 32.12 31.98 31.73 31.21 31.01 31 31 30.92 30.77 30.44 30.07 30.15 30 29.75 29.38 29.25 28.98 28.88 28.61 28.12 27.99 27.76 27.38 27.01 26.99 26.83 26.89 26.89 26.96 27.09 27.41 28.3 28.16 28.61 28.19 28.34 28.66 28.8 28.89 28.76 28.45 28.62 27.67 27.12 26.95 26.61 26.15
31.13 31.09 31.1 31.6 31.95 32 32 32.24 32.95 33 33.12 33.67 33.92 34.01 34 34 33.92 33.29 33.08 32.83 32.23 32.31 32.39 32.24 32.05 32.08 32.04 31.99 32.05 32.02 32.01 31.9 31.61 31.15 31.02 30.99 30.86 30.88 30.71 30.36 30.24 30.02 30 29.93 29.32 29.06 28.87 28.62 28.74 28.05 28 27.93 27.39 27.09 26.98 26.89 26.73 26.94 27.25 27.55 27.46 27.73 28.17 28.02 28.39 28.76 29.01 28.99 29 29 28.98 28.62 28.42 28.17 27.8 27.75 27.28 27.07
31.22 31.22 31.08 31.54 31.94 32 32.03 32.38 32.73 33 33.07 33.69 33.91 34.02 34.07 33.98 33.83 33.29 33.1 33.01 32.91 32.16 32.04 32 32 32.04 31.98 31.78 32.03 31.87 31.65 31.29 31.01 30.98 30.89 30.58 30.14 30.53 30.56 30.19 30 30 29.89 29.49 29.45 28.76 28.2 28.26 28.35 28.05 27.68 27.23 27.26 27.02 27.15 27.38 27.72 27.96 27.83 27.69 27.7 27.41 27.95 28.16 28.77 28.98 29.01 29.18 29.26 29.2 29.01 29 29 28.87 28.53 28.04 27.92 27.67
31.72 31.43 31.13 31.45 32 32 32.06 32.25 32.84 33 33.02 33.37 33.39 33.74 34 34 33.83 33.55 33.1 33 33 32.87 32.23 32 31.98 31.85 31.65 31.73 31.73 31.6 31.12 31 31 30.61 30.13 30.03 30.16 30.43 30.41 30 29.96 29.58 29.12 29.06 28.77 29 28.57 28.15 28.08 27.84 27.18 27.14 27.33 27.68 28.33 28.05 28.03 27.69 27.01 27.12 28.26 28.57 28.89 29.14 29.02 29.15 29.34 29.49 29.54 29.45 29.4 29.54 29.32 29.01 28.95 28.6 28.03 27.99
31.99 31.98 31.78 31.84 32 32 32.01 32.33 32.8 32.99 33 33.01 33.08 33.92 33.96 33.9 33.75 33.16 33.06 33 33 32.95 32.7 32.06 31.98 31.84 31.75 31.34 31.22 31.03 30.91 30.74 30.71 30.17 30 30 30.25 30.3 30.02 29.84 29.32 29.01 28.81 28.3 28.23 28.08 27.64 27.45 27.58 27.66 27.73 28.15 28.37 28.49 28.28 28.14 28.19 27.78 27.76 28.34 28.86 29.02 29.23 29.72 29.93 29.89 29.83 29.93 29.88 29.97 29.84 29.99 29.8 29.37 29.01 28.98 28.9 28.48
32 32 32 32 32 32.01 32.12 32.28 32.69 32.94 32.99 33 33.13 33.18 33.25 33.18 33.42 33.2 33 33 33 33 32.73 32.22 32.15 32.08 31.99 31.89 31.48 31.07 31.01 30.66 30.38 30.05 30 29.99 30 29.98 30.02 29.97 29.17 29.16 28.78 28.24 28.2 27.89 27.8 27.9 28.1 28.53 28.67 28.92 29 28.92 28.74 28.77 28.96 28.83 28.89 28.83 28.89 29.07 29.73 29.95 30.01 30.16 30.15 30.09 30.01 30.03 30 29.99 29.95 29.62 29.43 29.09 29 29
