taller 1/variables/bioclim1.asc
ncols         720
nrows         300
xllcorner     -30.008325510658
yllcorner     30.991671412252
cellsize      0.083333337679505
NODATA_value  -9999
[rows 165 to 197 of 300, columns 222 to 295 of 720]
-9999 -9999 -9999 -9999 -9999 -9999 -9999 -9999 -9999 -9999 -9999 -9999 -9999 -9999 -9999 -9999 -9999 -9999 -9999 -9999 -9999 -9999 -9999 -9999 -9999 -9999 -9999 -9999 -9999 -9999 -9999 149.75 144.0882 142.5213 141.45 140.43 143.12 128.99 123.95 131.66 137.91 130.95 131.13 127.45 124.42 121.6 121.7 107.65 90.28 83.98 77.97 90.26 110.83 97.23 85.78 73.48 61.16 61.94 73.61 74.45 76.43 87.26 92.22 102.2 106.98 110.14 111.88 114.72 116.9 116.71 116.94 118.34 115.2 115.56
-9999 -9999 -9999 -9999 -9999 -9999 -9999 -9999 -9999 -9999 -9999 -9999 -9999 -9999 -9999 -9999 -9999 -9999 -9999 -9999 -9999 -9999 -9999 -9999 -9999 -9999 -9999 -9999 -9999 -9999 -9999 140.8235 144.618 134.19 145.53 144.34 146.71 135.43 141.36 130.84 119.51 112.63 115.34 116.17 116.96 121.63 119.43 111.61 105.83 91.79 95.01 101.22 106.16 91.52 82.6 69.52 68.59 91.05 97.61 95.73 96.5 99.17 105.17 110.14 110.87 113.08 114.91 114.48 117.92 117.31 118.31 118.28 117.63 118.45
-9999 -9999 -9999 -9999 -9999 -9999 -9999 -9999 -9999 -9999 -9999 -9999 -9999 -9999 -9999 -9999 -9999 -9999 -9999 -9999 -9999 -9999 -9999 -9999 -9999 -9999 -9999 -9999 -9999 -9999 -9999 133.8654 131.81 142.45 146.24 143.51 141.25 139.61 119.31 102.44 96.07 100.31 110.99 115.62 117.91 119.87 119.92 113.33 122.77 110.88 104.2 108.41 102.51 96.27 88.04 84.72 78.11 98.52 102.04 103.56 105.14 106.36 109.01 111.73 114.23 115.61 116.81 117.37 117.28 118.71 119.64 119.01 118.58 117.85
-9999 -9999 -9999 -9999 -9999 -9999 -9999 -9999 -9999 -9999 -9999 -9999 -9999 -9999 -9999 -9999 -9999 -9999 -9999 -9999 -9999 -9999 -9999 -9999 -9999 -9999 -9999 -9999 -9999 -9999 -9999 136.96 143.8557 142.2 141.08 125.35 129.99 125.59 97.18 111.55 116.41 121.15 115.98 106.88 103.15 106.7 112.06 117.89 131.53 122.04 112.26 115.47 111.24 104.92 104.06 101.54 91.99 105.4 109.21 106.43 103.36 107.17 109.76 110.66 111.71 114.93 116.75 117.85 119.29 120.29 120.14 119.38 119.62 120.04
-9999 -9999 -9999 -9999 -9999 -9999 -9999 -9999 -9999 -9999 -9999 -9999 -9999 -9999 -9999 -9999 -9999 -9999 -9999 -9999 -9999 -9999 -9999 -9999 -9999 -9999 -9999 -9999 -9999 -9999 -9999 143.1035 140.5568 132.07 136.25 123.95 134.56 138.22 128.29 125.43 123.29 107.45 94.92 94.89 97.86 98.59 115.42 118.79 132.48 125.23 111.58 119.34 118.1 112.02 109.41 110.86 108.4 116.9 113.06 113.56 111.96 109.3 107.04 106.03 107.96 109.65 115.19 116.85 118.66 119.98 120.78 121.26 121.67 121.67
-9999 -9999 -9999 -9999 -9999 -9999 -9999 -9999 -9999 -9999 -9999 -9999 -9999 -9999 -9999 -9999 -9999 -9999 -9999 -9999 -9999 -9999 -9999 -9999 -9999 -9999 -9999 -9999 -9999 -9999 -9999 142.0303 136.16 132.12 143.79 140.76 139.73 136.74 129.46 112.48 102.36 93.64 109.36 102.69 104.73 105.84 110.65 121.49 134.72 126.04 114.05 121.94 123.03 121.52 113.8 105.41 113.01 120.83 114.69 117.76 115.4 110.84 111.95 114.31 111.96 111.51 114.81 119.06 120.29 120.33 121.69 121.49 120.96 119.77
-9999 -9999 -9999 -9999 -9999 -9999 -9999 -9999 -9999 -9999 -9999 -9999 -9999 -9999 -9999 -9999 -9999 -9999 -9999 -9999 -9999 -9999 -9999 -9999 -9999 -9999 -9999 -9999 -9999 -9999 -9999 142.0714 142.0345 142.3673 138.34 137.42 132.85 138.51 133.5 125.12 124.25 124.62 115.31 105.71 104.65 112.38 124.18 131.77 128.13 117.31 123.76 130.83 133.42 125.47 114.93 102.08 113.55 113.77 118.58 120.69 114.32 111.71 112.12 113.76 116.35 116.07 116.47 118.71 120.5 121.22 122.2 122.37 121.64 120.75
-9999 -9999 -9999 -9999 -9999 -9999 -9999 -9999 -9999 -9999 -9999 -9999 -9999 -9999 -9999 -9999 -9999 -9999 -9999 -9999 -9999 -9999 -9999 -9999 -9999 -9999 -9999 -9999 -9999 -9999 -9999 -9999 142.9682 140.52 139.53 141.6 145.88 144.54 141.62 133.2 130.79 113.23 107.77 110.78 124.21 124.49 129.86 132.64 114.9 125.32 133.33 138.94 139.24 128.19 117.69 113.61 113.14 119.62 121.51 122.27 118.33 116.13 114.33 115.31 115.48 116.06 118.7 120.03 120.19 121.85 123.09 120.07 120.09 119.72
-9999 -9999 -9999 -9999 -9999 -9999 -9999 -9999 -9999 -9999 -9999 -9999 -9999 -9999 -9999 -9999 -9999 -9999 -9999 -9999 -9999 -9999 -9999 -9999 -9999 -9999 -9999 -9999 -9999 -9999 -9999 -9999 143.5278 141.99 143.11 143.49 142.99 136.71 139.25 137.98 125.29 125.2 130.81 130.26 132.23 116.77 117.63 111.95 117.13 131.01 139.87 143.41 139.9 130.87 123.79 124.01 122.36 127.53 128.52 125.78 120.42 116.31 117.78 118.67 118.31 117.2 118.5 119.8 121.24 124.05 124.38 122.61 122.3 122.79
-9999 -9999 -9999 -9999 -9999 -9999 -9999 -9999 -9999 -9999 -9999 -9999 -9999 -9999 -9999 -9999 -9999 -9999 -9999 -9999 -9999 -9999 -9999 -9999 -9999 -9999 -9999 -9999 -9999 -9999 -9999 -9999 144.8636 143.33 142.02 142.13 139.57 141.34 140.33 136.82 131.26 126.97 143.03 130.76 113.87 110 113.18 118.77 127.61 128.71 129.01 141.38 138.9 125.4 112.59 126.36 133.22 131.67 128.38 126.03 121.84 118.86 121.65 118.54 117.05 119.26 119.35 120.47 121.92 122.48 122.9 121.39 121.8 123.4
-9999 -9999 -9999 -9999 -9999 -9999 -9999 -9999 -9999 -9999 -9999 -9999 -9999 -9999 -9999 -9999 -9999 -9999 -9999 -9999 -9999 -9999 -9999 -9999 -9999 -9999 -9999 -9999 -9999 -9999 -9999 -9999 145 143.9787 143.39 143.89 143.68 141.08 138.37 139.63 132.49 134.83 141.64 128.57 102.89 121.37 119.27 122.89 128.16 139.99 141.25 138.67 133.94 138.88 128.22 134.48 130.95 121.48 117.61 118.16 121.36 124.78 120.19 117.64 116.83 116.71 117.69 118.37 119.87 118.84 118.86 119.96 120 121.18
-9999 -9999 -9999 -9999 -9999 -9999 -9999 -9999 -9999 -9999 -9999 -9999 -9999 -9999 -9999 -9999 -9999 -9999 -9999 -9999 -9999 -9999 -9999 -9999 -9999 -9999 -9999 -9999 -9999 -9999 -9999 -9999 -9999 144.0448 141.85 141.84 138.67 134.91 137.95 141.53 139.99 145.22 129.96 112.74 130.9 136.09 125.36 135.55 126.96 137.41 126.28 127.65 140.38 141.57 136.13 140.46 130.43 121.41 122.6 126.03 127.99 123.56 120.58 119.29 117.57 116.74 115.7 115.03 115.13 114.7 115.57 116.97 119.16 121.93
-9999 -9999 -9999 -9999 -9999 -9999 -9999 -9999 -9999 -9999 -9999 -9999 -9999 -9999 -9999 -9999 -9999 -9999 -9999 -9999 -9999 -9999 -9999 -9999 -9999 -9999 -9999 -9999 -9999 -9999 -9999 -9999 -9999 144.5526 143.31 142.62 141.71 139.27 141.51 139.3 145.73 128.62 122.73 124.44 143.34 140.23 137.58 144.21 140.22 138.47 125.54 126.25 141.44 139.55 130.67 131.78 126.68 126.75 123.82 125.38 120.75 118.96 119.6 120.43 120.03 118.15 116.29 113.79 114.42 115.63 115.94 114.81 116.17 118.58
-9999 -9999 -9999 -9999 -9999 -9999 -9999 -9999 -9999 -9999 -9999 -9999 -9999 -9999 -9999 -9999 -9999 -9999 -9999 -9999 -9999 -9999 -9999 -9999 -9999 -9999 -9999 -9999 -9999 -9999 -9999 -9999 -9999 146 144.0241 144.71 144.65 142.04 140.24 143.66 140.71 139.21 138.81 133.4 140.57 137.21 136.46 135.35 137.05 137.38 140.07 140.6 147.23 137.59 132.23 136.26 133.88 129.61 122.13 121.77 121.21 119.77 118.51 118.32 119.84 120.75 119.42 119.11 118.91 118.48 118.01 117.28 117.51 118.55
-9999 -9999 -9999 -9999 -9999 -9999 -9999 -9999 -9999 -9999 -9999 -9999 -9999 -9999 -9999 -9999 -9999 -9999 -9999 -9999 -9999 -9999 -9999 -9999 -9999 -9999 -9999 -9999 -9999 -9999 -9999 -9999 -9999 -9999 145.2466 141.71 144.81 144.75 142.7 138.81 122.22 123.21 109.37 112.4 125.11 124.77 126.49 124.26 122.86 122.28 131.67 133.61 145.18 142.97 142.14 141.06 137.96 130.14 124.94 123.51 121.06 120.74 118.89 118.02 118.48 118.95 119.35 120.04 120.19 120.25 119.27 118.07 116.87 117.18
-9999 -9999 -9999 -9999 -9999 -9999 -9999 -9999 -9999 -9999 -9999 -9999 -9999 -9999 -9999 -9999 -9999 -9999 -9999 -9999 -9999 -9999 -9999 -9999 -9999 -9999 -9999 -9999 -9999 -9999 -9999 -9999 -9999 -9999 146.1923 141.9 139.18 136.45 139.47 135.84 132.85 121.04 111.79 114.47 113.57 112.63 118.63 130.27 122.59 116.61 124.95 136.03 141.22 134.55 133.08 135.67 129.38 126.43 125.05 124.73 123.32 120.7 120.24 120.36 118.74 117.81 119.88 120.37 119.98 119.76 120.5 120.48 120.44 118.61
-9999 -9999 -9999 -9999 -9999 -9999 -9999 -9999 -9999 -9999 -9999 -9999 -9999 -9999 -9999 -9999 -9999 -9999 -9999 -9999 -9999 -9999 -9999 -9999 -9999 -9999 -9999 -9999 -9999 -9999 -9999 -9999 -9999 147.5 147.5361 144.26 140.94 134.63 119.77 117.65 121.28 131.91 131.58 129.28 122.46 119.1 118.85 121.56 122.1 117.51 125.24 136.48 137.79 132.62 127.06 128.9 131.71 126.71 123.74 123 123.2 123.29 123.09 122.75 121.56 120.44 120.44 119.19 118.1 117.75 117.23 117.43 119.64 119.13
-9999 -9999 -9999 -9999 -9999 -9999 -9999 -9999 -9999 -9999 -9999 -9999 -9999 -9999 -9999 -9999 -9999 -9999 -9999 -9999 -9999 -9999 -9999 -9999 -9999 -9999 -9999 -9999 -9999 -9999 -9999 -9999 -9999 147.3462 148.4835 147.63 143.42 130.21 134.66 133.48 133.5 141.89 138.33 134.05 129.2 127.93 128.08 126.32 124.37 120.56 127.13 134.31 131.61 134.12 129.98 125.6 127.21 127.93 125.27 122.7 122.33 124.25 123.01 122.53 121.56 119.29 118.02 116.59 114.89 113.32 114.18 119.28 118.37 117.83
-9999 -9999 -9999 -9999 -9999 -9999 -9999 -9999 -9999 -9999 -9999 -9999 -9999 -9999 -9999 -9999 -9999 -9999 -9999 -9999 -9999 -9999 -9999 -9999 -9999 -9999 -9999 -9999 -9999 -9999 -9999 -9999 -9999 147.525 149.2045 149.03 147.84 145.18 134.59 136.21 132.18 138.16 136.15 134.05 137.03 137.58 136.36 132.79 132.02 134.43 134.92 131.6 127.34 127.9 128.18 125.25 125.63 126.43 128.33 122.68 122.18 124.1 123.11 120.74 119.43 119.35 116.47 112.93 111.87 115.63 119.48 118.54 116.99 115.25
-9999 -9999 -9999 -9999 -9999 -9999 -9999 -9999 -9999 -9999 -9999 -9999 -9999 -9999 -9999 -9999 -9999 -9999 -9999 -9999 -9999 -9999 -9999 -9999 -9999 -9999 -9999 -9999 -9999 -9999 -9999 -9999 148 148.275 148.8182 150.52 151.54 147.98 141.13 128.05 124.73 139.94 142.74 142.85 141.7 138.02 135.03 138.22 140.32 134.79 133.85 119.05 121.46 124.92 123.57 124.68 124.4 127.7 130.75 130.46 127.27 121.86 119.74 117.07 115 111.12 113.28 117.01 117.35 117.47 117.5 117.19 113.34 108.39
-9999 -9999 -9999 -9999 -9999 -9999 -9999 -9999 -9999 -9999 -9999 -9999 -9999 -9999 -9999 -9999 -9999 -9999 -9999 -9999 -9999 -9999 -9999 -9999 -9999 -9999 -9999 -9999 -9999 -9999 -9999 -9999 149.52 149.32 149.9 151.81 153.4 151.7 139.21 127.77 146.17 147.13 148.12 144.82 145.46 143.44 143.37 135.59 117.46 110.22 118.42 118.88 121.23 123.27 124.94 122 125.17 129 129.45 129.23 128.15 118.92 112.28 102.12 109.36 115.19 122.66 122.63 118.05 115.54 116.76 114.3 109.4 107.67
-9999 -9999 -9999 -9999 -9999 -9999 -9999 -9999 -9999 -9999 -9999 -9999 -9999 -9999 -9999 -9999 -9999 -9999 -9999 -9999 -9999 -9999 -9999 -9999 -9999 -9999 -9999 -9999 -9999 -9999 -9999 -9999 150.7091 150.47 151.16 152.01 154.53 151.53 146.21 147.88 150.11 151.37 150.08 148.99 144.96 141.32 120.79 98.37 109.33 117.45 127.3 119.79 122.92 126.18 124.46 121.83 126.82 127.98 123.65 124.59 124.21 119.05 117.38 121.43 122.83 133.73 133.78 125.15 124.25 113.63 112.64 114.51 113.66 106.32
-9999 -9999 -9999 -9999 -9999 -9999 -9999 -9999 -9999 -9999 -9999 -9999 -9999 -9999 -9999 -9999 -9999 -9999 -9999 -9999 -9999 -9999 -9999 -9999 -9999 -9999 -9999 -9999 -9999 -9999 -9999 -9999 151.5882 151.96 152.5 153 155.39 150.55 149.89 155.42 154.81 152.95 149.7 144.73 141.08 123.78 82.93 93.72 124.21 137.6 139.62 129.95 122.73 124.23 120.29 120.06 120.75 122.34 122.82 122.75 114.66 119.27 123.48 136.05 141.53 137.79 129.36 124.47 111.44 87.52 90.36 110.31 108.16 92.45
-9999 -9999 -9999 -9999 -9999 -9999 -9999 -9999 -9999 -9999 -9999 -9999 -9999 -9999 -9999 -9999 -9999 -9999 -9999 -9999 -9999 -9999 -9999 -9999 -9999 -9999 -9999 -9999 -9999 -9999 -9999 152.4583 152.03 152.5 152.8 155.12 157.74 152.52 151.7 156.67 154.58 152.87 150.84 142.1 134.89 128.93 103.88 105.45 140.11 144.46 140.36 138.23 130.22 121.36 118.72 113.97 115.94 120.69 119.37 124.47 131.47 138.17 140.61 143.35 148.03 143.44 137.9 128.42 96.54 81.26 95.6 98.06 89.93 80.89
-9999 -9999 -9999 -9999 -9999 -9999 -9999 -9999 -9999 -9999 -9999 -9999 -9999 -9999 -9999 -9999 -9999 -9999 -9999 -9999 -9999 -9999 -9999 -9999 -9999 -9999 -9999 -9999 -9999 -9999 -9999 150.381 152.12 155.87 157.2 158.91 159.18 156.08 154.94 154.17 152.21 147.75 135.86 124.36 116.82 135.49 141.76 143.91 145.56 142.94 145.52 143.48 140.15 135.66 142.53 145.49 130.37 136.83 145.5 146.87 149.35 143.04 148.57 150.91 151.74 151.5 132.72 105.56 121.47 103.89 80.19 80.95 86.1 119.31
-9999 -9999 -9999 -9999 -9999 -9999 -9999 -9999 -9999 -9999 -9999 -9999 -9999 -9999 -9999 -9999 -9999 -9999 -9999 -9999 -9999 -9999 -9999 -9999 -9999 -9999 -9999 -9999 -9999 -9999 -9999 155.0667 155.6444 156.2 158.02 159.11 156.26 155.07 156.18 144.73 134.32 133.34 132.03 127.53 134.01 141.9 138.17 136.1 139.84 145.57 151.18 150.3 147.59 148.37 151.62 150.86 148.14 151.64 156.32 154.46 150.93 149.34 152.99 153.89 153.03 147.13 133.59 131.64 117.76 133.48 137.59 140.23 145.02 154.65
-9999 -9999 -9999 -9999 -9999 -9999 -9999 -9999 -9999 -9999 -9999 -9999 -9999 -9999 -9999 -9999 -9999 -9999 -9999 -9999 -9999 -9999 -9999 -9999 -9999 -9999 -9999 -9999 -9999 -9999 -9999 154.7101 154.14 156.86 158.52 154 150.36 152.42 137.28 129.1 135.04 141.66 141.42 143.74 146.12 135.64 145.05 140.48 149.45 154.3 153.54 153.91 151.15 148.95 147.66 155.51 156.8 159.77 159.1 156.94 156.53 157.65 159.5 159.19 154.78 150.54 147.7 147.47 145.8 153.88 156.35 159.19 158.83 158.14
-9999 -9999 -9999 -9999 -9999 -9999 -9999 -9999 -9999 -9999 -9999 -9999 -9999 -9999 -9999 -9999 -9999 -9999 -9999 -9999 -9999 -9999 -9999 -9999 -9999 -9999 -9999 -9999 -9999 -9999 154.3333 154.5556 154.09 155.76 157.1 148.86 151.8 151.74 141.98 144.21 148.08 145.88 138.57 138.82 138.32 143.65 155.82 154.6 154.3 156.49 157.81 158.06 156.3 155.72 157.02 158.6 155.01 158.97 159.08 159.25 159.63 161.24 160.89 156.33 152.53 154.12 157.91 161.24 161.27 161.18 160.46 159.98 159.85 158.89
-9999 -9999 -9999 -9999 -9999 -9999 -9999 -9999 -9999 -9999 -9999 -9999 -9999 -9999 -9999 -9999 -9999 -9999 -9999 -9999 -9999 -9999 -9999 -9999 -9999 -9999 -9999 -9999 -9999 -9999 155.3276 156.6 154.52 153.58 155.27 152.44 154.4 149.55 151.3 152.56 148.85 143.55 138.84 130.67 144.94 156.08 159.03 157.97 156.72 159.05 164.28 163.54 162.3 158.67 158.97 159.93 160.5 158.39 160.41 159.58 158.02 157.36 153.28 150.29 153.53 157.06 161.14 162.39 161.74 161.37 160.53 156.53 158.73 158.59
-9999 -9999 -9999 -9999 -9999 -9999 -9999 -9999 -9999 -9999 -9999 -9999 -9999 -9999 -9999 -9999 -9999 -9999 -9999 -9999 -9999 -9999 -9999 -9999 -9999 -9999 -9999 -9999 -9999 154 154.0208 155.72 156.1 153.49 150.17 152.3 157.1 153.12 154.38 155.93 155.11 151.65 145.38 144.08 154.11 159.26 159.18 158.25 162.51 166.07 164.52 164.58 161.55 161.4 161.36 160.3 161.07 161.97 161.98 160.24 159.03 156.4 159.06 160.23 159.24 160.73 158.32 158.42 157.36 160.59 157.37 154.24 157.15 155.91
-9999 -9999 -9999 -9999 -9999 -9999 -9999 -9999 -9999 -9999 -9999 -9999 -9999 -9999 -9999 -9999 -9999 -9999 -9999 -9999 -9999 -9999 -9999 -9999 -9999 -9999 -9999 -9999 -9999 152.551 152.32 152.98 155.46 150.48 151.99 156.22 159.47 157.74 153.62 157.11 152.97 154.25 153.48 156.9 161.7 160.32 164.25 165.48 164.69 162.39 162.99 164.69 162.33 162.63 164.3 163.35 159.69 158.43 158.79 160.91 164.24 161.67 159.13 157.01 157.15 158.06 156.24 154.63 150.54 147.24 147.21 149.86 147.94 146.28
-9999 -9999 -9999 -9999 -9999 -9999 -9999 -9999 -9999 -9999 -9999 -9999 -9999 -9999 -9999 -9999 -9999 -9999 -9999 -9999 -9999 -9999 -9999 -9999 -9999 -9999 -9999 -9999 -9999 153.8108 155.22 152.61 150.33 143.26 150.2 155.94 160 162.55 157.94 159.85 156.7 153.96 154.65 159.5 164.16 165.12 166.02 163.89 163.28 163.25 164.81 160.63 163.31 163.49 162.45 161.06 159.16 157.78 156.31 158.63 160.3 162.43 161.63 161.04 159.86 160.03 157.77 156.39 154.38 151.9 148.77 143.68 141.12 133.22
-9999 -9999 -9999 -9999 -9999 -9999 -9999 -9999 -9999 -9999 -9999 -9999 -9999 -9999 -9999 -9999 -9999 -9999 -9999 -9999 -9999 -9999 -9999 -9999 -9999 -9999 -9999 -9999 155.2857 153.4898 154.01 144.79 141.32 145.53 148.03 161.04 163.02 164.02 161.66 160.76 161.67 161.53 162.1 162.66 164.65 162.64 163.16 161.9 163.14 162.85 161.55 159.79 158.81 161.87 164.52 163.06 161.27 161.12 160 159.23 159.03 161.93 161.15 160.87 162.25 160.14 158.51 155.55 153.32 149.76 148.18 148.26 134.77 131.51
