taller 1/variables/bioclim9.asc
ncols         720
nrows         300
xllcorner     -30.008325510658
yllcorner     30.991671412252
cellsize      0.083333337679505
NODATA_value  -9999
[rows 132 to 164 of 300, columns 375 to 449 of 720]
85.46 84.88 84.86 84.54 86.42 89.42 87.43 86.25 74.74 65.79 50.07 44.38 44.69 41.66 36.52 31.99 28.12 19.1 19.29 16.97 20.63 22.91 26.68 25.77 18.88 3.66 7.39 15.52 18.43 16.37 8.13 18.05 20.43 13.75 0.59 -2.56 10.31 14.78 13.11 17.19 16.55 17.62 33.07 133.31 168.49 196.78 189.09 160.55 156.82 142.9 141.55 129.42 157 160.39 150.65 129.1 117.94 93.01 93.6 88.74 73.52 56.08 75.11 89.97 88.11 80.64 71.95 92.46 81.34 49.38 11.71 6.46 11.29 28.12 32.11
90.07 90.28 89.35 89.02 88.05 82.05 82.92 85.04 78.16 62.62 42.74 42.85 41.59 41.2 39.92 36.02 38.71 31.85 30.41 28.7 28.16 26.9 22.03 17.5 20.36 14.67 0.79 7.67 11.62 18.69 8.32 10.16 14.73 8.44 -1.03 -3.89 12.12 14.64 16.09 21.11 23.64 40.02 94.12 204.09 204.07 196.35 169.38 154.33 151.2 137.11 128.52 121.92 157.17 165.09 161.64 157.18 137.03 116.87 94.97 77.11 71.04 59.39 88.64 83.8 58.51 95.38 89.21 72.35 79.84 69.67 56.59 5.89 26.28 33.46 35.02
89.08 90.23 85.54 86.52 84.68 81.3 80.25 75.3 73.82 58.77 44.46 48.48 47.69 39.48 38.25 43.32 40.68 38.74 29.44 20.74 17.36 16.06 13.82 12.72 19 19.62 6.35 -0.92 5.49 12.98 18.23 9.83 4.24 5.14 4.74 1.36 3.99 10.76 15.09 22.58 51.72 128.12 205.16 206.25 202.94 192.57 182.5 175.18 176.58 175.69 140.19 123.24 144.56 163.89 143.45 130.83 145.02 136.73 116.37 95.94 92.17 72.81 87.67 58.73 85.77 90.22 80.17 82.29 85.79 75.21 27.26 14.33 29.06 36.97 38.31
87.4 86.92 82.86 81.07 80.96 80.31 81.79 80.34 76.31 71.22 64.91 60.3 52.29 47.93 45.85 46.1 48.74 37.8 30.59 18.15 8.45 14.74 10.72 12.44 18.36 18.68 10.97 -3.19 0.11 5.96 10.83 15.15 4.02 -0.36 10.57 20.19 24.98 26.98 23.8 23.16 121.87 201.17 206.36 195.22 198.66 196.25 191.53 182.9 180.33 169.27 166.52 152.61 135.09 135.39 124.14 122.73 123.79 147.93 134.04 98.66 101.14 90.73 78.96 90.41 40.58 78.32 93.14 91.49 74.36 74.97 78.42 21.52 23.47 34.58 40.98
90.39 83.3 83.13 79.56 78.88 80.06 82.74 83.74 85.05 83.06 76.07 64.52 58.71 54.89 51.43 51.84 48.6 41.55 35.55 28.6 13.28 7.07 8.07 11.98 21.81 18.92 12.05 1.56 -0.11 4.56 0.65 7.39 12.2 5.71 11.17 21.08 32.29 113.88 162.78 95.09 136.26 200.75 206.37 202.85 201.52 191.75 181.21 158.37 171.08 153.8 170.89 152.4 139.72 145.41 126.66 126.48 117.64 131.48 152.08 121.28 104.32 92.91 94.68 39.27 77.01 92.54 79.14 79.33 68.1 79.19 65.47 44.88 9.94 29.46 36.21
181.47 172.92 150.49 128.11 106.04 98.42 89.99 86.26 83.96 75.91 66.35 57.57 59.05 58.04 56.61 52.78 51.84 54.96 51.37 46.71 34.75 21.36 14.03 24.16 36.96 29.04 24.13 21.8 15.45 8.43 3.66 12.33 24.47 21.31 32.44 57.41 139.17 200.23 200.99 195.97 203.75 210.18 208.31 202.78 195.46 184.18 178.52 167.09 165.37 154.42 154.43 156.56 148.14 158.23 160.62 153.65 143.37 166.06 168.82 128.12 52.39 42.26 43.43 62.97 97.02 91.13 95.88 72.2 84.16 88.74 62.45 30.08 20.97 19.57 35.3
191.81 192.54 194.12 194.25 191.93 174.47 168.39 124.34 74.79 63.83 55.87 52.69 52.57 51.83 55.97 51.15 50.39 49.91 48.95 47.75 49.52 45.26 41.97 42.7 34.79 31.83 26.93 23.7 4.23 -1.89 2.44 16.18 34.2 46.83 130.86 192.88 206.34 207.09 201 195.33 203.28 210.51 206.02 200.51 197.65 188.88 168.45 172.57 166.8 171.19 159.51 155.08 147.17 164.92 167.03 146.34 161.2 175.97 163.04 163.14 89.76 75.16 97.92 98.84 91.49 92.96 96.58 94.64 91.26 77.55 75.58 58.04 26.04 51.92 127.33
190.83 190.36 191.41 192.18 191.71 191.22 188.05 183.45 122.9 108.32 52.51 50.83 48.73 47.8 49.67 49.75 50.08 46 42.23 44.56 45.84 41.65 36.48 34.05 33.26 33.74 28.89 33.08 28.44 17.59 7.04 4.99 72 85.48 187.35 207.14 204.14 205.28 200.64 199.68 207.49 214.44 209.1 207.32 204.67 195.75 190.18 184.52 180.21 168.34 172.98 166.51 157.91 162.97 172.57 173.01 178.17 164.53 151.24 153.56 146.98 139.35 107.19 96.85 95.67 96.83 94.4 89.46 101.43 111.07 105.12 118.7 92.71 101.78 189.9
193.17 193.06 193.4 193.28 192.74 190.83 189.84 189.04 189.84 145.79 76.13 46.45 46.88 46.46 43.2 45.97 47.19 42.41 39.58 36.49 34.28 38.34 39.36 37.25 34.29 29.5 24.92 20.72 32.03 24.02 24.71 80.11 152.33 192.72 202.26 206.18 209.52 206.14 204.61 207.67 214.27 215.62 211.75 211.34 205.89 202.03 196.26 184.34 180.7 169.25 164.03 154.86 159.84 166.73 171.55 183.59 182.01 169.98 148.32 129.94 139.79 144.22 120.34 97.55 111.81 95.64 89.37 112.03 100.55 103.14 127.22 136.61 148.01 169.42 170.51
196.46 197.5 196.73 197.91 197.05 192.31 192.51 194 192.4 192.47 161.5 142.28 145.51 88.42 58.64 50.52 44.43 39.88 38.24 34 39.57 47.52 67.31 50.04 36 30.17 26.97 22.2 35.47 89.97 151.65 148.75 182.71 200.99 202.33 208.9 205.73 202.32 209.56 210.86 212.88 215.12 213.58 212.72 210.16 199.79 197.03 178.58 162.47 168.05 165.07 158.35 161.81 158.78 160.42 181.83 183.07 171.98 157.8 153.13 159.06 161.59 144.73 107.8 126.29 105.06 112.15 106.89 126.27 122.62 108.71 92.19 105.42 128.98 127.2
198.07 197.08 199.56 200.28 198.71 194.38 193.14 195.81 197.26 194.1 194.28 195.74 192.61 191.61 155.99 86.61 46.35 41.12 53.94 45.48 95.05 106.23 96.76 55.27 54.01 38.06 22.88 10.84 72.96 153.36 186.75 197.69 199.14 204.16 210.2 208.91 202.1 203.75 206.06 209.32 213.67 216.85 217 215.65 213.72 208.41 201.76 191.25 162.09 158.52 167.7 156.75 149.48 152.87 146.91 159.59 180.66 180.34 171.67 171.43 175.89 152.67 133.25 140.14 127.84 103.88 141.84 150.62 122.99 129.19 148.71 109.47 113.19 97.64 93.79
200.23 200.3 199.4 198.9 198.21 194.21 191.9 195.5 197.41 197.62 198.69 199.08 194.33 193.08 192.55 190.95 140.91 140.78 183.97 171.56 195.45 121.42 60.68 41.27 110.21 111.91 37.6 54.94 149.39 194.07 176.98 197.5 204.57 210.21 212.25 212.56 210.4 211.85 212.42 209.03 208.55 213.04 216.15 215.75 215.9 213.04 207.16 199.08 181.37 170.3 161.04 167.68 169.95 175.34 175.32 182.3 189.35 183.81 183.15 180.02 165.97 162.66 150.65 147.05 146.25 137.4 153.97 157.99 143.23 144.62 175.29 147.39 158.29 137.59 119.75
199.64 200.02 198.86 198.59 198.29 197.15 197.35 198.4 201.91 202.48 203.02 203.28 199.61 198.4 198.2 196.88 193.91 199.92 201.87 199.02 194.36 138.87 123.77 157.34 180.19 165.75 179.92 186.93 195.27 202.86 198.56 206.12 209.45 211.89 211.62 212.99 215.83 214.5 213.87 216.02 214.54 214.56 216.84 216.82 214.67 213.13 199.76 189.5 192.35 188.12 177.92 174.24 181.22 181.72 187.78 192.54 189.97 183.45 181.64 176.83 158.75 167.04 159.76 160.68 154.58 168.39 175.68 175.39 176.88 177.67 184.32 180.15 180.68 159.95 158.13
199.19 199.26 200.81 199.7 198.13 199.3 201.12 202.18 202.37 203.17 201.97 201.82 198.17 193.01 188.59 186.45 193.56 196.07 199.25 200.38 194.16 193.09 190.07 184.84 181.78 181.49 185.61 190.94 193.87 205.73 203.69 204.87 208.24 213.43 211.84 211.56 212.19 214.32 216.41 216.97 218.72 217.21 217.25 215.41 214.25 213 208.39 205.95 204.05 197.86 192.02 190.33 189.32 186.9 191.28 196.63 189.54 186.14 182.53 174.13 147.92 150.26 160.12 165.69 144.89 156.49 164.42 175.98 177.31 184.19 185.07 193.91 185.18 182.64 188.15
199.96 198.66 198.54 200.13 200.52 202.2 201.56 200.44 201.4 202.92 202.67 201.82 196.91 192.11 187.63 183.78 183.23 188.39 184.29 179.02 190.92 189.16 194.18 189.49 192.68 192.78 187.39 189.68 203.91 203.52 205.58 208.59 210.11 213.4 214.08 215.08 216.59 217.84 217.1 218.29 219.04 217.74 213.96 211.28 211.94 209.51 202.73 196.99 196.28 195.25 188.29 189.9 191.32 194.32 200.29 195.52 191.62 187.98 185.85 186.76 165.78 164.03 170.46 167.24 162.5 157.44 152.5 157.57 165.05 166.18 180.55 205.1 198.77 202.33 195.2262
197.85 200.29 199.52 198.93 199.39 199 201.41 202.11 201.23 199.94 201.99 201.93 197.4 191.63 189.06 185.38 156.54 132.64 167.59 170.2 181.76 186.58 197.86 200.33 201.62 208.95 208.86 210.06 208.19 206.62 208.67 211.62 211.83 213.94 216.01 217.41 216.88 216.38 218.58 219.37 218.96 217.55 216.04 213.47 208.94 209.53 207.92 206.34 203.56 204.84 205.42 203.89 197.39 199.43 199.78 195.68 190.95 190.71 188.67 181 167.12 170.96 170.9 171.93 164.95 171.02 179.01 172.09 180.69 195.02 205.75 210.5595 211.1555 199.3333 214
197.51 199.24 200.26 199.3 198.97 199.57 199.48 198.92 200.52 202.76 205.26 204.74 203.26 192.17 188.39 181.58 173.67 170.03 173.88 168.06 174.52 195.09 206.75 204.39 206.28 209.19 214.62 214.92 207.6 209.21 212.22 213.32 213.67 215.22 216.31 217.48 217.97 218.81 219.05 218.98 218.75 218.17 217.06 215.67 214.08 212.26 210.6 208.95 205.47 200.43 200.65 200.34 197.82 195.89 196.03 195.39 194.45 191.13 192.25 191.23 181.83 179.52 182.93 184.45 189.27 197.44 199.5 200.68 205.16 204.67 210.4559 -9999 -9999 -9999 -9999
198.73 199.84 199.09 201.01 199.94 199.37 199.54 199.67 201.74 202.65 204.36 203.07 202.74 200.87 188.79 181.73 176.57 175.3 184.99 197.83 205.12 203.45 205.21 210.82 212.12 214.45 217.11 213.92 209.75 213.84 214.2 215.5 214.8293 215.3571 216.5217 217.22 217.78 218.61 218.98 218.93 218.68 218.2527 218.18 217.03 215.86 215.56 214.31 214.37 209.7 209.47 205.17 199.48 190.19 195.17 193.7 193.91 200.54 200.42 197.97 202.22 201.24 198.65 201.04 202.4 203.73 202.32 202.15 200.72 206.4921 207.36 211.8571 -9999 -9999 -9999 -9999
198.99 199.48 198.67 198.72 200.69 200.27 199.38 199.03 202.46 197.69 188.91 179.62 174.87 181.89 166.77 186.86 185.65 191.27 193.71 197.02 209.22 215.06 216.42 216.54 217.14 217.77 217.91 216.23 216.94 216.0745 215.9434 216 -9999 -9999 217 217.0833 217.5667 218.2051 218.5789 218.9697 218.2368 218.7677 218.2553 217.8488 217.2105 216.53 218.5 219.31 211.63 209.49 205.38 202.81 202.79 200.84 192.73 200.82 201.31 200.95 205.31 205.46 204.98 207.51 208.84 209.15 208.38 210.8788 207.5783 205.3611 204.7778 -9999 -9999 -9999 -9999 -9999 -9999
111.12 158.84 198.93 198.97 199.18 200.74 201.08 202.71 203.81 198.1 191.71 188.06 187.29 190.65 189.16 192.53 198.24 202.21 207.08 211.1 214.32 216.73 219.31 219.25 218.88 219.44 219.59 219.0306 218.8864 214.75 -9999 -9999 -9999 -9999 -9999 -9999 -9999 -9999 -9999 218 218.4583 218.9365 218.5079 218.6129 218 216.6029 214.7045 215.3012 211.3 210.4111 204.32 197.12 203.7 194.72 189.88 190.92 196.49 197.69 200.57 202.91 204.76 209.77 208.88 203.78 204.27 208.7288 -9999 -9999 -9999 -9999 -9999 -9999 -9999 -9999 -9999
62.48 66.15 119.45 195.77 199.72 198.95 199.43 200.04 204.39 207.25 206.84 206.06 205.63 207.21 208.56 212.2 214.5 217.3 216.38 218.91 220.98 222.03 221.06 220.93 221.2472 220.5435 220.3409 219.7 -9999 -9999 -9999 -9999 -9999 -9999 -9999 -9999 -9999 -9999 -9999 -9999 -9999 -9999 -9999 -9999 -9999 -9999 -9999 -9999 220 219.0345 211.77 209.63 205.67 193.83 191.73 187.43 193.69 197.95 204.04 206.05 199.51 196.81 201.91 208.84 211 212.8235 -9999 -9999 -9999 -9999 -9999 -9999 -9999 -9999 -9999
61.77 63.26 62.43 96.03 188.82 200.36 198.9 197.89 198.16 203.33 206.31 205.3 208.46 209.74 211.14 213.61 215.71 216.86 219.66 220.03 220.7 222.39 219 221.4426 221.75 -9999 -9999 -9999 -9999 -9999 -9999 -9999 -9999 -9999 -9999 -9999 -9999 -9999 -9999 -9999 -9999 -9999 -9999 -9999 -9999 -9999 -9999 -9999 -9999 214.5652 208.0556 210.7333 210.507 210.6555 210.11 197.23 194.08 208.18 213.5 209.68 205.35 199.35 206.59 208.7273 210.2394 213.2857 -9999 -9999 -9999 -9999 -9999 -9999 -9999 -9999 -9999
59.1 60.62 60.84 60.93 96.91 174.99 198.12 197.11 197.15 199.66 204.07 205.07 207.29 204.33 201.32 207.59 209.07 216.22 216.68 217.19 220.31 223.08 220.5106 -9999 -9999 -9999 -9999 -9999 -9999 -9999 -9999 -9999 -9999 -9999 -9999 -9999 -9999 -9999 -9999 -9999 -9999 -9999 -9999 -9999 -9999 -9999 -9999 -9999 -9999 -9999 -9999 -9999 -9999 215.6667 216.3061 216.2747 213.2097 215.9136 215.7444 215.7407 214.06 212.1591 211 -9999 -9999 -9999 -9999 -9999 -9999 -9999 -9999 -9999 -9999 -9999 -9999
53.79 57.16 55.6 54.25 59.77 60.6 111.84 159.66 193.86 190.39 198.84 203.37 200.37 193.14 192.17 203.21 206.95 209.46 211.03 215.94 222.23 223.7529 224 -9999 -9999 -9999 -9999 -9999 -9999 -9999 -9999 -9999 -9999 -9999 -9999 -9999 -9999 -9999 -9999 -9999 -9999 -9999 -9999 -9999 -9999 -9999 -9999 -9999 -9999 -9999 -9999 -9999 -9999 -9999 217.3333 214.3333 -9999 -9999 218 217.05 -9999 214.875 214.8333 215 -9999 -9999 -9999 -9999 -9999 -9999 -9999 -9999 -9999 -9999 -9999
38.73 34.13 30.94 41.29 51.74 49.99 52.52 61.88 106.37 105.33 149.95 200.07 200.78 188.13 189.63 192.97 200.25 204.25 211.96 209.57 218.87 224.5294 -9999 -9999 -9999 -9999 -9999 -9999 -9999 -9999 -9999 -9999 -9999 -9999 -9999 -9999 -9999 -9999 -9999 -9999 -9999 -9999 -9999 -9999 -9999 -9999 -9999 -9999 -9999 -9999 -9999 -9999 -9999 -9999 -9999 -9999 -9999 -9999 -9999 -9999 -9999 -9999 -9999 -9999 -9999 -9999 -9999 -9999 -9999 -9999 -9999 -9999 -9999 -9999 -9999
37.14 27.69 12.18 29.85 45.45 22.03 22.64 35.71 38.29 42.12 56.87 162.17 111.15 115.05 155.09 192.36 203.24 209.14 211.15 215.01 222.36 226.2167 -9999 -9999 -9999 -9999 -9999 -9999 -9999 -9999 -9999 -9999 -9999 -9999 -9999 -9999 -9999 -9999 -9999 -9999 -9999 -9999 -9999 -9999 -9999 -9999 -9999 -9999 -9999 -9999 -9999 -9999 -9999 -9999 -9999 -9999 -9999 -9999 -9999 -9999 -9999 -9999 -9999 -9999 -9999 -9999 -9999 -9999 -9999 -9999 -9999 -9999 -9999 -9999 -9999
21.09 12.06 9.18 21.68 28.62 32.96 21.16 12.24 15.67 24.13 36.3 54.01 51.95 94.82 168.28 209.36 214.09 219.09 218.86 226.09 227.46 227.36 -9999 -9999 -9999 -9999 -9999 -9999 -9999 -9999 -9999 -9999 -9999 -9999 -9999 -9999 -9999 -9999 -9999 -9999 -9999 -9999 -9999 -9999 -9999 -9999 -9999 -9999 -9999 -9999 -9999 -9999 -9999 -9999 -9999 -9999 -9999 -9999 -9999 -9999 -9999 -9999 -9999 -9999 -9999 -9999 -9999 -9999 -9999 -9999 -9999 -9999 -9999 -9999 -9999
37.1 61.35 27.75 26.89 17.36 3.82 13.54 24.22 13.19 26.52 20.81 27.55 21 39.09 68.1 162.32 212.34 219.23 223.62 226.68 227.28 227.449 -9999 -9999 -9999 -9999 -9999 -9999 -9999 -9999 -9999 -9999 -9999 -9999 -9999 -9999 -9999 -9999 -9999 -9999 -9999 -9999 -9999 -9999 -9999 -9999 -9999 -9999 -9999 -9999 -9999 -9999 -9999 -9999 -9999 -9999 -9999 -9999 -9999 -9999 -9999 -9999 -9999 -9999 -9999 -9999 -9999 -9999 -9999 -9999 -9999 -9999 -9999 -9999 -9999
26.11 43.19 67.08 46.51 62.05 65.77 49.13 60.26 78.45 57.1 10.38 51.34 24.86 51.51 96.2 128.28 152.18 210.96 222.87 225.76 227.45 227.3654 -9999 -9999 -9999 -9999 -9999 -9999 -9999 -9999 -9999 -9999 -9999 -9999 -9999 -9999 -9999 -9999 -9999 -9999 -9999 -9999 -9999 -9999 -9999 -9999 -9999 -9999 -9999 -9999 -9999 -9999 -9999 -9999 -9999 -9999 -9999 -9999 -9999 -9999 -9999 -9999 -9999 -9999 -9999 -9999 -9999 -9999 -9999 -9999 -9999 -9999 -9999 -9999 -9999
9.61 29.76 20.96 10.57 46.21 79.21 45.94 53.8 61.75 25.17 5.56 23.13 40.56 45.55 70.79 47.78 65.99 182.51 220.24 220.05 219.45 219.2907 223.9032 -9999 -9999 -9999 -9999 -9999 -9999 -9999 -9999 -9999 -9999 -9999 -9999 -9999 -9999 -9999 -9999 -9999 -9999 -9999 -9999 -9999 -9999 -9999 -9999 -9999 -9999 -9999 -9999 -9999 -9999 -9999 -9999 -9999 -9999 -9999 -9999 -9999 -9999 -9999 -9999 -9999 -9999 -9999 -9999 -9999 -9999 -9999 -9999 -9999 -9999 -9999 -9999
-3.4 -0.14 16.38 28.11 60.74 50.41 44.46 17.91 26.63 16.7 61.53 83.07 85.01 69.73 64.17 46.03 72.69 104.79 135.2 207.22 196.7 203.83 215.9263 225.6667 -9999 -9999 -9999 -9999 -9999 -9999 -9999 -9999 -9999 -9999 -9999 -9999 -9999 -9999 -9999 -9999 -9999 -9999 -9999 -9999 -9999 -9999 -9999 -9999 -9999 -9999 -9999 -9999 -9999 -9999 -9999 -9999 -9999 -9999 -9999 -9999 -9999 -9999 -9999 -9999 -9999 -9999 -9999 -9999 -9999 -9999 -9999 -9999 -9999 -9999 -9999
8.4 31.02 39.41 24.82 20.03 24.03 26.66 29.57 13.01 44.83 69.93 74.85 46.16 33.99 32.43 44.94 52.03 58.33 183.8 220.66 222.83 222.59 218.3163 221.5833 224.7143 -9999 -9999 -9999 -9999 -9999 -9999 -9999 -9999 -9999 -9999 -9999 -9999 -9999 -9999 -9999 -9999 -9999 -9999 -9999 -9999 -9999 -9999 -9999 -9999 -9999 -9999 -9999 -9999 -9999 -9999 -9999 -9999 -9999 -9999 -9999 -9999 -9999 -9999 -9999 -9999 -9999 -9999 -9999 -9999 -9999 -9999 -9999 -9999 -9999 -9999
14 37.39 23.33 16.36 25.74 31.73 16.73 31.23 34.95 20.41 28.44 29.26 30.49 41.61 50.97 56.97 57.02 64.6 160.04 220.13 225.1 226.49 225.2299 216.2976 217.1795 -9999 -9999 -9999 -9999 -9999 -9999 -9999 -9999 -9999 -9999 -9999 -9999 -9999 -9999 -9999 -9999 -9999 -9999 -9999 -9999 -9999 -9999 -9999 -9999 -9999 -9999 -9999 -9999 -9999 -9999 -9999 -9999 -9999 -9999 -9999 -9999 -9999 -9999 -9999 -9999 -9999 -9999 -9999 -9999 -9999 -9999 -9999 -9999 -9999 -9999
