taller 1/variables/bioclim19.asc
ncols         720
nrows         300
xllcorner     -30.008325510658
yllcorner     30.991671412252
cellsize      0.083333337679505
NODATA_value  -9999
[rows 264 to 296 of 300, columns 296 to 369 of 720]
212.93 203.88 200.72 202.35 202.71 199.09 193.01 192.49 189.83 187.37 178.96 164.26 147.09 129.41 129.41 130.09 137.14 140.3 125.8 115.7 105.17 91.1 75.67 73.67 69.32 73.29 98.13 114.29 123.95 119.37 111.42 112.06 103.5 94.96 92.59 91.72 91.4 92.03 88.34 90.52 93.14 98.19 102.51 105.72 106.93 107.6 107.28 105.67 103.33 100.32 96.56 92.56 88.49 84.52 80.93 77.72 74.71 72.75 70.12 67.91 66.29 64.41 61.86 61 59.56 59.07 60.25 61.08 61.74 62.91 64.31 65.31 66.51 67.75
223.39 214.05 206.09 200.29 196.91 190.84 183.42 177.56 172.55 158.4 141.95 129.52 121.11 121.77 116.23 120.35 115.36 117.17 108.43 106.47 98.36 87.59 73.29 75.87 90.24 93.23 113.81 115.93 110.21 105.24 103.37 101.09 96.81 89.41 87.81 88 88.92 88.84 86.24 89 91.35 95.18 96.76 98.63 99.58 99.94 99.46 97.99 96.25 93.7 90.82 87.65 84.39 81.33 78.38 75.85 73.51 71.73 69.15 67.64 66 64.35 61.76 61 60.04 59.91 60.02 61.24 61.37 61.87 63.19 64.04 65.01 66.49
234.74 231.79 224.64 212.49 195.77 169.62 155.6 149.32 155.19 139.48 129.45 130.54 124.07 120.09 142.32 127.09 118.87 109.91 94.83 103.33 93.5 72.26 67.53 72.19 84.15 96.12 103.49 103.19 101.19 95.91 91.78 89.12 87.03 85.2 85.12 85.31 86.26 87.35 84.99 87.83 90.71 91.67 91.27 90.41 90.41 89.89 91.36 90.96 90.03 88.03 85.5 82.88 80.67 78.1 76.08 73.82 72.2 70.6 68.39 67.12 65.75 64.3 61.89 60.89 60 59.41 59.7 60.45 61.94 62.36 62.57 63.47 64.44 66.62
272.13 266.31 254.59 226.76 205.36 161.6 121.57 103.15 116.49 128.22 120.38 101.54 104.9 101.39 160.63 184.41 126.68 98.5 119.81 103.74 68.9 62.58 61.08 66.37 77.03 86.17 94.04 94.29 95.22 90.47 87.82 85.38 83.86 83.04 83.42 84.15 83.82 83.26 82.81 85.71 87.19 87.86 87.11 85.74 86.28 85.69 84.34 83.87 84.11 82.1 79.88 77.86 76.57 75.07 73.38 71.83 70.34 68.76 67.87 66.89 66.74 64.2 62.35 60.65 59.88 59.02 59.58 59.47 60.39 61.87 63.09 63.88 65.49 66.69
304.78 292.17 272.63 255.65 215.49 164.17 118.84 101.04 87.89 113.59 107.16 87.81 121.56 116.29 146.8 135.38 120.31 135.27 152.96 73.96 57.67 55.02 57.76 64.2 72.58 81.45 88.92 90.44 89.82 87.2 85.38 83.01 82.19 82.18 82.21 82.02 81.68 82.51 83.71 83.6 83.83 84.25 83.74 83.9 83.6 83.52 82.44 80.96 80.17 77.89 76.98 75.27 72.91 72.07 70.74 69.48 68.47 67.68 66.63 66.81 68.68 64.6 62.39 61.16 59.66 59.2 59.19 58.82 59.1 60.01 61.34 62.04 63.32 64.3
317.43 318.14 315.84 274.89 228.08 185.57 140.34 118.1 91.6 96.33 88.82 78.07 94.62 113.07 168.16 158.12 170.67 169.98 96.67 58.84 47.99 49.04 55.91 64.44 72.51 81.97 88.09 88.23 87.32 86.36 84.93 83.31 82.54 82.26 81.84 81.26 80.23 82.14 82.36 81.86 81.39 81.64 81.43 81.19 80.54 79.74 79.11 78.2 76.8 75.57 74.04 72.44 70.49 69.41 68.19 67.24 66.07 65.44 65.66 67.04 67.4 63.8 62.02 61.05 59.55 58.47 58.61 57.71 58.79 58.69 59.22 59.79 61.22 64.71
284.17 292.66 307.73 268.32 226.28 173.38 136.33 108.2 120.13 134.65 90.87 72.98 77.47 113.24 160.94 154.65 101.54 82.58 61.22 44.88 40.2 46.06 56.82 67.47 77.92 85.61 91.17 90.46 89.26 88.16 86.46 84.56 84.39 83.47 81.67 81.15 80.08 80.88 80.42 79.94 79.62 79.18 78.7 78.2 77.27 76.3 75.37 74.41 73.3 72.05 70.61 69.21 67.79 66.57 66.63 65.88 63.89 63.19 62.76 62.97 63.13 62.16 60.96 59.53 58.54 57.56 57.23 56.95 56.77 56.67 56.95 58.3 60.06 60.89
296.43 310.94 282.68 254.52 209.73 164.46 153.6 153.57 157.7 106.39 82.34 76.13 83.26 100.78 117.5 110.85 68.54 55.32 44.87 34.89 36.3 46.89 58.23 73.08 81.16 89.02 92.9 92.93 93.57 90.92 88.3 89.47 87.02 84.05 82.55 81.62 80.23 80.74 80.28 79.09 78.19 77 76.28 75.3 74.42 73.41 72.18 71.09 70.03 68.79 67.27 65.96 64.94 65.96 63.82 62.06 61.1 60.73 60.21 60.16 60.8 59.79 58.83 57.54 56.75 56.15 55.51 55.91 55.77 56.4 56.3 57.65 57.7 57.31
307.19 290.84 266.81 238.33 206.46 191.08 184.1 153.71 123.79 96.75 87.62 77.2 78.68 81.72 93.53 89.01 53.02 44.47 37.59 32.55 36.95 48.14 63.23 78.68 86.43 91.48 96.4 98.71 96.67 93 91.74 89.85 87.78 85.87 83.45 82.47 81.16 80.08 79.65 79 76.9 75.76 74.02 72.83 72.01 70.78 69.31 68.12 67 65.71 64.67 63.96 64.4 62.75 60.3 59.44 58.58 57.98 57.44 57.63 57.12 56.65 57.36 56.09 54.3 54.18 54.08 53.12 53.4 55.12 53.06 53.09 52.45 54.33
289.21 269.74 249.52 228.64 214.45 208.5 177.61 148.5 104.33 88.96 80.49 69.61 67.68 62.33 60.59 52.66 45.8 39.63 36.33 35.84 40.69 53.2 69.06 84.85 94.66 101.08 101.01 103.49 99.94 98.16 96.87 93.57 92.08 88.45 85.15 83.52 82.53 80.35 79.97 78.56 77.02 75.66 72.8 70.78 69.57 68.69 67.22 65.68 64.39 63.26 62.27 61.37 64.69 59.5 57.53 56.95 56.52 56.09 54.96 54.52 53.99 54.36 56.1 52.82 53.93 55.64 54.21 51.38 50.35 49.89 48.1 48.29 51.3 51.34
267.25 252.18 236.15 215.97 201.43 180.3 147.31 115.4 92.54 84.08 75.85 64.76 59.21 54.85 52.72 47.06 42.6 39.59 39.23 41.42 45.14 54.97 72.78 90.57 103.12 108.78 109.45 108.73 105.04 106.87 106.17 99.51 96.73 91.29 86.92 85.35 84.19 83.07 80.85 80.14 78.02 74.91 70.83 68.79 67.68 66.45 65.33 63.85 62.26 61.09 60.45 62.79 59.72 56.94 55.7 54.48 53.6 53.05 52.39 52.43 51.75 51.16 49.94 49.44 50.33 52.45 49.52 48.96 47.1 46.9 45.42 45.79 50.34 45.44
248.36 235.82 223.04 210.6 183.74 143.73 117.42 96.49 84.81 79.99 73.98 69.35 57.08 51.62 48.12 43.74 41.64 41.58 43.38 47.04 54.44 63.73 77.2 95.49 105.37 111.04 114.84 114.17 112.38 115.87 109.91 107.49 100.43 91.86 89.94 88.32 87.14 84.3 84.2 83.73 78.67 72.24 68.64 67.08 66.18 65.15 63.61 62.17 60.68 59.01 58.77 59.04 56.29 54.54 53.87 52.76 53.03 50.53 51.15 52.99 48.81 48.81 46.73 46.02 46.12 45.8 48 47.6 44.42 44.66 42.11 42.32 41.37 41.72
235.1 218.54 205.88 178.25 143.16 117.94 99.38 85.14 76.38 73.15 67.44 56.48 51.71 49.01 45.04 43.12 43.66 44.65 48.72 53.24 61.38 73.05 86.63 99.85 110.95 117.47 121.8 121.77 118.48 114.06 113.44 108.19 98.41 92.76 93.01 93.14 91.03 86.69 83.99 79.18 74.75 70.06 67.68 66.47 64.7 63.32 61.68 60.23 59.01 58.08 58.07 56.07 54.34 53.78 53.06 57.75 52.4 48.42 58.86 47.31 44.67 47.96 43.91 43.39 43.31 43.59 46.02 43.96 40.33 40.84 39.41 38.67 39 38.86
208.66 204.32 181.93 150.81 124.54 104.1 88.5 76.11 67.11 63.05 59.48 51.57 48.22 46.4 44.71 44.74 46.49 49.11 54.82 62.41 71.93 86.08 100.37 108.56 115.07 120.47 125.16 122.54 118.61 116.17 112.5 107.68 98.73 93.85 95.35 96.87 92.13 85.98 78.49 73.37 70.13 68 63.02 60.65 58.2 57.61 57.25 59.19 58.97 58.45 56.7 54.92 53.48 51.25 54.35 55.15 44.47 50.25 52.76 41.63 41.88 42.73 43.7 44.79 40.84 45.35 40.48 38.12 37.06 36.42 36.64 36.65 36.99 37.02
191.39 179.31 158.88 135.08 112.77 95.12 79.86 69.09 62.07 57.98 52.14 48.91 46.62 45.96 46.55 47.24 50.45 55.2 62.37 73.8 86.2 95.33 106.46 114.54 120.18 124.03 124.67 120.95 118.83 115.48 109.7 105.17 97.96 93.95 92 91.05 86.39 80.38 73.47 69.08 64.85 61.3 57.24 55.11 55.05 55.1 57.52 60.88 62.3 56.75 53.42 53.22 50.43 49.78 48.26 46.19 40.31 41.67 38.63 38.8 40.58 41.42 44.11 41.13 41.4 41.65 37.28 35.71 35.95 36.32 36.16 35.67 35.6 35.3
180.64 161.55 142.23 122.74 104.07 87.71 72.16 61.53 58 52.77 50.05 48.02 47.76 47.81 49.56 51.64 57.63 63.38 70.8 81.23 93.32 101.57 110.8 117.78 124.09 126.83 125.27 124.55 118.2 116.03 112.8 104.1 99.14 94.88 90.47 87.48 85.4 80.86 71 64.39 62.36 61.09 57.44 55.86 55.07 55.98 58.5 64.14 55.36 52.1 49.66 51.4 50.09 45.48 43.1 40.39 40 49.71 42.56 36.9 38.34 40.08 39.09 36.18 35.45 35.91 34.89 34.92 34.65 34.41 34.21 34 34 34
165.56 150.89 136.14 118.91 103.19 95.19 83.46 78.15 83.07 71.89 71.62 83.67 74.08 62.63 66.63 67.88 78.73 82.26 85.28 94.17 98.74 103.05 112.43 120.75 130.34 134.82 131.59 123.89 117.76 116.27 115.29 108.66 101.18 94.91 89.04 84.87 76.67 73 67.14 62.6 62.98 57.49 59.6 60.1 54.03 51.75 52.51 52.38 50.26 48.67 47.5 49.81 47.41 44.98 44.76 41.34 49.76 46.98 39.72 36.35 39.05 37.02 35.3 35.13 34.12 33.84 33.25 33.41 33.16 33.32 33.14 32.75 32.35 32.31
163.76 145.32 134.35 118.62 143.27 165.27 148.97 143.91 120.9 75.91 63.26 75 77.38 74.34 77.85 83.39 89.16 98.01 81.79 97.71 99.24 102.21 110.65 123.61 135.97 136.91 138.77 125.65 117.47 113.13 105.77 92.33 83.98 78.41 72.46 67.24 62.76 58.73 55.67 54.02 54.2 53.28 51.38 50.97 49.39 48.79 48.44 47.72 47.94 46.53 47.3 46.63 46.8 47.07 50.82 45.8 37.08 35.96 35.1 36.47 35.89 34.08 33.98 33.11 32.73 32.31 32.6 32.13 32 32 32 32 31.97 31.52
163.2 153.5 128.85 151.05 187.73 174.42 151.11 90.5 69.89 57.71 52.94 54.12 69.55 70.01 61.78 73.39 81.9 70.32 70.23 76.49 82.82 95.54 105.38 118.92 136.76 141.88 125.57 115.92 113.47 112.5 103.19 90.11 81.29 74.95 69.38 64.49 60.18 56.65 53.54 50.93 50.89 51.92 49.78 48.33 48.18 51.07 46.77 46.85 45.29 47.19 55.51 45.85 41.42 51.81 42.25 37.33 40.15 35.66 33.83 34.36 34.04 33.78 33.17 32.59 31.54 31.31 30.95 30.68 31.29 31.04 31.01 30.5 30.11 29.97
171.61 159.68 140.45 133.53 125.39 114.65 91.93 67.95 52.37 48.03 46.54 51.29 55.25 51.81 46.62 47.16 49.12 53.48 57.45 62.98 70.67 81.14 89.24 106.69 125.45 134.32 127.99 116.81 122.47 113.41 96.24 93.59 85.82 74.38 68.5 62.27 57.62 54.36 51.51 49.66 55.78 60.57 54.22 48.8 48.09 51.31 49.07 43.31 41.93 43.31 56.11 42.12 39.97 40.52 37.25 40.13 37.53 33.75 33.04 33.38 32.98 32.25 32.18 31.69 31 31 30.19 29.86 29.98 30 30 30 29.18 28.13
156.65 149.04 122.84 95.35 83.21 79.55 63.03 58.42 50.11 43.19 40.33 39.59 38.25 39.87 42.07 42.33 43.28 46.06 50.34 60.76 63.75 66.29 75.5 89.83 103.86 108.05 97.69 112.92 122.13 97.3 80.4 81.81 81.68 74.37 66.39 57.81 54.93 52.29 49.8 50.88 60.28 62.48 52.68 48.45 46.24 44.59 45.1 42.64 43.59 41.68 45.25 46.83 37.73 36.99 37.39 36.49 34.13 33.26 33 33 32.53 32.02 32 31.64 30.75 30.09 28.88 28.35 29.17 29.37 28.91 28.05 27.01 27
153.3 128.85 112.39 107.1 96.91 70.18 59.02 55.87 52 53.6 40.25 35.93 40.81 44.6 42.45 39.51 41.1 39.9 40.56 45.98 52.67 65.85 79.97 85.53 97.01 95.59 89.38 87.47 85.25 68.68 67.47 66.29 63.97 62.46 59.21 55.79 54.66 54.24 55.41 56.25 58.59 58.37 53.98 51.98 50.29 45.52 43.65 42.83 38.43 38.13 37.83 37.18 36.92 36.5 35.3 34.93 33.43 33 33 32.87 32.38 32 32 31.35 30.57 29.33 28.01 28 28 28 28 27.16 26.93 26.29
121.77 106.79 113.42 100.75 84.36 58.9 63.04 67.3 65.39 59.15 46.96 37.47 40.08 48.23 47.57 42.57 34.67 31.86 31.18 38.79 50.76 61.02 58.4 57.4 59.56 64.34 66.53 63.84 67.19 59.76 65.79 62.97 62.44 58.51 54.15 51.37 49.98 49.21 56.15 57.17 58.77 60.04 61.01 57.19 50.19 46.16 46.25 42.76 38.41 37.4 36.64 36.54 35.93 35 34.95 34.02 33 33 32.8 32.09 32 31.89 30.86 29.5 29.15 28.96 28.09 28 27.72 27.27 27.27 25.89 25.19 25
119.55 87.36 75.27 77.77 61.35 53.44 55.53 63.19 56.96 49.22 37.35 33.85 36 31.19 29.38 27.22 28.33 28.82 27.36 33.33 35.33 31.85 29.57 33.17 37.43 42.33 45.08 47.96 50.03 51.89 55.54 55.81 52.29 50.27 49.67 48.41 45.95 45.54 46.48 45.18 46.69 46.22 41.14 42.93 40.77 38.75 37.99 37.68 36.66 36 36.48 36.25 35.72 35 34.76 33.87 33 32.46 31.9 31.85 31.51 30.28 29.18 29 29 28.66 28 27.92 27.28 25.86 25.15 25 25 24.87
98.94 77.15 77.06 64.49 55.31 56.73 44.6 42.25 38.9 34.61 33.34 31.22 28.27 26.16 24.27 22.51 23.55 21.82 19.36 16.95 15.38 15.47 18.83 23.87 28.7 32.56 35.7 39.54 41.38 40.74 42.11 42.76 43.26 43.24 43.33 42.74 40.93 42.21 41.49 39.16 48.08 47.57 37.54 37.37 36.5 36.1 36.14 35.51 35.57 35.85 36.02 36.03 35.46 35 34.51 33.93 32.73 31.24 31 31 30.42 29.69 29 29 29 28.1 27.16 26.29 26.01 26 25.32 24.84 23.79 23.41
92.21 84.3 74.61 62.95 48.42 43.73 40.56 36.74 34.45 32.8 31.59 29.4 26.21 23.23 21.31 19.52 20.18 19.05 17.19 16.01 15.67 15.03 20.35 22.44 26.3 28.07 30.49 32.29 33.76 34.86 35.81 36.29 36.19 36.42 36.44 35.75 35.9 37.5 36.94 34.91 34.59 37.07 34.59 33.49 34.92 35 34.98 34.93 34.76 35.3 36 35.75 34.44 34.38 34 33.95 32.38 31 30.94 30.47 30 29.19 29 28.84 28.27 26.43 26 26 26 25.94 24.61 23.81 23.12 22.99
69.96 60.78 63.68 47.26 42.49 39.16 36.4 34.06 31.91 30.47 28.89 27.69 24.74 21.43 18.99 17.53 17.07 15.83 15.64 18.23 20.55 22.02 22.94 25.71 27.13 29.59 31.56 31.65 32.09 31.59 31.43 32.06 32.79 34.03 34.26 33.75 32.26 32.01 31.52 31.62 32.68 35.99 38.03 32.66 33.67 33.6 33.5 33.76 34.02 35.2 36 35.59 34.22 34 33.93 32.96 31.92 31.02 30.52 30.01 29.77 28.94 28.44 27.93 27.01 26 26 25.92 25.48 24.85 23.32 23 23 22.78
55.29 53.67 45.17 41.37 38.06 35.45 32.73 31.01 28.72 26.65 25.2 24.22 22.94 19.7 18.21 15.29 14.69 14.1 16.37 19.19 19.42 20.38 21.82 23.81 26.18 27.3 27.56 29.33 30.58 29.92 28.42 29.23 31.65 32.98 33 31.98 30.34 29.16 28.89 31.89 34.95 33.12 29.66 31.19 31.82 32 32.87 33 33.11 33.95 34.9 34.8 34.1 33.73 33.06 32.15 31.36 31 30.2 29.72 28.92 28.11 27.91 27.17 26.46 25.97 25.58 25.03 24.39 23.46 22.99 22.79 22.32 21.93
45.85 42.55 39.57 36.61 33.89 31.45 29.09 26.98 25.18 23.15 21.62 20.45 18.94 16.72 17.03 14.88 13.99 15.17 17.37 17.85 18.85 19.02 19.83 19.62 20.89 24.15 22.51 25.72 27.33 27.23 25.92 26.85 29.21 30.43 30.08 29.58 28.24 26.32 27.95 33.6 32.66 28 28.1 29.87 31.05 33.55 33.16 33 33 33 33.18 33.78 33.6 33.09 32.37 31.68 31 30.88 29.19 28.28 28 27.89 27.15 26.95 25.79 25.16 24.77 24.12 23.98 22.96 22.25 21.83 21.47 21.01
39.56 37.23 34.84 32.44 30.58 28.42 26.34 25.18 22.77 21 19.09 17.17 16.25 15.13 14.47 14.66 14.14 15.36 15.72 16.27 17.05 17.58 18.65 19.52 18.67 18.27 19.56 22.29 24.01 24.05 23.9 24.5 26.93 26.98 26.66 25.94 25.29 27.42 31.85 30.06 30.05 27.49 28 29.46 32.6 33.31 32.71 32.93 33 33 33 33 32.99 32.37 31.67 31.03 30.97 29.99 28.6 28 27.89 27.14 26.81 25.82 24.94 24.42 24.01 23.81 22.98 21.97 21.48 21.05 20.99 20.58
34.66 32.72 30.83 29.04 27.87 26.83 24.82 23.33 21.23 19.58 17.23 16.09 14.5 13.59 12.92 12.95 12.37 11.94 12.92 13.24 14.84 15.98 16.33 18.54 19.55 20.28 18.99 19.37 21.97 21.86 22.97 24.03 24.04 24.06 24.8 24.15 24.04 25.32 28.2 27.74 26.44 27.01 27.99 29.18 31.23 31.28 31.88 32.1 32.65 32.97 32.92 32.55 32.15 31.94 31.07 30.91 29.72 29.01 28.25 27.78 27.12 26.53 25.8 24.78 24.07 23.82 23.2 22.46 21.69 21.13 20.89 20.22 20.08 20
30.33 29.34 28.78 27.85 25.58 24.67 22.97 21.62 19.54 17.38 16.02 14.51 13.26 12.11 11.15 11.05 10.52 10.78 11.02 12.33 14.25 15.57 16 16.25 18.54 19.36 19.46 19.03 19.63 22.07 23.14 22.93 23.31 23.6 23.57 23.38 23.69 24.79 25.34 27.57 26.77 27 28.34 29.01 31.11 32 32 32 32 32.02 32 32 31.86 31.15 30.66 29.32 29 28.96 27.74 26.63 26.42 26 25.16 23.89 23.47 22.99 21.77 20.97 20.82 20.11 20.07 19.92 19.69 19.23
27.53 26.26 25.81 26.29 22.84 20.39 19.09 18.23 16.9 15.81 14.46 12.84 11.97 11.25 10.78 9.96 9.55 9.91 11.31 13.95 14 14.4 15.34 15.96 16.36 18.27 18.99 18.61 18.01 18.4 19.36 20.88 21.02 21.76 22.12 23.01 23.88 25.16 26.62 26.47 26.7 27.2 28.73 29.1 31.1 32.2 32.05 32 32 32 32 31.88 31.11 30.18 29.04 29 29 28.42 26.92 26.14 25.97 25.69 24.43 23.3 22.81 22.16 20.53 20.11 20.03 20 19.98 19.28 18.96 18.58
