taller 1/variables/bioclim18.asc
ncols         720
nrows         300
xllcorner     -30.008325510658
yllcorner     30.991671412252
cellsize      0.083333337679505
NODATA_value  -9999
[rows 0 to 32 of 300, columns 592 to 665 of 720]
-9999 -9999 -9999 -9999 -9999 -9999 -9999 -9999 -9999 -9999 -9999 -9999 -9999 -9999 -9999 -9999 -9999 -9999 -9999 -9999 209.9333 210.81 213.77 216.9 220.38 222.47 225.18 228.2 231.64 234.89 237.25 238.93 240.88 242.14 242.5 240.04 238.98 237.62 236.26 234.76 234.56 232.41 229.98 227.78 226.15 224.92 223.39 221.75 221.15 220.71 220.05 220.02 219.56 218.17 217.68 216.58 216.4 215.17 214.69 213.97 212.76 212.56 212.25 211.76 211.63 211.76 212.03 213.26 213.93 214.71 216.05 216.71 217.18 218.64
-9999 -9999 -9999 -9999 -9999 -9999 -9999 -9999 -9999 -9999 -9999 -9999 -9999 -9999 -9999 -9999 -9999 -9999 -9999 -9999 210.9167 212.08 214.91 218.59 221.93 225.59 228.95 231.08 232.9 235.37 237.38 238.74 240.42 242.29 244.01 244.25 243.28 240.85 240.43 236.07 234.14 232.05 230.61 229.49 228.51 226.65 224.92 224.04 223.09 222.16 221.18 220.98 220.58 219.42 218.05 217.16 216.82 216.22 214.6 214.13 213.58 213.73 213.45 212.46 212.02 212.25 212.92 213.94 214.76 215.13 215.58 216.34 217.29 218.81
-9999 -9999 -9999 -9999 -9999 -9999 -9999 -9999 -9999 -9999 -9999 -9999 -9999 -9999 -9999 -9999 -9999 -9999 -9999 -9999 212.3333 213.9485 215.99 219.67 223.58 227.32 231.5 234.08 236.98 238.79 239.81 240.03 240.55 243.09 245.57 244.56 242.83 242.14 242.15 238.72 234.17 232.48 231.3 231.53 231.04 228.3 225.95 224.84 224.36 223.38 222.41 222.33 221.27 220.08 218.69 218 217 215.32 215.09 214.77 214.38 213.95 213.71 213.13 212.44 213.17 213.75 215.29 215.91 215.96 216.56 216.89 216.98 218.76
-9999 -9999 -9999 -9999 -9999 -9999 -9999 -9999 -9999 -9999 -9999 -9999 -9999 -9999 -9999 -9999 -9999 -9999 -9999 -9999 -9999 214.3939 217.05 220.8 224.14 228.21 232.66 236.18 239.01 240.61 240.81 240.99 241.51 242.65 243.77 245.08 243.97 244.08 242.35 240.09 237.68 235.76 234.51 232.77 229.84 228.12 227.24 225.74 225.18 223.58 223.32 222.94 222.36 220.37 219.14 218.43 216.69 215.76 214.59 213.72 213.94 213.61 213.83 213.51 213.25 213.97 213.94 214.76 215.4 215.75 217.02 217.13 217.96 220.24
-9999 -9999 -9999 -9999 -9999 -9999 -9999 -9999 -9999 -9999 -9999 -9999 -9999 -9999 -9999 -9999 -9999 -9999 -9999 -9999 -9999 216.2778 218.6786 222.12 225.7 229.37 233.27 236.65 239.75 241.88 242.25 242.29 241.9 243.52 244.32 245.04 245.68 244.26 242.03 239.91 238.64 237.62 235.43 232.68 230.42 229.14 229.07 227.3 227.63 225.29 224.15 223.1 222.66 220.51 219.84 218.2 216.88 215.11 214.82 214.87 214.16 213.54 214.07 213.46 213 213.78 213.83 214.93 215.27 215.87 217.04 217.53 217.78 218.75
-9999 -9999 -9999 -9999 -9999 -9999 -9999 -9999 -9999 -9999 -9999 -9999 -9999 -9999 -9999 -9999 -9999 -9999 -9999 -9999 -9999 218.1714 220.8621 224 227.57 231.35 234.97 237.18 239.07 240.87 242.35 243.04 243.48 243.82 243.94 244.19 243.54 242.99 241.38 239.71 239.44 237.14 236.57 234.75 231.73 229.5 230.1 229.07 227.48 225.54 224.93 223.65 222.63 220.97 219.55 218.02 216.72 215.29 215.68 214.38 214.26 214.58 214.26 213.71 213.2 213.11 214.22 214.13 214.08 216.48 218.87 219.89 221.79 222.39
-9999 -9999 -9999 -9999 -9999 -9999 -9999 -9999 -9999 -9999 -9999 -9999 -9999 -9999 -9999 -9999 -9999 -9999 -9999 -9999 218.0833 218.8286 -9999 226.7727 230.12 233.86 237.09 238.61 240.05 241.34 242.53 243.21 242.65 242.93 242.4 242.02 242.18 242.3 240.61 238.24 237.39 235.36 233.96 233.55 232.35 230.79 228.99 227.97 227.04 226.1 224.92 223.3 222.19 220.94 219.12 218.07 216.11 215.48 215.07 215 215.17 215.09 214.62 214.01 213.24 213.22 214.12 213.94 214.48 217.64 219.47 220.6 222.29 223.72
-9999 -9999 -9999 -9999 -9999 -9999 -9999 -9999 -9999 -9999 -9999 -9999 -9999 -9999 -9999 -9999 -9999 -9999 -9999 -9999 218.8103 218.8 225.8235 228.2791 232.42 236.59 238.95 239.62 240.12 241.84 242.48 242.63 241.88 241.01 240.14 239.33 237.81 236.93 235.86 234.67 232.97 231.79 231.24 230.55 229.77 229.62 229.07 227.84 226.04 226.01 224.88 223.04 222.14 220.29 218.92 217.2 216 216.03 216.02 215.46 215.19 215.4 214.89 214.09 213.16 212.44 213.22 215.24 217.69 218.38 219.27 220.18 221.18 223.51
-9999 -9999 -9999 -9999 -9999 -9999 -9999 -9999 -9999 -9999 -9999 -9999 -9999 -9999 -9999 -9999 -9999 -9999 -9999 218.9 219.3333 -9999 -9999 230.3404 233.78 236.81 239.36 239.5 239.82 240.44 241.1 241.66 240.44 239.71 238.15 236.65 235.66 234.39 233.22 232.67 231.31 231.01 230.27 229.62 229 228.61 228.31 228.16 226.49 224.91 223.96 223.18 221.25 220.08 218.14 216.9 216.76 216.75 216.09 215.95 215.97 216.13 214.21 213.32 212.51 211.79 213.42 216.05 217.68 219.59 221.1 222.17 223.27 223.67
-9999 -9999 -9999 -9999 -9999 -9999 -9999 -9999 -9999 -9999 -9999 -9999 -9999 -9999 -9999 -9999 -9999 220.6667 220.275 220.6667 -9999 -9999 228.5405 230.9221 233.74 236.3 237.97 238.56 239.21 239.61 240 239.72 239.48 238.6 236.71 236.08 234.72 234.68 233.59 232.56 231.22 230.76 230 229.23 228.83 227.42 227.12 226.68 225.59 225.01 223.88 223.19 221.2 219.29 217.75 217.67 217.75 217.63 216.71 216.74 217.13 216.09 215.46 213.88 213.03 215.4 217.65 217.81 219.41 220.81 221.84 223.41 224.15 224.83
-9999 -9999 -9999 -9999 -9999 -9999 -9999 -9999 -9999 -9999 -9999 -9999 -9999 -9999 -9999 -9999 223.1111 222.3103 221.5 -9999 -9999 -9999 230.0667 231.73 233.81 235.78 237.04 238.14 238.26 238.61 239.43 238.93 238.56 238.03 235.39 235.77 235.48 234.22 233.2 231.66 230.65 229.58 228.64 228.26 227.03 226.81 226.22 225.29 224.88 223.56 223.43 222.96 220.74 219.1 218.77 218.77 218.72 218.44 217.64 217.36 216.28 215.82 215 215.1 216.75 218.58 217.39 218.57 221.17 220.98 221.72 225.03 226.81 226.77
-9999 -9999 -9999 -9999 -9999 -9999 -9999 -9999 -9999 -9999 -9999 -9999 -9999 -9999 224 224.2857 223.4 -9999 -9999 -9999 -9999 -9999 230.6818 232.3 233.61 235.21 236.47 237.35 238.11 239.42 239.82 239.25 238.15 237.56 235.53 234.62 233.69 232.69 231.74 230.58 229.66 228.97 228.49 227.29 227.43 227.56 226.15 225.31 224.32 223.09 222.72 222.47 221.64 220.24 220.36 219.95 219.84 218.58 217.98 217.54 217.54 216.73 216.43 217.05 217.78 218.53 218.35 219.14 220.21 221.33 222.45 224.27 227 227.36
-9999 -9999 -9999 -9999 -9999 -9999 -9999 218.8889 220.7115 222.56 223.2586 223.2807 223.5 225.2097 225.3889 226.6154 226.9091 227.5854 228 -9999 -9999 230 230.9 232.4479 234.03 235.15 235.85 236.58 237.64 238.15 238.9 238.6 238.5 237.71 235.77 234.1 233.42 232.57 231.1 230.43 229.37 228.57 227.47 227.04 226.92 226.36 226 225.67 225.44 224.52 223.74 221.86 222.02 220.49 220.53 220.09 218.99 218.88 218.41 218.6 218.96 218.28 218.17 217.58 217.48 218.35 218.77 220.49 221.55 222.46 223.85 226.5 228.6 228.42
-9999 -9999 -9999 -9999 -9999 -9999 -9999 219.1935 222.26 223.96 226.03 227.56 228.51 228.69 229.42 229.95 229.6 229.44 228.9896 229.5977 229.9059 230.6737 231.9 233.07 234.14 234.93 235.3 236 236.88 237.92 238.66 238.32 237.24 235.85 234.88 233.99 232.89 231.94 231.04 229.62 228.94 227.39 226.8 225.75 225.09 225.81 225.14 224.47 224.59 224.24 224.2 222.94 222.25 222.72 220.36 219.07 218.95 218.64 218.65 218.84 219.13 218.67 220.57 220.47 220.66 220.65 219.71 222.37 223.35 225.18 227.04 227.05 226.43 226.5
-9999 -9999 -9999 -9999 -9999 -9999 -9999 219.9412 221.56 223.98 226.64 228.56 230.05 231.82 233 233.15 232.61 232.01 231.14 231.59 231.36 232.12 232.7 233.23 234.69 235.65 235.55 236.29 236.67 237.6 238.13 237.04 235.62 235.06 234.75 234.01 233.15 232.16 231.09 229.65 228.07 226.76 225.63 224.99 224.52 224.22 223.93 223.56 223.4 223.48 223.53 223.26 223.18 222.66 220.77 220.06 220.29 219.37 220.24 221.9 220.81 221.08 221.64 220.28 221.36 222.77 221.28 221.87 225.85 227.45 228.8 227.55 226.28 228.29
-9999 -9999 -9999 -9999 -9999 -9999 221 220.4773 221.6667 223.7303 225 227.0323 229.1471 231.3 232.96 233.2 232.77 232.41 231.98 232.34 232.59 232.71 233.83 234 233.94 234.42 235.11 235.83 235.55 236.02 235.44 235.5 235.94 235.01 233.76 233.33 232.82 231.77 230.17 228.01 227.02 225.48 225.08 224.96 224.69 223.91 223.2 222.95 222.76 223.04 223.32 223.05 223.31 222.05 221.66 221.51 221.54 219.99 221.7 222.83 225.82 227.22 225.56 223.26 224.49 227.84 225.42 225.93 224.73 226.6 227.16 226.6 230.55 230.05
-9999 -9999 -9999 -9999 -9999 220 219.76 220.9375 -9999 225.7143 229.2778 228.2394 229.5258 231.71 234.08 234.93 234.92 233.98 233.86 233.29 232.71 232.75 232.85 232.86 233.41 233.92 233.95 234.07 234.16 234.45 234.39 233.97 233.55 232.99 232.43 231.68 230.55 229.61 228.8 228.14 227.99 227.17 226.8 225.52 224.17 223.68 223.34 223.58 223.1 223.2 224.72 224.8 224.25 224.55 224.17 221.72 220.23 220.89 222.03 221.65 225.48 229.41 227.59 226.81 225.82 226.73 227.2 227.32 227.92 227.65 228.43 230.96 231.74 234.27
-9999 -9999 -9999 -9999 219 219.6818 -9999 223.871 225.7159 229.1848 231.02 231.43 231.76 232.67 233.84 234.29 234.77 234.7 234.98 234.52 233.77 233.42 232.72 233.28 233.76 233.92 234.18 234.25 233.76 233.68 234.04 234.72 234.32 233.42 232.3 231.22 230.38 230.52 229.85 229.93 232.16 232.6 229.65 226.84 225.86 225.43 224.41 223.95 223.91 224.37 223.93 223.78 223.46 223.22 221.45 220.7 221.03 221.82 221.71 222.6 223.44 224.38 225.32 226.48 227.22 228.19 227.68 227.02 228.2 228.14 227.71 229.64 232.13 235.92
-9999 -9999 217.6667 218.7273 219 221.1795 223.0714 225.97 230.68 234.47 236.46 237.32 239.09 239.13 236.67 236.2 235.93 236.55 235.34 233.96 233.15 232.84 232.42 232.28 233.01 233.6 233.34 233.53 233.34 234.22 236.15 236.7 234.01 232.27 232.13 232.23 232.74 232.93 233.92 233.87 234.12 235.94 235.38 233.03 230.6 228.05 225.14 224.53 224.56 224.72 223.26 223.26 222.87 221.33 220.61 221.32 221.2 224.52 226.31 225.61 225.56 225.96 226.43 227.16 226.56 227.72 226.85 226.46 227.15 227.85 228.59 230.31 232.26 233.63
214.5652 216 218.35 222 221.8529 223.73 224.57 228.96 232.82 236.15 237.69 240.12 241.92 244.55 243 239.41 238.43 239.07 236.81 234.84 234.09 233.61 233.6 232.9 233.01 233.96 233.67 233.85 235.4 237.3 236.38 235.35 234.12 233.3 233.79 234.86 235.08 235.57 234.64 233.02 234.21 235.51 236.21 231.47 228.3 226.16 225.82 224.28 224.87 225.39 226.18 224.9 222.95 222.32 223 221.67 221.12 223.08 225.67 226.13 224.22 225.19 226.37 226.72 227.02 226.94 225.95 227.25 228.04 228.6 229.7 231.24 232.29 233.85
215.9355 225.5968 228.8788 228.6 224.51 226.33 227.51 231.07 235.34 235.22 236.57 238.57 240.07 242.23 240.56 238.83 239.38 236.6 235.16 233.77 232.78 232.13 232.24 232.12 232.57 232.62 233.34 233.34 236.35 235.42 233.19 233.01 233.3 235.26 235.11 237.04 237.15 233.99 235.29 233.69 235.33 235.49 231.67 228.76 228.79 229.36 226.58 226.55 226.65 227.57 225.89 227.09 222.72 222.68 223.12 222.25 221.78 223.33 223.32 223.61 224.36 225.56 225.75 226.24 226.63 227.41 227.75 228.75 229.33 229.6 229.72 230.7 231.94 232.78
217.4479 228.03 234.55 232.22 227.81 226.93 228.93 229.61 232.41 234.46 236.5 236.62 238.7 240.55 237.73 237.29 237.12 235.99 235.01 233.62 232.29 231.7 231.14 231.62 232.21 232.84 234.22 234.63 234.27 234.62 234.23 233.93 234.4 234.35 234.54 238.67 237.15 233.32 233.13 231.75 231.49 231.14 229.45 227.89 226.96 225.06 224.33 225 225.69 226.09 225.75 225.55 223.71 223.68 221.83 219.89 220.24 220.42 221.23 222.44 222.82 223.71 225.28 227.23 228.61 229.66 228.36 227.74 229.54 230.67 230.55 231.83 231.78 232.36
218.21 221.45 225.88 226.32 227.77 228.68 229.42 230.03 230.2 232.51 234 235.46 236.18 236.27 236.98 237.61 239.02 237.43 237.59 235.98 232.79 235.76 234.93 231.24 232.92 234.55 235.01 233.8 232.48 232.87 233.44 232.01 234.6 234.44 230.61 231.32 233.48 231.93 230.49 228.52 227.45 226.86 225.37 223.4 222.1 221.25 221.69 222.12 222.76 223.21 222.92 222.22 220.96 220.26 219.74 220.77 220.43 218.78 219.18 220.2 221.32 223.88 224.91 226.15 228.17 228.29 229.18 228.54 228.82 229.4 230.99 231.67 231.34 232.58
217.81 220.1 222.49 225.93 229.49 231.01 234.81 236.89 235.21 233.38 235.76 236.42 236.4 237.52 238.92 237.72 238.62 240.09 239.92 238.16 233.79 233.79 235.32 233.16 233.24 233.49 233.26 232.53 231.42 231.28 231.41 230.71 229.99 229.88 229.11 228.53 228.46 228.3 226.62 226.17 224.71 223.71 222.41 221.8 220.19 219.71 220.3 220.11 220.84 220.84 220.88 219.28 218.8 217.95 217.38 216.95 216.81 217.55 219.29 220.41 221.09 222.85 223.63 224.39 225.18 226.26 227.94 228.5 228.26 228.02 229.59 231.94 230.76 231.97
219.3 224.55 227.92 230.94 232.58 234.33 235.98 235.91 235.19 236.72 235.53 237.76 236.77 237.46 240.24 240.51 238.98 238.75 238.25 239.34 237.77 237.35 236.17 234.58 235.7 234.59 231.96 231.73 230.32 229.47 229.29 229.34 229.93 227.85 227.01 225.53 225.85 225.13 223.85 223.56 223.65 222.1 220.21 218.59 218.5 218.93 218.79 218.73 218.47 218.61 217.63 216.89 215.94 215.26 214.37 214.43 216.22 216.94 217.84 219.07 219.82 221.55 222.86 223.5 224.68 225.38 225.78 227.15 228.16 227.58 229.73 231.08 230.79 231.1
223.41 226.4 228.33 229.74 231.6 231.83 232.31 233.85 233.61 234.32 235.4 239.05 236.93 237.38 238.42 237.49 237.48 236.45 235.47 236.44 236.33 235.81 234.58 233.25 233.1 231.83 229.21 227.97 227.96 227.92 227.95 228.23 226.59 226.06 225.13 223.96 223.37 222.32 221.48 220.75 221.07 220.34 218.36 216.92 217.12 217.24 216.85 216.83 216.8 215.97 215.4 214.69 213.71 212.37 213.35 214.13 214.6 214.97 216.11 216.84 218.59 219.92 220.85 222.76 224.73 225.76 226.36 227.51 227.28 227.58 229.56 229.1 228.91 228.76
224.18 226.87 227.71 228.29 230 230.02 231.82 233.78 232.98 233.14 234.26 236.41 237.26 235.92 236.24 234.96 234.46 234.24 235.97 235.27 234.92 232.78 232.44 231.86 231.59 229.75 228.23 226.52 226.17 225.33 224.95 224.88 224.77 223.77 223.49 223.31 221.17 220.21 219.41 218.6 218.12 217.9 216.33 215.52 215.25 215.59 215.17 215.3 214.68 215.04 214.36 216.18 216.6 212.61 211.13 211.11 212.4 212.95 214.31 215.83 216.95 219.02 221.18 222.88 224.08 224.94 225.15 225.89 227.71 227.88 228.06 228.28 228.26 228.4
223.67 225.15 227.1 227.53 228.66 228.9 229.56 230.67 231.28 234.41 235.26 234.74 235.48 235.24 235.93 235.28 234.06 234.33 233.65 232.45 232.51 231.71 230.69 228.99 228.21 227.32 225.61 225.62 224.93 223.44 222.53 223.14 222.88 222.78 222.82 223.03 219.85 218.88 218.15 217.08 216.44 215.67 215 214.41 214.47 214.43 213.79 214.04 213.44 212.75 213.11 214.9 214.05 210.48 210.96 210.78 210.08 210.85 211.93 213.92 215.89 218.2 220.61 222.86 224.36 225.26 226.61 226.41 226.22 226.94 228.05 229.51 228.79 229.09
222.34 223.33 225.06 225.43 226.36 228.04 230.84 234.85 232.78 233.26 235.22 236.09 235.9 235.44 234.93 233.15 231.81 230.81 230.71 230.64 230.79 229.46 228.75 227.4 226.09 225.85 224.73 224.68 223.52 221.96 221.28 222.74 222.27 222.34 221.91 220.28 219.74 218.03 216.22 215.44 214.78 213.98 213.37 212.44 212.83 213.51 216.34 216.65 214.66 212.83 214.13 214.36 211.96 210.21 211.4 209.26 208.95 209.75 210.44 211.99 214.73 217.6 219.62 222.11 224.21 226.66 227.28 225.95 225.66 226.86 227.02 227.65 228.69 229.42
220.46 222.6 224.06 224.59 225.5 230.14 235.5 239.69 235.26 235.04 234.96 234.98 234.38 232.63 232 231.1 229.91 229.04 227.78 227.56 226.77 225.82 224.92 224.4 224.43 222.91 222.03 222.09 220.68 220.18 219.93 220.73 221.48 223.4 221.67 218.48 217.97 216.66 215.37 214.07 213.48 212.71 212.7 213.03 212.51 213.29 214.44 216.02 214.8 213.63 213.5 213.15 213.75 213.96 213.08 209.58 207.21 208.01 210.24 211.47 213.66 215.47 217.52 219.94 221.57 223.72 225.36 225.16 225.31 226.57 227.75 229.98 230.08 229.96
219.89 221.88 223.8 223.36 225.11 228.34 232.43 232.96 232.41 234.86 234.67 233.87 233.41 231.8 230.59 229.46 227.85 226.16 225 224.32 223.22 223.17 222.21 221.5 221 219.84 219.55 218.56 217.87 217.84 218.07 218.88 219.87 219.71 220.48 217.65 215.7 214.67 213.85 213.58 213.86 215.74 215.38 215.83 213.22 212.69 213.59 213.87 214.55 213.02 214.4 212.19 213.91 212.69 210.24 207.8 207.16 208.86 210.58 211.35 212.61 214.97 216.33 217.94 219.53 221.26 222.39 224.06 225.36 226.51 228.56 231.49 232.85 234.92
218.82 220.63 221.09 224.4 224.84 225.95 227.6 227.9 229.51 230.36 230.72 231.64 231.15 230.55 230.46 226.84 224.46 223.51 222.55 221.37 220.69 219.98 219.42 218.81 217.74 217.26 217.32 216.8 216 215.47 215.72 216.19 216.74 217.47 219.11 217.64 215.85 213.2 211.67 212.16 214.2 214.32 212.84 212.56 212.4 212.56 214.17 213.73 212.25 212.17 212.82 213.81 212.98 210.17 207.87 207.6 208.78 210.15 211.24 212.57 213.28 215.16 216.41 217.9 219.49 220.86 222.22 223.82 225.44 226.88 229.31 231.97 234.41 235.85
217.98 218.39 218.63 220.14 223.88 225.4 224.73 225.81 227.28 228.02 227.53 227.4 227.29 228.43 225.89 222.72 224.63 221.1 219.39 218.22 217.15 216.63 216.19 216.22 215.46 214.63 214.7 214.46 214.15 214.13 213.75 214.59 215.64 216.83 217.02 216.97 215.39 212.13 211 211 211.86 211.49 210.83 211.31 214.09 212.99 211.77 212.16 211.71 212.08 212.41 212.04 212.48 210.89 208.31 211.84 214.05 213.15 212.42 214.74 215.78 216.48 220.7 220.83 220.67 220.48 223.35 223.75 225.12 226.84 228.44 230.9 234.48 235.87
