taller 1/variables/bioclim4.asc
ncols         720
nrows         300
xllcorner     -30.008325510658
yllcorner     30.991671412252
cellsize      0.083333337679505
NODATA_value  -9999
[rows 128 to 159 of 300, columns 504 to 575 of 720]
7242.86 7184.9 7134.162 7042.909 -9999 -9999 -9999 -9999 -9999 -9999 -9999 -9999 -9999 -9999 -9999 -9999 -9999 -9999 6296.5 6293.988 6279.89 6279.81 6272.64 6256.51 6262.77 6255.84 6315.82 6279.976 -9999 6279.2 6316.114 6424.051 6518.98 6507.18 6549.12 6555.88 6642.67 6743.39 6800.46 6842.67 6873.2 6921.95 6956.25 6989.18 7023.65 7056.59 7091.75 7113.81 7146.34 7179.68 7203.43 7213.64 7212.32 7245.61 7245.96 7241.31 7230.37 7221.67 7206.84 7187.34 7177.6 7165.09 7150.94 7155.27 7163.81 7177.02 7169.51 7200.75 7226.76 7269.07 7277.31 7280.48
7266.53 7202.31 7144.13 7076.873 7044 -9999 -9999 -9999 -9999 -9999 -9999 -9999 -9999 -9999 -9999 -9999 -9999 -9999 -9999 6284.987 6268.37 6267.31 6253.97 6252.54 6240.07 6218.15 6253.867 6214.2 6227.667 -9999 6230.683 6274.583 6405.321 6518.68 6537.67 6546.2 6666.85 6725.46 6766.93 6808.83 6845.86 6878.46 6906.4 6938.49 6959.88 6992.72 7020.23 7046.31 7080.19 7097.77 7114.24 7117.29 7154.62 7180.06 7193.09 7190.4 7187.38 7189.3 7178.59 7172.49 7167.01 7164.04 7168.42 7178.29 7187.96 7198.19 7214.04 7230.35 7246.49 7250.73 7268.48 7282.39
7273.15 7206.29 7160.2 7091.957 7046.3 -9999 -9999 -9999 -9999 -9999 -9999 -9999 -9999 -9999 -9999 -9999 -9999 -9999 -9999 6283.488 6264.537 6252.55 6229.86 6245.33 6222.83 6220.71 6226.28 6234.386 6234.283 6202.167 6230.952 6275.66 6296.75 6416.588 6532.872 6581.46 6647.09 6693.92 6739.7 6783.64 6820.15 6847.2 6870.63 6892.61 6911.16 6933.49 6954.37 6984.55 7011.75 7037.72 7067.29 7102.55 7129.75 7146.13 7137.27 7147.32 7158.82 7155.26 7151.42 7148.95 7149.97 7163.84 7184.83 7187.07 7198.43 7209.03 7216.06 7215.87 7223.47 7267.51 7277.91 7292.92
7294.65 7221.14 7153.81 7091.27 7026.441 6992.069 -9999 -9999 -9999 -9999 -9999 -9999 -9999 -9999 -9999 -9999 -9999 -9999 -9999 6271 6252.836 6236.06 6230.67 6226.42 6198.813 6214.505 6165.25 6230 6243.792 6200.091 6222.708 6272.583 6356.649 6389.519 6498.258 6584.49 6643.95 6691.98 6740.18 6753.06 6794.73 6836.58 6858.18 6864.4 6863.17 6872.62 6898.7 6923.76 6950.02 6979.67 7009.88 7046.13 7074.37 7088.31 7106.68 7118.82 7121.43 7108.24 7073.3 7079.76 7121.41 7158.41 7171.85 7191.07 7203.04 7203.98 7221.81 7217.05 7219.32 7243.11 7266.78 7282.61
7298.64 7234.16 7156.71 7097.59 7034.61 6971.57 6919.061 -9999 -9999 -9999 -9999 -9999 -9999 -9999 -9999 -9999 -9999 -9999 -9999 -9999 -9999 6232.268 6218.25 6204.5 6197.859 6195.689 6189.5 6195 6195.464 6215.108 6214.923 6276.818 6346.375 6364.341 6402 6536.245 6603.01 6670.23 6722.15 6756.73 6780.64 6796.64 6822.71 6845.63 6822.21 6819.47 6832.78 6867.31 6895.55 6924.36 6958.52 6990.59 7020.25 7045.68 7063.22 7082.42 7093.7 7111.91 7115.5 7084.01 7086.22 7126.8 7157.92 7183.58 7185.96 7202.36 7214.15 7228.63 7236.79 7255.79 7261.64 7268.54
7301.12 7229.22 7166.13 7100.193 7033.703 6960.091 6923.5 -9999 -9999 -9999 -9999 -9999 -9999 -9999 -9999 -9999 -9999 -9999 -9999 -9999 -9999 6229.533 6206.326 6195.61 6192.333 -9999 -9999 6179.5 6208.612 6213.211 -9999 -9999 6285.688 6323.591 6403.8 6522.33 6525.55 6652.63 6715.05 6748.74 6790.05 6781.44 6776.82 6842.14 6819.79 6763.83 6764.77 6823.39 6852.46 6877.46 6910.93 6946.15 6970.38 6996.57 7016.38 7037.77 7065.65 7085.58 7104.35 7114.58 7127.12 7145.13 7168.08 7187.18 7192.76 7203.69 7212.15 7226.72 7239.51 7245.76 7251.71 7264.96
7302.78 7227.27 7161.81 7115.539 7034.714 7000.333 -9999 -9999 -9999 -9999 -9999 -9999 -9999 -9999 -9999 -9999 -9999 -9999 -9999 -9999 -9999 -9999 6199.077 6189.429 6196.5 -9999 -9999 6149 6195.76 6200.522 -9999 -9999 6277.539 6330.367 6406.939 6438.15 6436.25 6623.5 6712.36 6754.29 6790.18 6763.39 6779.97 6798.81 6788.54 6729.27 6744.66 6770.53 6804.3 6828.12 6873.41 6891.08 6922.4 6951.63 6976.24 7016.58 7038.88 7037.31 7066.62 7099.11 7110.41 7131.68 7159.86 7171.77 7183.24 7200.1 7214.32 7224.18 7233.79 7248.37 7259.36 7264.97
7274.69 7214.34 7149.7 7115 -9999 -9999 -9999 -9999 -9999 -9999 -9999 -9999 -9999 -9999 -9999 -9999 -9999 -9999 -9999 -9999 -9999 -9999 -9999 -9999 -9999 -9999 -9999 6147.778 6184.082 6192.795 6192.5 -9999 6265 6293.364 6340.862 6454.804 6432.4 6599.38 6717.53 6774.18 6827.91 6820.14 6748.52 6788.29 6795.23 6779.15 6702.77 6778.14 6795.96 6791.01 6818.92 6786.98 6746.12 6867.35 6925.54 6961.49 7010.49 7018.31 7036.45 7045.49 7069.14 7109.83 7124.86 7152.37 7180.11 7183.28 7209.34 7216.41 7225.95 7245.2 7255.21 7262.58
7253.47 7183.88 7118.89 7071.372 -9999 -9999 -9999 -9999 -9999 -9999 -9999 -9999 -9999 -9999 -9999 -9999 -9999 -9999 -9999 -9999 -9999 -9999 -9999 -9999 -9999 -9999 6172 6160.417 6180.729 6180 6193.737 -9999 -9999 6279.588 6307.586 6412.434 6498.05 6543.81 6687.69 6791.97 6839.97 6842.16 6742.32 6784.18 6800.04 6693.83 6651.94 6770.55 6770.32 6777 6813.72 6825.36 6768.67 6770.6 6731.73 6906.45 6976.1 6988.26 6942.97 6956.14 6962.26 7072.75 7079.21 7110.13 7168.78 7165.51 7140.92 7164.18 7228.93 7247.87 7252.14 7255.12
7203.91 7150.97 7092.44 7050.451 -9999 -9999 -9999 -9999 -9999 -9999 -9999 -9999 -9999 -9999 -9999 -9999 -9999 -9999 -9999 -9999 -9999 -9999 -9999 -9999 -9999 -9999 -9999 6137.667 6169 6174 6189.267 -9999 -9999 -9999 6285.826 6314.014 6393.679 6575.703 6610.7 6763.26 6836.92 6833.69 6786.84 6765.58 6761.14 6743.25 6661.09 6730.67 6756.78 6764.84 6740.49 6715.03 6806.22 6804.1 6752.63 6842.94 6899.07 6973.01 6968.27 6921.65 6857.39 6997.71 7011.46 6947.22 7041.18 7074.83 7140.71 7032.06 7142.34 7214.75 7244.61 7227.52
7147.73 7102.73 7047.96 7010.732 -9999 -9999 -9999 -9999 -9999 -9999 -9999 -9999 -9999 -9999 -9999 -9999 -9999 -9999 -9999 -9999 -9999 -9999 -9999 -9999 -9999 -9999 -9999 -9999 -9999 -9999 6181.786 -9999 -9999 6211.25 6249 6294.39 6317.279 6359.705 6524.065 6598.72 6666.41 6723.84 6757.92 6743.68 6728.59 6716.25 6666.07 6685.19 6678.18 6745.56 6749.63 6705.97 6703.39 6644.62 6655.5 6711.91 6782.38 6837.92 6917.8 6877.24 6917.16 7041.43 7076.48 6983.18 7005.82 6945.77 7033.64 7000.84 6974.37 7150.63 7083.68 7127.95
7094.38 7048.32 7003.21 6963.55 6922 -9999 -9999 -9999 -9999 -9999 -9999 -9999 -9999 -9999 -9999 -9999 -9999 -9999 -9999 -9999 -9999 -9999 -9999 -9999 -9999 -9999 -9999 -9999 -9999 -9999 -9999 6157 6188.571 6204.131 -9999 6237 6268.111 6269.724 6280 6482.475 6557.558 6552.9 6577.23 6689.12 6694.54 6681.28 6695.97 6674.27 6646.58 6714.57 6729.23 6698.81 6766.83 6694.07 6642.15 6668.06 6686.93 6803.98 6903.24 6826.33 6773.44 6948.84 7037.38 7101.57 6968.76 6889.36 6795.1 6693.22 6706.57 6884.59 7093.24 7176.34
7021.6 6979.49 6931.34 6897.98 6879.814 -9999 -9999 -9999 -9999 -9999 -9999 -9999 -9999 -9999 -9999 -9999 -9999 -9999 -9999 -9999 -9999 -9999 -9999 -9999 -9999 -9999 -9999 -9999 -9999 -9999 -9999 6157.6 6166.167 6175.571 -9999 -9999 6226.923 6215.811 6221.171 6241.129 6279.372 6412.2 6530.708 6583.97 6646.12 6643.6 6642.67 6654.79 6664.33 6633.52 6642.93 6634.08 6594.06 6654.37 6732.55 6659.44 6577.82 6619.79 6789.02 6834.8 6926.16 6981.07 6837.38 7014.59 6864.67 6830.62 6854.05 6612.19 6824.48 6951.85 7052.41 7065.35
6932.14 6905.94 6873.42 6847.23 6820.087 6795.857 -9999 -9999 -9999 -9999 -9999 -9999 -9999 -9999 -9999 -9999 -9999 -9999 -9999 -9999 -9999 -9999 -9999 -9999 -9999 -9999 -9999 -9999 -9999 -9999 -9999 -9999 -9999 6163.5 6164.964 6168.539 6131 6173.167 6178.421 6189.2 6225.64 6280.526 6322.639 6405.055 6474.48 6525.01 6565.4 6615.94 6642.27 6623.85 6650.65 6648.95 6652.78 6630.85 6589.01 6582.08 6671.12 6670.6 6537.22 6599.29 6725.13 6841.77 6865.35 6789.79 7000.37 6926.25 6895.82 7045.2 7184.22 7170.68 7173.26 7161.93
6818.52 6809.52 6796.6 6790.91 6781.12 6765.041 6747.111 6718 -9999 -9999 -9999 -9999 -9999 -9999 -9999 -9999 -9999 -9999 -9999 -9999 -9999 -9999 -9999 -9999 -9999 -9999 -9999 -9999 -9999 -9999 -9999 -9999 -9999 6114 6140.304 6148.1 6149.182 6139.838 6131.25 6144.286 6152.29 6247.01 6334.63 6366.913 6516.28 6530.3 6526.64 6553.49 6602.54 6631.55 6649.3 6623.1 6548.71 6607.52 6582.43 6565.46 6517.56 6673.38 6649.91 6565.25 6473.58 6597.07 6714.34 6655.14 7029.41 7154.91 6851.99 6933.76 6904.93 7083.34 7155.89 7110.31
6695.37 6711.53 6714.67 6708.95 6720.99 6724.62 6714.56 6693.985 6665.2 -9999 -9999 -9999 -9999 -9999 -9999 -9999 -9999 -9999 -9999 -9999 -9999 -9999 -9999 -9999 -9999 -9999 -9999 -9999 -9999 -9999 -9999 -9999 -9999 -9999 -9999 6156.25 6125.946 6118.32 6124.519 6110.457 6140.218 6178.65 6268.07 6359.35 6426.8 6484.91 6510.64 6540.44 6560.55 6594.94 6615.27 6638.84 6578.34 6564.21 6364.13 6661.9 6576.6 6493.53 6612.32 6499.48 6491.15 6561.64 6601.92 6536.25 6795.26 7100.33 6933 6711.16 6673.89 6540.19 6846.2 6991.49
6519.46 6582.48 6618.7 6634.1 6659.86 6659.92 6665.79 6654.49 6620.62 6572.972 6519.154 6463.25 -9999 -9999 -9999 -9999 -9999 -9999 -9999 -9999 -9999 -9999 -9999 -9999 -9999 -9999 -9999 -9999 -9999 -9999 -9999 -9999 -9999 -9999 -9999 -9999 6134.857 6103.84 6085.737 6118.818 6134.661 6160.8 6211.05 6308.41 6360.37 6412.9 6473.29 6504.62 6529.26 6562.77 6584.16 6605.54 6613.43 6637.45 6432.77 6463.88 6640.91 6559.8 6433.71 6550.39 6451.43 6472.14 6562.78 6564.74 6603.24 6741.39 6939.9 6753.83 6292.38 6467.11 6719.5 6946.66
6414.39 6482.37 6505.12 6539.7 6507.47 6574.88 6611.28 6604.85 6579.8 6545.75 6494.83 6454.093 6392.267 -9999 -9999 -9999 -9999 -9999 -9999 -9999 -9999 -9999 -9999 -9999 -9999 -9999 -9999 -9999 -9999 -9999 -9999 -9999 -9999 -9999 -9999 -9999 -9999 6072.333 6088.8 6099.703 6099 6150.2 6191.267 6251.185 6321.79 6373.65 6423.179 6459.705 6498.53 6528.42 6554.64 6577.71 6526.57 6615.96 6599.74 6496.6 6497.31 6566.24 6585.98 6584.15 6483.91 6397.76 6558.11 6545.25 6551.09 6443.27 6631.06 6738.65 6637.39 6438.75 6533.04 6711.56
6289.12 6312.76 6431.39 6370.27 6459.5 6549.04 6564.32 6559.73 6547.49 6523.83 6493.7 6433.17 6384.71 6339.077 6281.571 -9999 -9999 -9999 -9999 -9999 -9999 -9999 -9999 -9999 -9999 -9999 -9999 -9999 -9999 -9999 -9999 -9999 -9999 -9999 -9999 -9999 -9999 -9999 -9999 6090.923 6095.714 6101.25 -9999 6218.969 6279.071 6327.755 6368.567 6426.045 6453.273 6484.62 6519.04 6539.7 6547.89 6470.81 6550.92 6628.38 6573.93 6475.29 6550.2 6571.89 6574.47 6483.58 6556.2 6528.28 6410.74 6522.29 6751.65 6881.42 6851.6 6767.16 6699.36 6477.21
6319.22 6308.51 6357.59 6390.47 6463.42 6502.14 6515.39 6520.67 6506.6 6495.02 6459 6432.19 6383.56 6335.97 6273.457 6218.543 6146 -9999 -9999 -9999 -9999 -9999 -9999 -9999 -9999 -9999 -9999 -9999 -9999 -9999 -9999 -9999 -9999 -9999 -9999 -9999 -9999 -9999 -9999 -9999 -9999 6106 6092 6170.2 6210.118 6252.8 6315.326 6356.955 6383.37 6425.61 6461.53 6501.71 6525.36 6528.48 6514.24 6583.44 6620.28 6543.82 6382.47 6465.37 6540.99 6481.43 6569.69 6592.28 6421.88 6344.73 6325.42 6539.11 6844.22 6898.49 6939.79 6853.07
6267.78 6301.58 6305.19 6363.56 6414.56 6448.92 6467.49 6484.2 6480.69 6473.77 6467.41 6425.77 6386.56 6333.83 6310.51 6219.96 6162.149 6229.629 6225.355 -9999 -9999 -9999 -9999 -9999 -9999 -9999 -9999 -9999 -9999 -9999 -9999 -9999 -9999 -9999 -9999 -9999 -9999 -9999 -9999 -9999 -9999 -9999 -9999 6170.333 6183.143 -9999 -9999 6271.205 6321.66 6378.97 6394.25 6439.12 6484.39 6510.49 6515.38 6553.12 6557.24 6538.77 6477.43 6470.41 6513.41 6506.96 6499.12 6548.89 6461.09 6353.26 6301.21 6180.31 6626.22 6778.41 6487.61 6751.63
6203.88 6240.72 6298.57 6346.14 6377.98 6403.79 6375.84 6434.2 6454.15 6464.62 6463.17 6448.43 6410.46 6371.33 6332.23 6271.29 6280.62 6315.96 6249.21 6272.333 -9999 -9999 -9999 -9999 -9999 -9999 -9999 -9999 -9999 -9999 -9999 -9999 -9999 -9999 -9999 -9999 -9999 -9999 -9999 -9999 -9999 -9999 -9999 -9999 -9999 -9999 -9999 6177.854 6206.102 6207.031 6280.367 6185.369 6252.231 6379.69 6443.191 6425.52 6464.55 6489.38 6481.33 6483.7 6490.57 6493.13 6531.53 6501.32 6477.91 6442.68 6391.93 6511.13 6693.08 6634.77 6246.92 6213.66
6210.13 6231.86 6274.01 6319.42 6365.97 6394.42 6404.99 6429.72 6365.34 6445.4 6462.27 6468.82 6449.22 6442.56 6402.46 6376.2 6345.62 6307.01 6276.73 6233.247 6232.625 -9999 -9999 -9999 -9999 -9999 -9999 -9999 -9999 -9999 -9999 -9999 -9999 -9999 -9999 -9999 -9999 -9999 -9999 -9999 -9999 -9999 -9999 -9999 -9999 -9999 -9999 -9999 6051.714 6041.633 5993.167 6066.444 6210.125 -9999 6391 6413.522 6385.274 6405.12 6423.21 6450.69 6456.06 6507.69 6533.98 6552.66 6536.14 6494.51 6504.44 6483.66 6514.73 6673.21 6790.69 6494.01
6201.91 6221.37 6244.07 6297.72 6346.95 6384.48 6400.8 6420.63 6418.65 6427.71 6464.67 6461.94 6455 6491.21 6498.9 6436.87 6407.25 6365.03 6331.85 6285.71 6240.32 -9999 -9999 -9999 -9999 -9999 -9999 -9999 -9999 -9999 -9999 -9999 -9999 -9999 -9999 -9999 -9999 -9999 -9999 -9999 -9999 -9999 -9999 -9999 -9999 -9999 -9999 -9999 -9999 -9999 6003 6019.302 6030.469 6126.848 6217.535 6241.547 6238.38 6238.667 6325.4 6343.116 6324.4 6410.71 6474.1 6520.87 6555.3 6588.01 6640.51 6678.35 6627.54 6693.61 6686.89 6395.48
6188.03 6231.23 6253.42 6303.43 6330.66 6381.43 6405.11 6424.44 6443.89 6430.19 6450.6 6473.8 6478.57 6491.66 6504.75 6467.78 6430.07 6411.92 6352.67 6304.31 6256.417 6226.333 -9999 -9999 -9999 -9999 -9999 -9999 -9999 -9999 -9999 -9999 -9999 -9999 -9999 -9999 -9999 -9999 -9999 -9999 -9999 -9999 -9999 -9999 -9999 -9999 -9999 -9999 -9999 -9999 -9999 -9999 -9999 6027.609 6180.46 6227.831 6233.938 6244.137 6225.146 6284 6293.259 6283.58 6375.05 6394.85 6474.34 6522.46 6569.8 6587.05 6631.15 6673.89 6662.54 6481.88
6145.38 6209.74 6264.11 6311.44 6346.15 6357.4 6407.34 6427.31 6453.5 6438.9 6431.78 6464.16 6492.94 6506.74 6508.49 6500.21 6473.58 6427.11 6378.74 6345.05 6289.37 6235.864 -9999 -9999 -9999 -9999 -9999 -9999 -9999 -9999 -9999 -9999 -9999 -9999 -9999 -9999 -9999 -9999 -9999 -9999 -9999 -9999 -9999 -9999 -9999 -9999 -9999 -9999 -9999 -9999 -9999 -9999 5742.539 5862.195 5950.229 5936.25 5943.45 5966.5 6052 -9999 -9999 6304.921 6321.989 6362.58 6393.58 6444.43 6491.79 6533.82 6563.97 6582.72 6589.87 6501.34
6163.27 6205.39 6256.76 6300.03 6350.97 6352.19 6386.54 6438.49 6450.96 6467.63 6410.96 6409.84 6506.17 6525.31 6490.33 6538.27 6530.16 6471.06 6426.03 6354.37 6318.93 6262.333 6217.9 -9999 -9999 -9999 -9999 -9999 -9999 -9999 -9999 -9999 -9999 -9999 -9999 -9999 -9999 -9999 -9999 -9999 -9999 -9999 -9999 -9999 -9999 -9999 -9999 -9999 -9999 5731 5697.25 -9999 -9999 -9999 5996.077 6030.441 5983.963 6053.325 6088.977 6150.825 6156.594 6202.125 6209 6308.258 6323.035 6352.49 6396.51 6432.62 6458.15 6485.16 6497.18 6477.21
6202.02 6250.49 6279.03 6303.77 6329.16 6355.69 6369.27 6393.55 6424.28 6453.43 6454.28 6411.41 6501.85 6465.35 6404.36 6530.83 6538.39 6501.65 6467.33 6404.34 6332.85 6298.81 6228.595 -9999 -9999 -9999 -9999 -9999 -9999 -9999 -9999 -9999 -9999 -9999 -9999 -9999 -9999 -9999 -9999 -9999 -9999 -9999 -9999 -9999 5821 5869 -9999 -9999 5782.167 5841.029 5764.78 5719.4 -9999 -9999 -9999 -9999 -9999 -9999 -9999 -9999 6063.97 6126.79 6153.581 6158.143 6284.5 6286.606 6303.424 6334.51 6357.18 6385.58 6390.73 6400.38
6263.97 6308.01 6339.53 6318.44 6338.89 6392.15 6422 6399.08 6417.38 6445.99 6446.13 6392.89 6390.49 6417.19 6120.81 6350.25 6546.9 6538.35 6505.75 6436.24 6348.22 6282.1 6206.167 -9999 -9999 -9999 -9999 -9999 -9999 -9999 -9999 -9999 -9999 -9999 -9999 -9999 -9999 -9999 -9999 -9999 -9999 -9999 -9999 -9999 -9999 -9999 -9999 -9999 5745.333 -9999 -9999 -9999 -9999 -9999 -9999 5769.5 5821.794 5874.338 5929.516 5984.132 6037.793 6044.39 6088.207 6157.696 6171.973 6165.257 6238.281 6248.043 6268.76 6275.67 6296.85 6292.01
6266.89 6336.62 6376.79 6388.28 6352.49 6406.77 6435.76 6441.61 6411.06 6399.46 6411.99 6481.11 6462.23 6319.57 6126.28 6213.18 6530.72 6527.11 6451.22 6369.3 6288.77 6241.31 6182.54 6112.071 -9999 -9999 -9999 -9999 -9999 -9999 -9999 -9999 -9999 -9999 -9999 -9999 -9999 -9999 -9999 -9999 -9999 -9999 -9999 -9999 -9999 -9999 -9999 -9999 -9999 -9999 -9999 -9999 -9999 -9999 -9999 -9999 -9999 -9999 5912.833 -9999 -9999 -9999 -9999 -9999 -9999 6145.484 6155.852 6159.295 6175.204 6192.88 6202.01 6210.83
6271.02 6323.64 6401.31 6410.72 6380.17 6391.71 6428.38 6440.93 6429.76 6453.26 6436.88 6435.85 6449.22 6455.2 6198.06 6310.09 6495.38 6518.06 6496.83 6423.99 6365.8 6252.78 6189.17 6126.875 -9999 -9999 -9999 -9999 -9999 -9999 -9999 -9999 -9999 -9999 -9999 -9999 -9999 -9999 -9999 -9999 -9999 -9999 -9999 -9999 -9999 -9999 -9999 -9999 -9999 -9999 -9999 -9999 -9999 -9999 5670.429 -9999 5679 5760.25 5804.95 5824.846 -9999 -9999 -9999 -9999 6005.576 6019.75 6036.536 6080.222 6121.52 6120.943 6124.333 6128.192
6357.95 6352.76 6349.65 6387.94 6437.29 6422.5 6422.47 6455.47 6462.37 6437.79 6331.31 6389.44 6440.03 6360.39 6258.48 6411.22 6131.26 6391.76 6476.35 6446.28 6393.89 6277.85 6199.7 6125.559 6062.8 -9999 -9999 -9999 -9999 -9999 -9999 -9999 -9999 -9999 -9999 -9999 -9999 -9999 -9999 -9999 -9999 -9999 -9999 -9999 -9999 -9999 -9999 -9999 -9999 -9999 -9999 -9999 -9999 -9999 -9999 -9999 -9999 -9999 5776.364 5799 -9999 -9999 -9999 -9999 -9999 -9999 6018.364 6020.423 6021.444 6006 6050.4 6048.656
