taller 1/variables/bioclim7.asc
ncols         720
nrows         300
xllcorner     -30.008325510658
yllcorner     30.991671412252
cellsize      0.083333337679505
NODATA_value  -9999
[rows 33 to 65 of 300, columns 370 to 443 of 720]
-9999 -9999 -9999 -9999 -9999 -9999 -9999 -9999 -9999 -9999 -9999 -9999 -9999 -9999 -9999 -9999 -9999 -9999 -9999 -9999 -9999 -9999 -9999 -9999 -9999 -9999 -9999 -9999 -9999 -9999 -9999 -9999 -9999 -9999 -9999 -9999 -9999 -9999 -9999 -9999 -9999 -9999 -9999 -9999 -9999 -9999 -9999 -9999 195.5769 196.1667 -9999 -9999 -9999 -9999 -9999 205.3134 206.22 207.91 208.9 210.48 211.77 213.15 213.82 215.05 216.98 218.24 219.81 220.43 222.48 222.74 222.79 221.97 222.29 222.52
-9999 -9999 -9999 -9999 -9999 -9999 -9999 -9999 -9999 -9999 -9999 -9999 -9999 -9999 -9999 -9999 -9999 -9999 -9999 -9999 -9999 -9999 -9999 -9999 -9999 -9999 -9999 -9999 -9999 -9999 -9999 -9999 -9999 -9999 -9999 -9999 -9999 -9999 -9999 -9999 -9999 -9999 -9999 -9999 -9999 -9999 194 195.629 196.1398 -9999 -9999 -9999 -9999 -9999 205.4667 206.2727 207.47 208.56 209.8 211.61 213.23 214.26 215.37 216.47 218.2 219.23 220.95 222.81 224.49 224.66 224.25 223.99 223.71 223.89
-9999 -9999 -9999 -9999 -9999 -9999 -9999 -9999 -9999 -9999 -9999 -9999 -9999 -9999 -9999 -9999 -9999 -9999 -9999 -9999 -9999 -9999 -9999 -9999 -9999 -9999 -9999 -9999 -9999 -9999 -9999 -9999 -9999 -9999 -9999 -9999 -9999 -9999 -9999 -9999 -9999 -9999 -9999 -9999 -9999 -9999 194.2 194.8571 196.6429 -9999 -9999 -9999 -9999 -9999 205.7143 207.12 208.69 209.79 210.97 212.1 213.36 215.7 216.74 217.68 218.87 220.23 222.2 223.59 224.96 225.12 225.05 224.91 224.76 224.7
200.6053 201.6438 202.7917 203.6364 204.3542 205.5758 204.6667 -9999 -9999 -9999 -9999 -9999 -9999 -9999 -9999 -9999 -9999 -9999 -9999 -9999 -9999 -9999 -9999 -9999 -9999 -9999 -9999 -9999 -9999 -9999 -9999 -9999 -9999 -9999 -9999 -9999 -9999 -9999 -9999 -9999 -9999 -9999 -9999 -9999 -9999 -9999 195.9412 195.8846 -9999 199.1818 200.2917 -9999 -9999 -9999 208 208.2551 209.74 211.28 212.1 213.03 214.01 216.36 217.43 218.86 219.63 220.97 222.84 223.53 224.93 225.4 225.5 225.31 225.33 225.29
201.2 202.05 203.13 204.22 204.6 204.8 203.3053 200.6226 198.375 -9999 -9999 -9999 -9999 -9999 -9999 -9999 -9999 -9999 -9999 -9999 -9999 -9999 -9999 -9999 -9999 -9999 -9999 -9999 -9999 -9999 -9999 -9999 -9999 -9999 -9999 -9999 -9999 -9999 -9999 -9999 -9999 -9999 -9999 -9999 -9999 -9999 196.775 197.12 198.7262 199.7263 201.14 202.7941 -9999 -9999 207.5417 209.1765 210.8571 212.1572 213.1648 214.57 216.06 217.27 217.85 219.43 220.35 221.6 222.85 224.2 224.91 225.07 225.02 225.84 225.31 225.15
202.24 203.1 203.7 204.16 204.42 203.49 202.14 199.1 196.9574 193.6458 192 -9999 -9999 -9999 -9999 -9999 -9999 -9999 -9999 -9999 -9999 -9999 -9999 -9999 -9999 -9999 -9999 -9999 -9999 -9999 -9999 -9999 -9999 -9999 -9999 -9999 -9999 -9999 -9999 -9999 -9999 -9999 -9999 -9999 -9999 197 197.3494 198.92 200.4 201.39 203.44 204.5517 207 207.4444 -9999 -9999 -9999 213.2381 213.86 215.22 216.29 218.34 219.16 220.06 221.18 222.05 222.92 224.08 224.54 224.86 225.04 225.19 225.56 225.42
204.59 204.43 204.54 204.05 203.62 202.7 200.83 197.99 195.22 192.66 190.7193 -9999 -9999 -9999 -9999 -9999 -9999 -9999 -9999 -9999 -9999 -9999 -9999 -9999 -9999 -9999 -9999 -9999 -9999 -9999 -9999 -9999 -9999 -9999 -9999 -9999 -9999 -9999 -9999 -9999 -9999 -9999 -9999 -9999 -9999 198.4762 198.73 200.22 201.32 202.74 204.79 206.3 207.29 208.6304 -9999 -9999 -9999 214.2113 215.62 216.38 217.59 218.11 219.81 220.39 221.72 222.67 222.93 223.98 224.46 224.62 224.81 225.33 225.89 226.05
205.99 205.75 205.31 204.57 203.02 201.88 199.94 197.58 194.35 191.69 188.8523 -9999 -9999 -9999 -9999 -9999 -9999 -9999 -9999 -9999 -9999 -9999 -9999 -9999 -9999 -9999 -9999 -9999 -9999 -9999 -9999 -9999 -9999 -9999 -9999 -9999 -9999 -9999 -9999 -9999 -9999 -9999 -9999 -9999 -9999 199.9487 201.1 202.29 203 203.99 205.8276 207.0645 208.0909 -9999 -9999 -9999 214 215.2745 216.04 217.11 218.35 219.15 220.73 221.14 221.89 223.06 223.15 224.06 224.38 224.68 224.94 225 225.07 225.62
207.63 206.54 206.13 205.03 203.29 201.35 199.56 197.22 194.29 191.29 188.7692 188.5 -9999 -9999 -9999 -9999 -9999 -9999 -9999 -9999 -9999 -9999 -9999 -9999 -9999 -9999 -9999 -9999 -9999 -9999 -9999 -9999 -9999 -9999 -9999 -9999 -9999 -9999 -9999 -9999 -9999 -9999 -9999 -9999 -9999 201.1538 203.09 204.09 205.35 206.17 207.6705 210 -9999 -9999 214 215.0536 215.4681 215.99 216.94 217.59 218.43 219.19 220.6 221.13 221.48 223.2 223.98 224.52 224.62 224.63 224.41 224.84 224.87 225.15
208.64 207.31 206.52 205.44 203.85 201.28 199.19 196.86 194.47 191.63 189.7765 188.5 -9999 -9999 -9999 -9999 -9999 -9999 -9999 -9999 -9999 -9999 -9999 -9999 -9999 -9999 -9999 -9999 -9999 -9999 -9999 -9999 -9999 -9999 -9999 -9999 -9999 -9999 -9999 -9999 -9999 -9999 -9999 -9999 201.5556 202.7778 204.16 205.0729 206.7263 208.04 209.3 211 213.0909 213.7255 214.9022 215.3 216.62 217 218.08 219.11 219.8 219.93 220.68 221.82 222.63 223.03 223.79 224.67 224.94 224.88 224.74 224.74 224.48 225.21
209.13 208.52 206.86 205.9 203.79 201.97 199.37 196.9 194.96 192.03 190.66 -9999 -9999 -9999 -9999 -9999 -9999 -9999 -9999 -9999 -9999 -9999 -9999 -9999 -9999 -9999 -9999 -9999 -9999 -9999 -9999 -9999 -9999 -9999 -9999 -9999 -9999 -9999 -9999 -9999 -9999 -9999 -9999 -9999 202.9841 204.22 205.93 206.75 208.0532 210.2903 211.8667 213.5714 213.8384 215.11 216.17 216.7 217.4 217.85 218.92 219.62 219.9 220.63 221.66 222.42 222.9 223.33 223.25 223.85 224.68 224.94 224.92 224.87 224.38 225.1
209.54 209.52 207.53 206.25 204.23 202.09 199.44 197.09 195.08 192.8406 191 -9999 -9999 -9999 -9999 -9999 -9999 -9999 -9999 -9999 -9999 -9999 -9999 -9999 -9999 -9999 -9999 -9999 -9999 -9999 -9999 -9999 -9999 -9999 -9999 -9999 -9999 -9999 -9999 -9999 -9999 -9999 -9999 203.0278 203.99 205.28 207.08 208.17 209.55 211.77 213.49 215.3 216.22 217.39 217.82 218.63 218.21 218.96 219.16 219.83 220.16 221.47 221.99 222.68 222.97 223.56 223.82 224.43 224.86 224.96 224.87 225.08 224.46 224.45
210.3 210.27 208.26 206.33 204.18 202.02 199.82 197.12 195.11 194.2 -9999 -9999 -9999 -9999 -9999 -9999 -9999 -9999 -9999 -9999 -9999 -9999 -9999 -9999 -9999 -9999 -9999 -9999 -9999 -9999 -9999 -9999 -9999 -9999 -9999 -9999 -9999 -9999 -9999 -9999 -9999 -9999 203.1071 204.1237 205.94 207.03 208.24 209.5 211.4 213.06 214.69 217.23 218.04 218.63 219.32 219.57 218.91 219.13 219.79 220.32 220.15 221.36 222.49 222.92 223.55 223.98 224.1 224.46 224.91 225.42 225.32 225.1 224.86 225.23
210.39 210.97 209.11 206.26 203.9 201.56 199.49 197.61 195.2917 194.625 -9999 -9999 -9999 -9999 -9999 -9999 -9999 -9999 -9999 -9999 -9999 -9999 -9999 -9999 -9999 -9999 -9999 -9999 -9999 -9999 -9999 -9999 -9999 -9999 -9999 -9999 -9999 -9999 -9999 -9999 201 202.5532 203.2577 204.87 206.83 208.39 209.33 210.78 212.87 214.86 216.25 218.4 219.53 219.6 219.95 220.57 220.35 220.4 220.45 220.77 220.78 221.18 222.52 223.47 224.35 224.38 224.63 225.21 225.73 225.57 225.73 226.06 225.59 226.03
209.63 209.47 208.38 205.449 203.0562 200.5258 198.5354 197.1956 195.6667 -9999 -9999 -9999 -9999 -9999 -9999 -9999 -9999 -9999 -9999 -9999 -9999 -9999 -9999 -9999 -9999 -9999 -9999 -9999 -9999 -9999 -9999 -9999 -9999 -9999 -9999 -9999 -9999 -9999 -9999 201.5 201.3288 203.22 204.84 206.47 208.26 209.4 210.62 211.99 213.55 215.65 217.52 218.93 220.07 220.13 220.17 220.12 220.51 221.1 220.75 221.14 221.53 221.85 222.48 223.85 224.4 224.66 225.07 225.82 225.74 226.1 226.55 226.67 226.05 226.1
209.35 208.61 207.0606 204.4625 202.2875 200.1087 199.0417 -9999 -9999 -9999 -9999 -9999 -9999 -9999 -9999 -9999 -9999 -9999 -9999 -9999 -9999 -9999 -9999 -9999 -9999 -9999 -9999 -9999 -9999 -9999 -9999 -9999 -9999 -9999 -9999 -9999 -9999 -9999 199.4634 201.5976 202.54 204.52 205.58 207.39 209.28 210.9 211.63 213.13 214.96 215.91 217.99 219.1 220.01 219.91 220.18 220.16 220.69 221.7 221.02 221.3 222.53 222.67 223.39 224.52 225.01 225.67 226.34 226.74 226.72 227 227.33 227.53 227.08 227.16
208.45 207.2474 205.66 203.75 201.8118 200 -9999 -9999 -9999 -9999 -9999 -9999 -9999 -9999 -9999 -9999 -9999 -9999 -9999 -9999 -9999 -9999 -9999 -9999 -9999 -9999 -9999 -9999 -9999 -9999 -9999 -9999 -9999 -9999 -9999 -9999 -9999 199.7692 200.3 202.4063 203.62 205.73 207.46 209 210.57 211.6 212.97 213.58 216 216.95 217.76 218.62 220.19 219.75 220.13 220.76 220.96 221.55 221.47 221.92 222.82 222.97 223.77 224.81 225.14 226.02 226.43 227.29 227.69 228.13 228.42 228.25 228.31 227.84
208.0641 206.6383 204.4318 203 201.381 -9999 -9999 -9999 -9999 -9999 -9999 -9999 -9999 -9999 -9999 -9999 -9999 -9999 -9999 -9999 -9999 -9999 -9999 -9999 -9999 -9999 -9999 -9999 -9999 -9999 -9999 -9999 -9999 -9999 -9999 -9999 197.2 199.575 201.1579 203.6528 205.2982 207.1358 208.5052 210.18 212.08 212.64 213.68 214.7 215.77 217.19 218.51 218.32 219.75 219.99 220.21 220.94 220.19 221.04 221.97 222.45 222.79 223.23 224.18 224.82 226.23 226.76 227.51 228.5 228.99 229.19 229.88 229.74 229.32 228.92
206.9294 206.1212 -9999 -9999 -9999 -9999 -9999 -9999 -9999 -9999 -9999 -9999 -9999 -9999 -9999 -9999 -9999 -9999 -9999 -9999 -9999 -9999 -9999 -9999 -9999 -9999 -9999 -9999 -9999 -9999 -9999 -9999 -9999 -9999 195.0208 196.4493 198.2289 200.9121 202.7963 204.449 206.2208 208.381 210.2963 211.9143 213.0704 213.6071 214.69 215.79 216.75 217.85 218.89 218.83 219.04 219.6 220.27 220.29 219.69 220.73 221.88 222.84 223.02 223.85 225.12 225.69 226.72 227.46 228.69 229.59 229.93 230.19 231.16 231.41 230.85 230.59
207.1348 206.0526 -9999 -9999 -9999 -9999 -9999 -9999 -9999 -9999 -9999 -9999 -9999 -9999 -9999 -9999 -9999 -9999 -9999 -9999 -9999 -9999 -9999 -9999 -9999 -9999 -9999 -9999 -9999 -9999 -9999 -9999 192.2 194.3636 195.7931 198.1667 199.7931 201.7692 204.1528 206.4203 208.5417 210.7123 211.7634 213.19 214.47 214.55 215.98 216.89 217.34 218.21 218.69 219.07 218.22 218.58 219.35 219.44 220.02 221.02 222.18 222.72 223.11 224.26 225.57 226.89 227.54 228.57 229.4 230.45 232.05 232.78 232.86 232.72 232.18 231.81
207.5833 -9999 -9999 -9999 -9999 -9999 -9999 -9999 -9999 -9999 -9999 -9999 -9999 -9999 -9999 -9999 -9999 -9999 -9999 -9999 -9999 -9999 -9999 -9999 -9999 -9999 -9999 -9999 -9999 -9999 -9999 191.4516 192.6122 193.97 196.39 198.87 201 203.9038 205.9762 207.8136 209.5857 211.6808 213.4 214.66 215.04 216.24 217.35 217.84 218.37 218.55 219.36 219.14 218.92 218.32 218.98 219.02 220.08 220.97 222.09 222.93 223.59 224.37 225.71 227.12 228.26 229.76 231.07 232.02 233.5 234.63 235.14 234.71 233.66 233.25
204.8824 -9999 -9999 -9999 -9999 -9999 -9999 -9999 -9999 -9999 -9999 -9999 -9999 -9999 -9999 -9999 -9999 -9999 -9999 -9999 -9999 -9999 -9999 -9999 -9999 -9999 -9999 -9999 -9999 -9999 -9999 -9999 193.4483 194.625 198.125 200.4792 203.1 204.9615 207.3846 209.5957 212.0889 213.7571 214.98 215.74 216.27 217.7 218.83 218.98 219.48 219.91 219.91 219.87 219.25 219 219.01 219.18 220.19 221.17 222.33 223.01 223.82 224.61 226.08 227.36 228.93 230.36 231.74 233.29 234.88 236.44 237.28 237.23 235.88 233.65
203.9213 202.1628 200.2174 198.0508 196.3284 195.0145 193.5325 192.5789 -9999 -9999 -9999 -9999 -9999 -9999 -9999 -9999 -9999 -9999 -9999 -9999 -9999 -9999 -9999 -9999 -9999 -9999 -9999 -9999 194.5294 194.8889 195.5833 195.9879 196.8041 198.1408 200.5417 203.3143 205.4146 208.1045 210.1026 212.2222 214.3571 215.5714 216.82 217.52 218.51 219.5 220.4 220.61 220.61 220.75 220.6 220.65 220.61 219.68 219.58 220.09 220.5 221.3 222.11 223.02 224.01 225.4 226.49 227.52 228.81 230.45 232.09 234.16 235.88 238.32 239.83 240.54 238 234.63
203.09 201.33 199.37 197.43 195.83 194.04 193.1017 -9999 -9999 -9999 -9999 -9999 -9999 -9999 -9999 -9999 -9999 -9999 -9999 -9999 -9999 -9999 -9999 -9999 -9999 192.8182 193.7959 194.6222 195.66 196.66 197.58 198.45 199.5 201.04 202.93 205 207.4 209.7 211.55 214.06 216.07 218.24 219.01 219.86 220.89 221.47 221.94 221.84 222.21 222.3 221.87 221.3 221.1 220.74 220.94 220.65 220.97 221.77 222.54 223.14 224.26 225.75 226.75 227.44 228.96 230.57 232.45 234.78 237.09 239.19 241.62 243.4 239.6 236.26
202.17 200.45 198.42 196.62 194.77 193.39 192.375 -9999 -9999 -9999 -9999 -9999 -9999 -9999 -9999 -9999 -9999 -9999 -9999 -9999 -9999 -9999 -9999 194.0435 194.1385 193.8247 195.19 196.72 197.88 199.09 200.13 201.24 202.47 204.26 205.67 207.75 210.29 212.57 214.57 217.12 218.81 220.16 221.25 222.68 223.31 223.42 223.48 223.96 223.6 223.87 223.24 223.09 222.32 221.65 221.35 221.74 221.95 222.45 222.94 223.8 224.78 225.53 226.79 227.2 228.67 230.33 231.75 234.8 237.46 239.27 241.82 243.16 242.63 240.13
200.96 199.41 197.72 195.78 194.1585 193.0351 191.8333 -9999 -9999 -9999 -9999 -9999 -9999 -9999 -9999 -9999 -9999 -9999 -9999 -9999 195.8125 196.1765 195.9529 195.74 196.45 197.11 198.13 199.68 200.56 201.69 202.9 204.18 205.76 207.34 208.27 210.62 213.17 215.12 217.39 219.5 221.03 222.7 224.22 225.14 225.59 225.7 225.79 225.76 225.6 225.19 224.52 224.04 223.77 223.12 222.25 222.19 222.78 222.65 223.44 224.57 225.39 225.62 226.58 228.12 228.04 229.73 231.73 234.04 236.74 238.92 240.93 242.68 243.34 242.72
200.66 199.6222 197.7097 196.3333 -9999 -9999 -9999 -9999 -9999 -9999 -9999 -9999 -9999 192 191.5 193.7308 194.2708 195.3182 195.9868 196.3182 196.96 197.58 198.29 198.79 199.22 200.2 201.42 202.68 203.74 204.96 205.98 207.12 208.4 209.82 211.36 213.63 215.55 217.81 220.4 222.31 223.77 225.56 226.98 227.57 228.18 228.15 228.24 227.59 227.44 226.49 226.06 225.47 225.09 224.41 223.93 223.2 222.99 222.86 223.8 224.58 225.02 225.12 226.11 227.21 228.57 229.63 231.15 232.97 236 237.64 239.5 241.88 243.31 243.73
200.4634 198.8421 -9999 -9999 -9999 -9999 -9999 -9999 -9999 -9999 187.5556 188.2623 189.5185 191.03 191.97 193.53 194.48 196.32 197.44 197.92 198.74 199.43 200.75 201.63 202.66 203.64 204.54 205.7 206.9 208.14 209.25 210.31 211.69 212.68 214.18 216.05 218.04 220.15 222.54 224.36 226.81 228.46 230.27 230.88 231.02 230.34 229.64 229.22 228.66 227.92 227.07 226.57 226.15 225.7 225.08 224.49 223.74 223.45 224.79 224.27 224.36 224.59 225.01 225.97 227.44 229.24 230.86 232.1 235.69 237.32 237.86 240.11 242.57 243.29
-9999 -9999 -9999 -9999 -9999 -9999 -9999 -9999 -9999 186.1404 186.5155 188.12 189.9 191.54 192.62 194.46 195.8 197.43 198.75 200.03 200.83 201.77 202.74 203.76 205.11 206.84 207.91 209.22 210.17 211.62 212.48 213.01 213.99 215.3 216.72 218 219.64 222.24 224.58 227.17 229.41 231.71 233.06 233.07 232.52 231.9 231.17 230.52 229.71 229.02 228.5 227.84 227.22 226.51 225.85 225.17 224.63 224.35 224.85 223.6 223.64 223.37 223.31 224.16 225.21 227.58 230.31 231.97 233.52 235.41 237.47 238.15 240.2 241.51
-9999 -9999 -9999 -9999 -9999 -9999 -9999 -9999 -9999 185.7015 186.67 188.64 190.41 192.15 193.67 195.33 197.52 199.28 200.32 201.66 203.05 204.28 205.29 206.76 208.29 209.99 211.53 212.67 213.57 214.25 215.08 216.18 216.68 217.49 218.36 220.17 222.55 224.51 226.96 229.18 231.65 234.12 235.15 234.61 233.84 233.22 232.42 231.32 230.95 230.3 229.35 228.75 227.9 227.12 226.54 225.67 225.08 224.78 224.98 223.55 222.57 222.7 221.63 222.69 223.51 224.88 226.4 230.07 231.83 233.48 235.24 236.86 237.04 238.83
-9999 -9999 -9999 -9999 -9999 -9999 -9999 -9999 186.5 186.4124 187.62 189.81 191.71 193.42 195.01 196.72 198.72 200.55 202.02 203.61 205.06 206.44 207.95 209.76 211.48 213.27 214.85 216.16 216.83 217.4 218.14 218.46 219.21 219.53 220.79 222.73 224.39 226.68 228.91 230.74 233.07 234.73 235.33 235.26 235.06 234.06 233.23 232.27 231.63 231.16 229.97 228.93 227.89 227.03 226.38 225.36 224.69 224.79 224.7 222.89 221.67 221.56 221.11 220.95 221.24 220.93 222.46 226.48 228.62 231.88 233.33 234.62 235.64 235.48
-9999 -9999 -9999 -9999 -9999 -9999 -9999 -9999 -9999 189.2935 190.22 191.76 193.38 195.03 196.58 198.64 200.51 202.17 203.92 205.74 207.19 208.89 210.46 212.15 213.58 215.71 217.9 219.28 219.66 219.85 220.12 220.43 220.65 221.75 223 224.55 226.25 228.18 229.95 231.95 233.64 235 235.47 235.5 235.48 234.59 233.7 233.08 232.1 231.49 230.2 229.31 228.25 227.26 226.87 226.34 225.77 225.69 223.35 222.1 221.82 221.32 220.21 218.62 217.53 218.18 221.49 223.54 224.87 228.65 229.96 231.49 231.99 232.97
-9999 -9999 -9999 -9999 -9999 -9999 -9999 -9999 -9999 192.3333 192.92 194.03 195.36 197.13 198.79 200.67 202.28 203.69 205.32 207.2 209.18 210.95 212.6 214.61 216.18 218.34 220.39 221.94 221.98 221.84 221.84 222.61 222.84 223.55 224.83 226.26 228.12 229.49 231.1 232.48 234.24 235.17 235.47 235.58 235.67 235.17 234.31 233.67 232.72 231.56 230.34 229.91 229.6 228.38 227.19 225.7 225.31 224.73 223.58 222.99 221.51 219.82 216.8 215.82 216.91 218.19 219.37 221.47 223 224.04 225.43 226.39 227.23 229.3
