taller 1/variables/bioclim5.asc
ncols         720
nrows         300
xllcorner     -30.008325510658
yllcorner     30.991671412252
cellsize      0.083333337679505
NODATA_value  -9999
[rows 0 to 32 of 300, columns 592 to 665 of 720]
-9999 -9999 -9999 -9999 -9999 -9999 -9999 -9999 -9999 -9999 -9999 -9999 -9999 -9999 -9999 -9999 -9999 -9999 -9999 -9999 201 201.16 201.12 201.26 201.76 203.16 204.02 204.52 204.67 204.74 205.23 206.12 206.67 207.46 208.8 210.8 211.38 211.98 212.24 212.47 212.01 212.71 213.71 214.8 214.79 214.96 215.44 216.02 216.07 216.06 216.49 216.94 217 217.22 217.59 218.12 218.5 218.98 219.09 219.59 219.95 220.18 219.81 219.93 220.66 220.25 220.03 219.74 219.8 219.8 219.84 219.79 219.89 219.53
-9999 -9999 -9999 -9999 -9999 -9999 -9999 -9999 -9999 -9999 -9999 -9999 -9999 -9999 -9999 -9999 -9999 -9999 -9999 -9999 201.2917 201.25 201.5 201.66 202.64 202.82 203.55 204.6 205.79 206.42 206.97 207.88 208.39 208.72 208.86 209.4 209.67 210.72 210.58 212.85 213.54 213.83 214.05 214.25 214.38 214.94 215.12 215.11 215.44 215.81 216.24 216.53 216.71 217.44 217.77 218.15 218.73 218.85 219.89 219.98 220.52 219.9 219.45 220.23 220.5 220.3 220.13 220.1 219.97 220.02 220.06 220.28 220.18 219.92
-9999 -9999 -9999 -9999 -9999 -9999 -9999 -9999 -9999 -9999 -9999 -9999 -9999 -9999 -9999 -9999 -9999 -9999 -9999 -9999 201.5 201.3711 202.17 202.63 203.37 203.91 204.08 204.97 205.3 206.09 207.37 208.8 209.73 209.4 208.58 209.8 210.8 210.85 210.25 211.8 214.22 214.79 214.77 213.86 213.56 214.53 215.62 215.84 215.9 216.07 216.27 216.24 216.95 217.43 218.25 218.21 219.28 219.84 219.8 220.61 220.74 220.14 220.29 220.49 220.65 220.42 220.26 219.78 219.62 219.74 219.95 220.26 220.62 220.04
-9999 -9999 -9999 -9999 -9999 -9999 -9999 -9999 -9999 -9999 -9999 -9999 -9999 -9999 -9999 -9999 -9999 -9999 -9999 -9999 -9999 202.5909 203.12 204.01 205.21 205.76 205.65 205.79 206.13 207.21 208.38 209.77 210.49 210.89 210.67 209.95 210.83 210.62 211.17 211.94 212.83 213.15 213.31 213.73 215.21 215.96 215.84 215.94 216.03 216.19 216.12 216.51 216.92 217.88 218.85 219.02 219.72 220.24 220.82 221.01 221.2 220.92 220.86 220.82 220.82 220.75 220.42 220 219.96 220.09 219.91 220.48 220.71 219.57
-9999 -9999 -9999 -9999 -9999 -9999 -9999 -9999 -9999 -9999 -9999 -9999 -9999 -9999 -9999 -9999 -9999 -9999 -9999 -9999 -9999 203.5278 204.6071 205.7 206.83 207.87 208.14 208.15 207.95 208.1 209.21 210.41 211.54 211.13 211.15 210.67 210.19 210.74 211.53 212.43 212.81 212.85 213.75 214.9 215.62 216.04 215.35 215.7 215.13 216.36 216.87 217.64 217.69 218.69 219.02 219.42 220.68 221.39 221.05 221.28 221.41 221.1 221.01 221.53 221.03 220.78 220.91 220.45 220.8 220.96 220.47 220.85 221.27 221.34
-9999 -9999 -9999 -9999 -9999 -9999 -9999 -9999 -9999 -9999 -9999 -9999 -9999 -9999 -9999 -9999 -9999 -9999 -9999 -9999 -9999 204.3143 206.4138 207.42 208.62 209.56 209.92 210.45 210.77 210.83 210.95 211.41 211.64 212.12 211.98 212.16 212.31 212.39 212.95 213.39 212.84 213.72 213.5 213.9 215.21 216.3 215.22 215.59 216.38 217.02 217.19 217.88 217.98 219.12 219.84 220.76 221.16 221.85 221.45 221.93 221.54 221.43 221.66 221.24 221.07 221.11 221.1 221.19 221.71 220.97 219.92 219.51 219.18 219.26
-9999 -9999 -9999 -9999 -9999 -9999 -9999 -9999 -9999 -9999 -9999 -9999 -9999 -9999 -9999 -9999 -9999 -9999 -9999 -9999 206.4167 205.8286 -9999 208.9773 210.19 211.45 211.58 212.19 212.23 212.21 212.4 212.4 213.31 213.53 214.05 214.14 213.53 213.21 213.68 214.45 214.56 215.44 215.8 215.15 215.53 216.16 216.95 217.13 217.3 217.25 218 218.35 218.67 219.97 220.74 220.99 221.99 222.04 221.88 221.98 221.35 221.8 221.37 221.17 221.49 221.62 221.82 222.34 222.57 220.75 219.91 219.86 219.15 218.67
-9999 -9999 -9999 -9999 -9999 -9999 -9999 -9999 -9999 -9999 -9999 -9999 -9999 -9999 -9999 -9999 -9999 -9999 -9999 -9999 207 207.2 209.5294 210.6395 211.79 212.95 213.32 213.79 213.93 214.03 214.03 214.2 214.81 215.49 216.08 216.28 216.86 217.11 217.33 217.59 218.18 218.31 218.22 217.97 217.92 217.42 217.06 217.78 218.27 218.55 219.03 219.77 220.28 220.68 221.39 222.29 223.1 222.5 222.03 222.08 221.68 221.82 221.68 221.9 222.38 222.91 222.38 221.65 220.74 220.69 220.64 220.33 220.34 219.06
-9999 -9999 -9999 -9999 -9999 -9999 -9999 -9999 -9999 -9999 -9999 -9999 -9999 -9999 -9999 -9999 -9999 -9999 -9999 208.225 207.3333 -9999 -9999 212.0426 213.09 214.2 214.56 215.27 215.42 216.08 215.9 215.9 216.71 217.12 217.72 218.33 219 219.25 219.59 219.21 219.08 218.98 218.94 218.94 218.95 218.56 218 217.98 218.9 219.73 220.06 220.37 220.96 221.65 222.69 223.25 223.05 222.95 222.51 222.41 221.92 221.6 222.55 222.96 222.99 223.14 222.82 221.83 221.46 220.71 219.8 219.58 219.63 219.61
-9999 -9999 -9999 -9999 -9999 -9999 -9999 -9999 -9999 -9999 -9999 -9999 -9999 -9999 -9999 -9999 -9999 210.3333 209.825 208.3333 -9999 -9999 212.7568 213.2857 214.14 215.06 215.91 216.43 217.21 217.49 217.63 218.18 218.03 218.2 219.26 219.47 219.79 219.34 219.44 219.4 219.67 219.1 219.16 219.33 219.35 219.35 219.41 219.65 219.89 220.02 220.83 220.81 222.1 222.95 223.75 223.53 223 222.74 222.56 222.5 221.75 222.19 222.61 222.99 223.24 221.63 221.05 221.58 220.89 220.57 220.23 219.81 219.84 219.56
-9999 -9999 -9999 -9999 -9999 -9999 -9999 -9999 -9999 -9999 -9999 -9999 -9999 -9999 -9999 -9999 212 210.7586 210.3333 -9999 -9999 -9999 213.7111 214.25 215.47 216.35 217.12 217.74 218.21 218.72 219.28 219.4 219.08 219.4 220.76 220.02 219.42 219.35 219.61 219.91 220.37 220.5 220.08 220.27 220.38 220.28 220.35 220.42 221.16 221.74 221.47 222.05 222.98 224.09 223.71 223.06 222.76 222.45 222.81 222.64 223.27 223.34 223.78 223.31 222 221 222.18 222.12 220.76 221.34 221.32 219.51 218.31 218.55
-9999 -9999 -9999 -9999 -9999 -9999 -9999 -9999 -9999 -9999 -9999 -9999 -9999 -9999 213.75 213.1905 212.6 -9999 -9999 -9999 -9999 -9999 214.9545 215.58 216.43 216.98 217.82 218.36 218.97 218.89 219.17 219.22 219.92 220.04 220.88 220.53 220.42 220.56 220.61 220.79 220.82 220.89 220.87 220.55 220.01 220 220.08 221.37 221.9 222.37 222.78 222.59 222.82 223.69 222.92 222.65 222.2 223.41 223.23 223.05 223.34 223.64 223.61 223 222.67 222.6 223.24 222.84 222.58 222.28 221.9 220.65 219.18 219.24
-9999 -9999 -9999 -9999 -9999 -9999 -9999 214.037 213.4038 213.34 213.7759 214.5263 215.7143 215.3226 214.7778 215 215 215.0488 216 -9999 -9999 216 216.9 217.0104 217.4 218.06 218.86 219.58 219.35 219.82 219.78 219.68 220.02 220.03 220.54 220.93 220.8 220.77 221.1 220.93 220.81 220.91 220.85 220.85 220.75 220.98 221.42 221.66 221.34 221.64 222.24 223.19 223.38 224.38 223.22 222.63 223.21 223.41 223.22 223.22 223.12 223.61 223.32 223.74 223.94 223.82 224.07 223.52 222.96 222.95 222.09 220.28 219.15 219.18
-9999 -9999 -9999 -9999 -9999 -9999 -9999 215.4839 214.38 214.49 214.35 214.29 214.78 215.5 215.58 215.42 215.69 215.65 216.3542 216.8506 216.8824 217.1789 217.56 217.94 218.2 219.01 219.41 220.01 220.22 219.95 219.83 220.19 220.49 220.93 221.05 221.52 221.69 221.19 220.97 220.93 220.99 220.97 221.25 221.61 221.95 222 221.98 221.87 221.78 222.05 222.84 223.38 223.82 223.85 223.76 223.85 223.93 224.03 224.12 223.82 223.48 223.59 222.66 223.16 223.09 223.66 225.02 223.68 223.32 222.38 220.98 221.19 221.37 220.83
-9999 -9999 -9999 -9999 -9999 -9999 -9999 217.7647 218.01 217.46 216.79 216.87 216.93 216.53 217.04 216.9 216.47 216.92 217.59 217.66 217.96 218.12 218.48 218.86 218.86 219.25 219.89 220.11 220.92 220.35 219.97 220.7 221.29 221.03 221.09 220.67 220.96 220.57 220.79 220.85 220.92 221.3 221.51 221.85 221.97 222.17 222.41 222.56 223.13 223.12 223.15 223.51 223.6 223.45 224.07 223.98 223.29 224.17 223.71 222.35 223.07 223.28 223.16 224.31 224.12 223.35 225.29 225.46 223.05 221.96 221.04 221.76 222.13 220.84
-9999 -9999 -9999 -9999 -9999 -9999 220 219.9545 219.9667 219.9888 219.9344 220.0161 220.1176 219.94 219.49 219.02 219.21 219.27 219.28 219.23 219.17 219.42 219.33 219.62 220.4 220.79 220.94 220.68 221.73 221.2 221.97 221.88 221.09 221.14 221.19 221.24 220.92 220.56 220.93 221.06 221.26 221.44 221.75 221.95 221.97 222.1 222.47 223.09 223.57 223.55 223.35 223.48 223.27 224.03 223.93 223.1 223.16 224.54 223.14 222.43 220.77 220.07 221.37 223.43 223.09 221.02 223.52 223.91 225.36 224.21 223.48 223.31 220.17 220.5
-9999 -9999 -9999 -9999 -9999 223 221.64 220.9375 -9999 222.7143 221.2778 222.7887 222.3196 221.96 220.93 220.28 220.05 220.35 220.26 220.47 220.95 220.88 221.22 221.27 221.38 221.93 221.99 222.54 222.4 222.82 222.94 222.77 222.34 222.33 222.16 222.06 222.09 221.92 221.2 220.52 220.25 220.05 220.12 220.89 221.48 221.89 222.24 222.34 223.18 223.26 222.13 222.27 222.73 222.45 222.51 223.82 224.58 224.04 223.53 223.86 221.35 219.08 220.64 221.49 222.89 222.92 223.11 224.01 224.35 224.93 223.67 220.96 219.99 218.44
-9999 -9999 -9999 -9999 223.0909 222.5909 -9999 223.8065 223.375 222.4565 222.01 222.71 223.38 223.23 222.99 222.58 222.15 221.99 221.53 221.39 221.82 222.12 222.43 222.28 222.27 222.26 222.44 222.74 223.08 223.78 222.92 222.31 222.04 222.42 222.34 222.29 221.82 220.8 220.02 219.21 216.73 215.76 217.64 219.31 219.56 220.05 221.03 221.94 222.55 222.22 223.17 223.24 223.35 223.37 224.19 224.7 224.6 224.01 223.88 223.7 223.56 223.26 223.04 222.59 222.63 222.8 223.7 224.83 224.69 224.75 224.58 223.05 220.58 217.89
-9999 -9999 223.5556 223.5 223.6923 225.7179 225.2262 224.45 222.5 220.96 220.65 221.44 220.77 221.14 223.06 223.58 223.46 222.47 222.9 223.19 223.35 223.71 223.78 223.53 223.15 223.65 223.29 223.31 223.66 223.33 221.67 220.86 222.41 222.82 222.33 221.25 220.04 218.67 216.83 215.91 215.17 212.99 213.01 214.33 215.88 217.59 220.21 221.16 221.53 221.93 223.29 223.67 223.78 224.58 225.26 224.94 224.33 222.24 221.27 222.22 222.28 222.61 222.66 222.73 223.71 223.5 224.69 225.35 225.56 225.42 224.25 222.99 221.29 219.93
221.8696 223.05 224 224.5217 225.7353 225.63 226.11 224.46 223.1 222.34 222.26 221.37 220.82 219.65 220.9 223 223.34 222.55 223.51 224.18 224.2 224.03 223.66 223.96 223.69 223.34 223.28 223.39 222.92 221.67 221.75 221.8 222.5 222.31 221.21 219.43 218.12 216.62 216.13 216.22 214.45 212.7 211.47 214.52 216.32 218.1 219.16 220.78 220.94 221.74 221.65 222.54 223.53 223.87 223.58 224.15 224.8 223.76 221.95 221.8 223.44 223.5 223.27 223.5 223.89 224.61 225.42 225.54 225.07 224.5 224.18 222.69 221.98 220.76
224.4516 220.5806 219.697 221.64 225.6 226.03 226.65 225.56 223.85 224.82 225.07 224.68 224.23 223.28 224.32 225.31 224.63 225.83 226.05 226.18 226.13 225.84 225.44 224.99 224.49 224.2 224.22 224.71 222.76 222.99 224.5 224.22 223.3 221.17 220.2 217.89 216.63 217.3 215.42 215.34 213.08 211.9 213.83 215.36 215.17 215.08 217.99 218.67 219.45 220.13 221.77 220.9 223.69 223.59 222.98 223.89 224.33 223.29 223.49 224.06 223.95 223.68 224.26 224.16 224.49 224.48 224.5 224.42 224.28 224.5 224.48 223.57 222.56 222.13
225.0938 221.06 217.83 221.13 225.73 227.39 227.38 228.26 227.7 227.56 227.32 227.98 227.16 226.34 228.31 228.09 227.49 227.39 227.41 227.7 227.58 227.12 226.49 225.3 224.56 224.58 224.33 224.28 224.38 224.02 224.01 223.78 222.78 221.81 220.57 216.75 216.31 217.83 216.5 216.28 215.28 214.35 214.59 214.89 215.31 217.43 218.97 219.23 220.06 220.84 221.45 221.64 222.82 222.49 223.84 225.3 225.18 225.13 225.25 224.67 224.9 224.89 224.33 223.89 223.38 223.1 224.5 225.2 224.58 223.85 223.9 223.25 223.42 222.73
226.81 227.6 226.09 226.96 227.31 227.86 228.8 229.58 230.6 230.44 230.74 230.76 231.06 231.02 230.29 229.33 227.92 228.17 227.34 227.25 228.17 225.14 224.47 226.38 224.55 224.01 224.52 225.64 226.44 225.99 225.28 225.58 222.95 221.86 223.11 221.55 218.74 218.62 218.45 218.5 217.83 217.04 216.75 216.93 217.93 219.41 219.96 220.65 221.44 221.59 222.49 223.35 223.67 224.25 224.82 224.29 224.72 226.3 226.54 226.18 225.8 225.39 224.69 224.5 223.95 224.25 224.28 225.11 225.63 225 224.25 223.61 224.25 223.2
227.92 228.92 229.1 228.5 227.34 227.56 226.18 226.23 228.82 231.58 231.3 231.84 232.61 232.26 231.08 231.17 229.74 227.77 226.75 226.58 228.47 227.31 225.51 226.05 225.36 225.67 226.61 227.67 228.5 228.21 227.33 226.71 225.96 225.12 224.36 223.5 222.33 221.09 221.08 220.04 219.59 218.88 218.54 218.07 219.45 220.52 220.66 221.65 221.83 222.44 223.05 224.17 224.54 225.52 225.68 226.28 227.05 226.69 225.99 225.83 226.01 226.03 226.15 225.7 226.16 225.67 225.53 225.39 226.1 226.32 225.59 224.15 224.84 224.28
226.97 226.06 225.69 225.46 225.9 226.15 226.26 227.97 229.88 230.43 232.61 232.62 234.4 234.26 232.08 230.68 230.38 229.15 228.33 226.56 226.54 226.36 226.35 226.64 225.78 226.91 229.46 229.94 230.54 230.32 229.26 227.96 226.48 226.66 226.17 225.8 224.31 223.46 222.8 221.61 220.18 219.99 220.35 221.18 220.95 220.61 221.25 222.12 222.56 223.18 224.16 224.93 225.82 226.54 227.17 227.54 226.78 226.65 226.69 226.74 226.63 226.41 226.39 226.4 226.55 226.47 226.85 226.58 226.14 226.8 225.57 225.22 225.19 225.29
224.99 225.23 225.69 226.57 226.98 228.15 229.14 229.56 231.45 232.72 233.86 233.21 235.87 235.79 234.19 233.41 232.16 231.46 230.99 229.23 228.59 228.05 228.18 228.82 229.11 230.71 233.47 234.15 233.31 232.09 230.76 229.31 229.15 228.32 227.56 226.98 226.13 225.12 224.38 223.44 221.95 221.63 222.48 222.52 221.96 221.85 222.49 222.73 223.59 224.5 224.98 225.5 226.73 227.54 227.36 227.37 227.35 227.55 227.63 227.9 227.98 227.42 227.45 227.29 226.48 226.44 226.74 226.84 227.04 227.46 226.09 226.77 227.12 226.94
224.67 225.12 226.24 227.57 228.14 229.72 229.93 230.18 232.14 233.57 234.67 235.06 236.53 238.06 236.48 235.44 234.27 232.93 230.77 230.13 229.61 230.33 230.27 230.89 231.52 233.63 235.7 236.54 235.4 234.84 233.4 231.98 230.84 229.97 228.55 227.25 227.28 226.45 225.6 225.53 224.66 223.67 223.75 223.58 223.49 223.22 223.48 223.42 224.49 224.47 225.02 224.07 223.95 226.73 228.3 228.55 228.31 228.87 228.69 228.71 228.67 228.24 227.29 227.13 227.25 227.1 227.58 228.06 227.18 227.77 227.88 227.72 228.09 227.94
225.45 226.52 226.85 228.18 228.85 230.04 230.85 231.41 232.5 232.14 233.32 235.55 236.88 237.24 235.57 234.58 233.89 232.56 231.76 231.89 231.31 231.4 231.99 233.38 234.17 235.25 236.93 236.84 236.28 236.01 234.97 233.38 231.94 230.53 228.99 227.24 228.17 227.74 227.22 226.63 225.79 225.46 224.95 224.69 224.14 224.09 224.11 224.43 225.4 225.58 225.57 224.65 225.02 227.92 227.88 228.31 230.15 230.2 230.24 229.93 229.43 228.63 227.88 227.37 227.47 227.38 227.11 228.08 228.66 228.54 228.39 227.44 228.39 228.4
227.33 228.12 228.5 229.59 230.54 230.67 229.85 228.08 231.06 231.9 231.92 232.69 233.83 234.33 233.95 234.16 234.02 233.82 233.23 232.7 232.15 232.86 233.21 233.99 235.17 235.79 236.85 236.34 236.72 236.67 235.66 233.33 232.05 230.55 229.46 229.27 228.68 228.5 228.57 227.86 227.08 226.39 226.01 226.05 225.78 224.69 222.22 222.24 223.96 225.14 224.45 224.67 226.18 227.88 227.36 229.17 230.48 231.08 231.65 231.42 230.5 229.29 228.71 228.23 227.54 226.3 226.8 228.9 229.6 229.06 229.49 229.19 228.82 228.74
228.76 228.73 229.16 229.95 230.5 228.49 225.97 223.91 227.86 229.04 229.94 230.64 231.79 233.17 233.38 233.79 233.77 233.93 234.21 233.84 233.99 234.39 234.91 235.58 235.77 237.13 238.06 237.65 237.67 236.91 235.94 234.14 232.27 229.61 229.56 230.72 229.77 229.48 228.91 228.52 228.03 227.55 226.69 226.1 225.73 224.63 223.6 222.64 223.73 224.39 225.11 225.37 224.95 225.32 226.44 229.35 231.69 231.91 231.69 231.57 231.23 230.82 230.49 230.01 229.79 228.81 228.71 229.8 229.89 229.89 229.83 228.12 228.35 228.9
229.68 229.71 229.62 230.8 230.46 229.07 226.91 227.16 228.18 227.1 227.66 228.9 229.59 231.1 231.79 232.43 233.2 233.92 234.3 234.49 234.88 235.33 236.36 236.79 237.47 238.48 238.64 238.84 238.61 237.69 236.54 234.78 233.03 232.08 230.29 231.27 231.34 230.73 230.3 229.28 228.09 225.75 225.06 224.11 225.14 225.03 224.22 224.24 223.7 224.71 224.42 226.26 225.05 226.53 228.83 230.89 232.44 232.18 232.12 232.48 232.15 231.62 231.59 231.56 231.41 230.81 230.91 231.01 230.91 230.22 229.7 227.98 227.04 226.01
231.1 230.76 231.43 229.92 230.16 230.11 229.32 229.56 228.85 228.32 228.13 227.68 228.16 228.78 229.02 231.48 233.08 233.59 234.42 235.33 235.95 236.58 237.23 237.77 238.59 238.91 238.81 238.67 238.81 238.46 237.7 236.5 234.91 233.43 231.16 231.02 230.93 231.75 231.56 230.14 227.87 226.9 227.15 226.39 225.69 225.3 223.93 224.28 225.28 225.71 225.87 225.41 226.17 228.79 230.99 231.61 231.52 231.58 231.45 231.41 231.88 231.91 231.92 231.94 231.97 231.83 231.46 231.47 231.28 230.64 229.9 228.45 226.73 226.05
232.13 232.63 233.16 232.65 230.5 229.68 230.28 229.67 228.48 227.61 227.55 227.29 227.37 226.96 229.16 231.83 230.61 233.73 235.08 235.89 236.9 237.35 237.96 238.14 238.8 239.49 239.66 239.95 239.3 239.18 238.54 237.02 235.29 233.55 232.31 231.23 231.04 232.18 231.9 231.5 229.87 229.19 228.33 227.16 224.49 224.77 225.56 225.22 225.62 225.93 226.49 226.93 226.94 228.74 231.47 229.46 228.47 229.76 231.18 230.53 230.77 231.25 229.56 230.36 231.57 232.02 231.1 231.7 231.56 231.62 230.92 230.11 227.3 226.53
