taller 1/variables/bioclim12.asc
ncols         720
nrows         300
xllcorner     -30.008325510658
yllcorner     30.991671412252
cellsize      0.083333337679505
NODATA_value  -9999
[rows 132 to 164 of 300, columns 511 to 583 of 720]
-9999 -9999 -9999 -9999 -9999 -9999 -9999 -9999 -9999 -9999 -9999 -9999 -9999 -9999 937.2143 970.67 1008.05 1031.62 1094.276 1120.5 1152.385 1178.357 1209.046 1213.308 1252.909 1275.583 1250.136 1213 1311.611 1346.84 1331.93 1336.52 1343.99 1339.21 1323.03 1311.78 1249.8 1189.19 1150.37 1132.84 1130.65 1116.84 1079.72 1053.93 1038.37 1027.37 1013.96 1010.6 1004.29 986.46 984.04 996.04 1019.44 1017.9 998.02 977.86 953.35 934.44 926.66 910.55 896.87 881.16 863.77 853.21 847.04 840.05 831.41 826.56 817.34 806.86 801.68 796.09 790.24
-9999 -9999 -9999 -9999 -9999 -9999 -9999 -9999 -9999 -9999 -9999 -9999 -9999 -9999 917.1334 925.6292 954.0105 986.5 -9999 -9999 1124.333 1164.02 1182.846 -9999 -9999 1176.5 1200.273 1216.68 1328.84 1348.47 1331.27 1324.45 1310.66 1329.3 1333.95 1322.11 1284.85 1236.35 1156.87 1128.02 1144.96 1134.96 1089.38 1075.64 1069.46 1052.74 1048.76 1048.64 1032.59 1004.69 998.67 992.2 993.87 1002.3 997.67 987.35 969.98 953.27 938.78 925.81 907.11 889.39 875.79 870.96 862.37 851.99 846.15 858.42 851.98 838 826.33 817.35 807.95
-9999 -9999 -9999 -9999 -9999 -9999 -9999 -9999 -9999 -9999 -9999 -9999 -9999 -9999 -9999 919.3077 936.7143 949.5 -9999 -9999 1058 1125.14 1134.343 -9999 -9999 1163.365 1192.837 1217.879 1325.69 1336.34 1345 1339.44 1336.37 1329.73 1333.71 1320.75 1303.57 1282.54 1253.17 1147.19 1137.39 1217.98 1181.29 1112.43 1116.17 1091.49 1080.19 1060.59 1021.19 1013.14 1036.64 1024.04 1008.92 1010.21 1005.26 994.86 982.09 966.33 947.64 931.92 917.63 904.98 890.14 881.04 872.63 861.87 863.57 868.77 877.72 862.76 844.67 843.18 840.76
-9999 -9999 -9999 -9999 -9999 -9999 -9999 -9999 -9999 -9999 -9999 -9999 -9999 -9999 -9999 -9999 -9999 -9999 -9999 -9999 1018.333 1081.388 1095.526 1085.75 -9999 1125 1141.682 1162.828 1284.866 1325.05 1335.26 1339.7 1330.9 1332.97 1328.53 1317.69 1296.04 1272.94 1252.81 1262.57 1173.08 1190.53 1202.13 1165.82 1178.41 1190.27 1115.89 1088.57 1060.19 1015.59 1035.24 1035.36 1033.86 1023.25 1007.73 997.99 983.51 967.17 954.67 938.09 926.99 915.04 901.14 892.71 884.33 877.4 874.68 870.42 867.64 873.1 867.31 873.38 879.82
-9999 -9999 -9999 -9999 -9999 -9999 -9999 -9999 -9999 -9999 -9999 -9999 -9999 -9999 -9999 -9999 -9999 -9999 -9999 998 1007.083 1053.432 1067.552 1072.263 -9999 -9999 1123.353 1123.138 1192.189 1300.28 1319.74 1326.25 1332.7 1333.49 1320.44 1310.22 1286.74 1251.81 1273.74 1269.05 1208.81 1144.98 1173.73 1146.02 1139.95 1171.61 1163.58 1166.94 1076.67 1036.85 1040.86 1065.84 1058.79 1050.17 1012.34 1003.35 987.49 966.62 956.47 952.02 939.06 919.55 908.88 901.48 896.16 893.26 891.03 901.27 896.42 879.81 881.53 883.06 886.39
-9999 -9999 -9999 -9999 -9999 -9999 -9999 -9999 -9999 -9999 -9999 -9999 -9999 -9999 -9999 -9999 -9999 -9999 -9999 -9999 986.8333 1026 1034.25 1050.867 -9999 -9999 -9999 1098.609 1109.056 1150.717 1273.319 1310.71 1318.75 1322.3 1303.24 1287.18 1276.11 1255.24 1242.08 1254.08 1200.95 1164.57 1142.82 1179.13 1173.15 1130.74 1134.47 1152.2 1110.28 1076.3 1034.43 1047.16 1064.4 1076.03 1027.09 1015.58 1023.24 988.87 974.1 948.45 968.28 935.2 917.68 909.83 909.05 903.9 898.97 901.01 901.41 894.11 889.14 887.63 890.37
-9999 -9999 -9999 -9999 -9999 -9999 -9999 -9999 -9999 -9999 -9999 -9999 -9999 -9999 -9999 -9999 -9999 -9999 -9999 -9999 -9999 -9999 -9999 1032.5 -9999 -9999 1044.5 1064.429 1094.366 1095.672 1109.068 1229.299 1290.74 1293.09 1279.09 1256.03 1239.08 1235.06 1227.01 1229.23 1218.15 1201.61 1122.85 1146.49 1159.75 1168.36 1183.66 1173.11 1149.89 1118.23 1088.75 1054.79 1070.76 1052.36 1008.51 991.46 1008.18 993.76 1001.52 971.77 972.76 975.24 930.81 941.08 928 912.86 910.93 910.08 910.29 907.66 905.83 902.44 898.58
-9999 -9999 -9999 -9999 -9999 -9999 -9999 -9999 -9999 -9999 -9999 -9999 -9999 -9999 -9999 -9999 -9999 -9999 -9999 -9999 -9999 -9999 -9999 -9999 1004.857 1027.238 1035.947 -9999 1052 1054.667 1050.895 1052.673 1157.492 1220.926 1263.3 1260.99 1217.24 1195.05 1210.58 1177.58 1196.46 1198.56 1114.25 1130.34 1156.08 1105.14 1143.85 1166.4 1153.94 1143.1 1095.16 1052.66 1079.5 1088.97 1029.5 995.91 971.2 999.12 1012.12 1031.36 1052.54 1043.06 990.24 940.98 928.39 925.7 922.99 921.18 928.55 917.29 918.41 917.88 922.7
-9999 -9999 -9999 -9999 -9999 -9999 -9999 -9999 -9999 -9999 -9999 -9999 -9999 -9999 -9999 -9999 -9999 -9999 -9999 -9999 -9999 -9999 -9999 -9999 1004 999.3333 1007.619 -9999 -9999 1031.077 1016.568 1016.683 1016.037 1027.326 1075.171 1146.359 1202.95 1195.27 1179.65 1165.92 1175.09 1157.73 1170.61 1159.17 1163.84 1174.61 1149.91 1113.02 1146.08 1164.73 1144.85 1088.98 1071.21 1035.65 1012.25 1047.35 989.29 1023.52 1026.87 1011.61 1073.86 1010.84 973.76 955.1 946.61 946.62 958.58 958.29 951.13 943.87 930.7 953.49 941.58
-9999 -9999 -9999 -9999 -9999 -9999 -9999 -9999 -9999 -9999 -9999 -9999 -9999 -9999 -9999 -9999 -9999 -9999 -9999 -9999 -9999 -9999 -9999 -9999 -9999 -9999 993.5 990.9286 993.8461 979 992.3333 994.4948 995.9 1006.97 1009.779 1002.082 1017.945 1039.05 1051.18 1055.25 1112.6 1105.17 1138.77 1119.32 1125.23 1135.02 1142.88 1158.5 1155.58 1126.8 1124.31 1154.97 1131.81 1089.66 1050.91 1036.05 1049.06 981.09 995.12 998.74 956.98 929.36 935.84 940.61 946.69 948.12 951.6 973.87 981.78 961.14 946.38 946 950.37
705 -9999 -9999 -9999 -9999 -9999 -9999 -9999 -9999 -9999 -9999 -9999 -9999 -9999 -9999 -9999 -9999 -9999 -9999 -9999 -9999 -9999 -9999 -9999 -9999 -9999 968 974.4783 975.7667 977.6818 971.0541 972.5313 974.1539 974.55 991.51 1008.37 995.2174 1077.92 1057.96 1017.48 1011.05 1055.75 1050.36 1048.11 1104.79 1159.38 1133.47 1142.6 1141.67 1160.03 1114.91 1118.02 1134.88 1152.35 1113.49 1075.08 1084.15 968 923.31 1010.81 985.46 991.31 961.06 958.99 960.23 963.09 957.63 955.37 982.18 975.8 980.93 949.18 940.78
716.2985 726 -9999 -9999 -9999 -9999 -9999 -9999 -9999 -9999 -9999 -9999 -9999 -9999 -9999 -9999 -9999 -9999 -9999 -9999 -9999 -9999 -9999 -9999 -9999 -9999 -9999 -9999 972.75 959.1351 955.88 961.3333 941.9714 951.6795 944.84 961.13 987.19 1004.67 1014.53 1000.72 987.61 987.15 997.78 992.25 1040.59 1094.74 1122.38 1194.37 1092.67 1125.74 1153.38 1120.97 1144.85 1141.03 1118.09 1101.37 1112.33 1038.16 943.26 990.54 1045.29 1048.07 1074.93 1006.27 984.95 974.23 977.72 966.4 963.54 990.6 976 980.52 960.43
738.31 741.4674 757.6111 767.5128 767.75 -9999 -9999 -9999 -9999 -9999 -9999 -9999 -9999 -9999 -9999 -9999 -9999 -9999 -9999 -9999 -9999 -9999 -9999 -9999 -9999 -9999 -9999 -9999 -9999 957.2857 934.96 915.6842 935.6364 926.6607 918.1429 917.8788 945.95 949.36 950.58 962.43 960.77 962.75 989.89 995.55 1023.86 1049.96 1028.23 1154.22 1146.34 1088.99 1122.32 1156.41 1128.33 1145.56 1135.33 1110.24 1102.77 1088.03 1049.02 997.92 1039.86 1142.51 1095.83 1041.41 1003.55 999.75 991.47 984.39 975.57 971.59 1015.29 1028.96 1002.29
775.53 771.68 774.47 777.84 780.6512 773.7 -9999 -9999 -9999 -9999 -9999 -9999 -9999 -9999 -9999 -9999 -9999 -9999 -9999 -9999 -9999 -9999 -9999 -9999 -9999 -9999 -9999 -9999 -9999 -9999 905 904.45 902.9459 893.7143 909 895.4667 904.8395 916.54 913.32 919.7158 924.0227 940.18 956.62 971 1000.25 1085.36 1018.46 1050.86 1119.15 1125.97 1108.62 1111.99 1119.22 1134.68 1147.19 1110.91 1106.86 1101.63 1120.08 1076.74 1051.02 1067.62 1102.18 1081.14 1044.08 1025.76 1013.63 1003.5 1000.24 981.28 996.04 1011.39 1022.19
795.35 800.78 828.61 813.37 790.19 786.34 779.4769 771 -9999 -9999 -9999 -9999 -9999 -9999 -9999 -9999 -9999 -9999 -9999 -9999 -9999 -9999 -9999 -9999 -9999 -9999 -9999 -9999 -9999 -9999 -9999 -9999 891.6154 879.619 862.25 -9999 877.7188 882.6786 880.6445 877.7162 901.6741 920.1414 935.79 964.41 968.07 1012.55 1088.38 1046.88 1003.3 1065.1 1121.86 1113.18 1121.96 1124.08 1126.93 1110.91 1111.19 1128.83 1104.42 1066.38 1057.1 1060.45 1071.94 1071.52 1092.8 1057.45 1040.5 1048.06 1052.29 1010.58 1035.53 1051.6 1038.66
845.19 865.22 853.57 814.74 815.41 801.26 789.77 777.3152 770.3714 762 -9999 -9999 -9999 -9999 -9999 -9999 -9999 -9999 -9999 -9999 -9999 -9999 -9999 -9999 -9999 -9999 -9999 -9999 -9999 -9999 -9999 -9999 -9999 -9999 855.75 849 844.5 851.0588 854.2 857.2093 868.8764 892.79 917.7 923.88 946.39 972.99 1004.13 1035.3 1000.68 983.15 1065.23 1137.45 1129.22 1120.79 1127.45 1111.88 1105.32 1128 1138.19 1140.87 1104.41 1115.85 1135.87 1139.32 1114.98 1088.44 1119.13 1145.36 1099.11 1045.74 1057.83 1088.88 1081.83
874.12 901.34 921.6 877.92 829.99 811.76 792.93 788.93 771.43 760.8965 764.8519 764.3333 -9999 -9999 -9999 -9999 -9999 -9999 -9999 -9999 -9999 -9999 -9999 -9999 -9999 -9999 -9999 -9999 -9999 -9999 -9999 -9999 -9999 -9999 -9999 -9999 844.3333 839.7143 -9999 -9999 851.3205 878.24 911.89 906.6 913.84 938.71 956.22 976.91 970.16 980.72 1029.05 1094.65 1112.65 1114.04 1121.08 1120.87 1115.49 1123.01 1139.19 1147.93 1170.52 1158.21 1171.81 1130.16 1139.57 1127.37 1111.77 1129.92 1107.12 1136.02 1087.02 1082.34 1081.65
945.2 939.04 940.13 902.96 871.4 831.28 807.94 788.94 772.58 768.09 768.54 760.66 768.4815 -9999 -9999 -9999 -9999 -9999 -9999 -9999 -9999 -9999 -9999 -9999 -9999 -9999 -9999 -9999 -9999 -9999 -9999 -9999 -9999 -9999 -9999 -9999 -9999 -9999 -9999 -9999 827.2195 842.7041 848.3333 873.1266 841.869 849.0256 875 908.383 1013.98 1007.77 1005.2 1051.29 1079.97 1101.58 1113.03 1118.78 1124.77 1126.26 1131.68 1145.89 1163.25 1197.75 1178.26 1159.86 1153.61 1150.4 1155.67 1129.92 1117.28 1128.68 1113.88 1103.08 1099.88
968.25 968.08 972.26 917.27 913.01 862.87 835.02 801.23 781.77 767.11 758.63 755.61 753.4301 751.75 -9999 -9999 -9999 -9999 -9999 -9999 -9999 -9999 -9999 -9999 -9999 -9999 -9999 -9999 -9999 -9999 -9999 -9999 -9999 -9999 -9999 -9999 -9999 -9999 -9999 -9999 -9999 803.8571 804.1667 799.0833 811.5555 822.375 -9999 872.6 926.413 973.0822 980.79 992.17 1037.95 1086.11 1093.75 1114.5 1134.97 1142.32 1141.65 1155.01 1152.84 1157.54 1205.8 1309.99 1168.79 1142.36 1146.57 1152.84 1143.4 1132.93 1147.7 1137.9 1126.62
971.41 967.36 964.3 923.65 894.91 914.19 864.17 846.87 784.38 765.86 758.3 756.3 754.54 753.48 -9999 -9999 -9999 -9999 -9999 -9999 -9999 -9999 -9999 -9999 -9999 -9999 -9999 -9999 -9999 -9999 -9999 -9999 -9999 -9999 -9999 -9999 -9999 -9999 -9999 -9999 -9999 -9999 -9999 797 799.7442 799.6875 820.5652 862.3803 886.9375 898.58 915.6411 968.75 1051.522 1099.26 1106.22 1119.78 1147.37 1178.79 1209.81 1247.08 1287.98 1265.58 1314.32 1310.78 1178.82 1162.92 1169.39 1165.05 1153.55 1158.18 1172.44 1174.03 1155.9
935.25 943.74 948.53 940.64 899.71 890.47 891.79 832.45 785.93 766.29 758.64 755.37 754.61 753.8854 752.0833 -9999 -9999 -9999 -9999 -9999 -9999 -9999 -9999 -9999 -9999 -9999 -9999 -9999 -9999 -9999 -9999 -9999 -9999 -9999 -9999 -9999 -9999 -9999 -9999 -9999 -9999 -9999 -9999 -9999 -9999 -9999 810.6522 885.5873 943.8052 943.625 946.5891 941.4583 983 1063.111 1110.93 1119.65 1141.01 1183.26 1234.57 1270.73 1290.96 1333.99 1389.61 1375.37 1215.29 1178.55 1190.28 1188.33 1172.75 1171.42 1170.25 1168.99 1170.07
920.59 938.8 932.67 927.64 916.71 872.01 876 832.06 794.43 774.73 763.9 759.72 758.75 757.53 755 -9999 -9999 -9999 -9999 -9999 -9999 -9999 -9999 -9999 -9999 -9999 -9999 -9999 -9999 -9999 -9999 -9999 -9999 -9999 -9999 -9999 -9999 -9999 -9999 -9999 -9999 -9999 -9999 -9999 -9999 760.8461 797.5366 825.7541 830.0588 839.5 862.5 912 -9999 -9999 1081.474 1111.789 1143.16 1178.34 1227.34 1278.03 1326.79 1359.5 1381.29 1380 1274.4 1213.93 1201.66 1212.63 1192.12 1186.68 1191.1 1188.25 1186.09
910.9 923.98 919.86 913.54 906.71 886.73 868.59 860.76 819.51 799.1 777.4 770.47 764.55 764.34 761.0208 756.3 -9999 -9999 -9999 -9999 -9999 -9999 -9999 -9999 -9999 -9999 -9999 -9999 -9999 -9999 -9999 -9999 -9999 -9999 -9999 -9999 -9999 -9999 -9999 -9999 -9999 -9999 719.6667 722.5 -9999 -9999 -9999 846 872.5294 868.7407 904.525 937.1136 983.425 1000.969 1037.417 1053.4 1132.581 1170.047 1210.52 1258.91 1298.91 1333.64 1367.87 1375.47 1341.71 1262.39 1244.38 1236.04 1211.94 1199.9 1206.81 1220.09 1208.23
878.84 899.2 902.41 904.44 896.66 888.19 882.43 882.85 848.72 818.02 800.79 788.75 778.58 770.56 770.84 761.9189 -9999 -9999 -9999 -9999 -9999 -9999 -9999 -9999 -9999 -9999 -9999 -9999 -9999 -9999 -9999 -9999 -9999 -9999 -9999 -9999 -9999 705.3333 721.5 -9999 -9999 722.3333 749.8406 736.356 730.8 -9999 -9999 -9999 -9999 -9999 -9999 -9999 -9999 983.303 1045.658 1073.419 1100.286 1173.25 1193.18 1227.212 1265.01 1304.33 1327.91 1343.29 1348.34 1309.16 1260.06 1256.36 1265.77 1250.46 1241.72 1224.75 1224.24
869.33 874.79 889.63 889.53 884.32 881.42 880.45 885.27 873.45 837.03 827.74 815.69 795.17 780.44 773.05 763.9583 -9999 -9999 -9999 -9999 -9999 -9999 -9999 -9999 -9999 -9999 -9999 -9999 -9999 -9999 -9999 -9999 -9999 -9999 -9999 -9999 -9999 -9999 -9999 -9999 -9999 701 -9999 -9999 -9999 -9999 -9999 -9999 800.75 828.6439 863.8649 903.0781 943.7794 990.9683 1011.065 1045.517 1108.161 1138.548 1159.286 1217.702 1248.543 1274.71 1290.78 1312.04 1304.29 1281.54 1288.23 1239.04 1245.11 1286.85 1274.65 1234.57 1231.45
873.04 868.74 871.95 874.03 878.39 874 870.88 875.29 876.82 853.67 828.51 807.21 793.42 781.47 774.31 766.56 757.5714 -9999 -9999 -9999 -9999 -9999 -9999 -9999 -9999 -9999 -9999 -9999 -9999 -9999 -9999 -9999 -9999 -9999 -9999 -9999 -9999 -9999 -9999 -9999 -9999 -9999 -9999 -9999 -9999 -9999 -9999 -9999 -9999 -9999 -9999 895 -9999 -9999 -9999 -9999 -9999 -9999 1168.452 1195.203 1222.269 1251.021 1276.15 1279.1 1288.37 1295.18 1276.72 1268.25 1264.73 1301.26 1310.73 1256.13 1262.79
860.83 868.6 870.76 866.9 866.6 867.28 865.44 861.66 866.6 856.14 839.04 840.81 837.44 801.48 784.29 773.83 765.0536 -9999 -9999 -9999 -9999 -9999 -9999 -9999 -9999 -9999 -9999 -9999 -9999 -9999 -9999 -9999 -9999 -9999 -9999 -9999 -9999 -9999 -9999 -9999 -9999 -9999 -9999 -9999 -9999 -9999 -9999 730.5714 -9999 784.5 824.625 857.675 873 -9999 -9999 -9999 -9999 1078.364 1117.222 1149.036 1190 1230.76 1253.829 1274.517 1263.747 1275.33 1308.79 1300.38 1303.35 1300.51 1330.55 1293.65 1297.54
853.99 859.95 857.01 850.36 854.58 859.04 856.3 854.66 859.06 865.65 858.55 855.31 848.86 814.99 797.31 783.83 770.2043 760.9333 -9999 -9999 -9999 -9999 -9999 -9999 -9999 -9999 -9999 -9999 -9999 -9999 -9999 -9999 -9999 -9999 -9999 -9999 -9999 -9999 -9999 -9999 -9999 -9999 -9999 -9999 -9999 -9999 -9999 -9999 -9999 -9999 -9999 848.4545 869 -9999 -9999 -9999 -9999 -9999 -9999 1153.091 1171.885 1196.852 1199 1251.15 1268.063 1283.181 1297.633 1312.42 1321.71 1322.29 1315.63 1323.67 1297.64
844.34 854.91 860.93 837.96 850.96 846.82 843.51 853.09 856.32 866.99 859.59 854.21 838.09 820.06 809.09 793.34 777.83 764.7711 752.6667 -9999 -9999 -9999 -9999 -9999 -9999 -9999 -9999 -9999 -9999 -9999 -9999 -9999 -9999 -9999 -9999 -9999 -9999 -9999 -9999 -9999 -9999 -9999 -9999 -9999 -9999 -9999 -9999 -9999 -9999 -9999 -9999 -9999 -9999 -9999 -9999 -9999 -9999 -9999 -9999 -9999 -9999 -9999 -9999 -9999 -9999 1269.5 1287.385 1298.672 1308.97 1306.74 1282.29 1254.4 1282.7
853.46 851.39 859.56 840.07 822.83 835.41 850.69 852.91 852.73 847.37 852.13 853.05 849.04 835.8 828.78 810 791.27 775 754.0125 740.3 -9999 -9999 -9999 -9999 -9999 -9999 -9999 -9999 -9999 -9999 -9999 -9999 -9999 -9999 -9999 -9999 -9999 -9999 -9999 -9999 -9999 -9999 -9999 -9999 -9999 -9999 -9999 -9999 -9999 -9999 -9999 -9999 -9999 -9999 -9999 -9999 -9999 -9999 -9999 -9999 -9999 -9999 -9999 -9999 -9999 -9999 -9999 1289.25 1301.582 1308.537 1303.22 1270.29 1296.7
838.41 822.55 860.6 865.69 832.13 832.76 835.99 845.64 852.81 846.23 850.52 872.64 856.91 859.68 843.4 824.5 802.03 778.37 758.61 741.1236 734.4286 -9999 -9999 -9999 -9999 -9999 -9999 -9999 -9999 -9999 -9999 -9999 -9999 -9999 -9999 -9999 -9999 -9999 -9999 -9999 -9999 -9999 -9999 -9999 -9999 -9999 -9999 -9999 -9999 -9999 -9999 -9999 -9999 -9999 -9999 -9999 -9999 -9999 -9999 -9999 -9999 -9999 -9999 -9999 -9999 -9999 -9999 -9999 -9999 1317.857 1331.607 1343.897 1364.74
845.79 827.18 845.38 859 860.51 846.83 829.51 835.43 860.4 867.12 871.83 853.58 843.72 843.47 843.04 836.62 814.98 791.48 765.4 758.63 741.73 734.4474 728.6 -9999 -9999 -9999 -9999 -9999 -9999 -9999 -9999 -9999 -9999 -9999 -9999 -9999 -9999 -9999 -9999 -9999 -9999 -9999 -9999 -9999 597 -9999 -9999 -9999 -9999 -9999 -9999 -9999 -9999 -9999 -9999 -9999 -9999 -9999 -9999 -9999 -9999 -9999 -9999 -9999 -9999 -9999 -9999 -9999 -9999 -9999 -9999 1341 1369.409
851.14 846.52 846.7 856.55 850.75 857.28 838.6 832.56 841.64 838.46 858.6 876.76 864.93 859.68 858.3 841.94 825.68 802.19 787.59 773.56 760.68 745.19 734.2099 727.5 -9999 -9999 -9999 -9999 -9999 -9999 -9999 -9999 -9999 -9999 -9999 -9999 -9999 -9999 -9999 -9999 -9999 -9999 -9999 -9999 -9999 -9999 -9999 -9999 -9999 -9999 -9999 -9999 -9999 -9999 -9999 -9999 -9999 -9999 -9999 -9999 -9999 -9999 -9999 -9999 -9999 -9999 -9999 -9999 -9999 -9999 -9999 -9999 -9999
