taller 1/variables/bioclim7.asc
ncols         720
nrows         300
xllcorner     -30.008325510658
yllcorner     30.991671412252
cellsize      0.083333337679505
NODATA_value  -9999
[rows 99 to 131 of 300, columns 370 to 443 of 720]
241.4 241.37 241.44 241.35 241.64 241.98 242.27 242.86 243.68 243.8 244.08 244.19 244.73 244.74 244.73 244.97 245.19 245.56 245.74 245.66 246.43 246.49 246.02 246.59 246.81 247.17 247.2 247.5 247.47 247.94 248.28 248.75 249.21 251.31 250.34 249.64 249.54 249.78 249.11 248.74 249.99 249.5 249.21 249.18 249.32 250.07 250.17 250.01 249.7 249.31 249.53 249.26 249.01 251.54 252.48 253.33 253.89 254.91 255.7 257.8 259.16 259.69 262.21 263.35 265.02 266.85 266.24 267.56 267.34 265.01 263.23 263.38 262.61 260.71
241.66 241.79 242.04 242.21 242.15 242.41 242.7 243.41 243.59 243.69 244.09 244.24 244.49 244.77 245.08 245.27 245.54 245.52 245.36 245.37 245.73 245.96 246.75 247.06 246.95 246.9 246.83 247.1 247.2 247.23 247.33 247.07 248.52 249.87 250.45 249.7 247.98 248.08 248.04 247.26 248.35 249.27 249.54 249 248.98 249.54 250.2 249.49 249.19 250.1 251.76 251.79 252.37 254.71 255.3 255.09 256.19 256.64 258.07 259.44 260.22 261.56 262.41 263.13 264.79 265.11 266.47 267.71 267.49 265.84 265.5 265.41 264.99 262.71
242.2 242.38 242.48 242.67 243.02 243.45 243.19 243.64 243.97 244.11 244.39 244.83 245.01 245.2 245.39 245.85 246.05 246.11 245.95 245.64 245.55 245.69 246.12 246.7 247.87 247.02 246.95 246.73 246.88 247.09 248.12 248.64 249.41 249.78 248.65 249.21 248.53 247.75 248.96 248.55 248.54 249.51 248.49 250.51 250.17 249.67 249.14 249.82 251.04 252.72 254.3 255.84 256.82 256.87 257.61 257.53 258.12 258.69 259.49 259.83 260.25 261.52 261.05 261.47 263.84 265.43 266.82 267.3 266.23 265.64 265.89 265.95 264.86 262.51
242.94 242.77 243.26 243.33 243.07 243.21 243.47 243.47 243.64 244.01 244.38 244.72 244.94 245.41 245.79 246.16 246.32 246.16 245.79 245.48 244.96 245.8 246.05 246.07 247.88 247.7 246.57 246.7 247.45 247.05 247.17 248.69 248.97 248.19 246.94 248.41 246.88 245.7 245.91 246.62 247.17 247.4 248.76 248.38 248.59 249.68 248.63 248.5 249.38 251.5 254.86 258.48 259.59 259.96 259.83 259.58 259.7 259.82 260.18 260.41 259.74 259.27 260.69 262.32 264.25 265.37 265.02 264.89 266.05 266.1 265.26 264.8 262.97 258.41
243.25 243.32 243.2 243.29 243.53 243.66 243.61 243.8 243.98 244.23 244.47 244.7 245.2 245.55 246.03 246.48 246.93 246.31 245.77 245.98 244.91 244.89 245.79 245.76 247.67 248.23 248.02 247.74 246.99 246 246.81 247.61 247.08 248.35 246.8 245.85 244.17 243.32 241.13 241.96 243.52 246.1 247.04 248.59 248.17 247.7 248.28 248.68 251.35 254.96 259.72 261.86 261.85 261.81 261.64 261.3 261.07 260.54 260.35 259.66 259.09 260.83 262 262.61 263.54 263.25 264.17 264.13 263.5 261.16 261.31 260.98 258.25 256.5
243.15 243.39 243.56 243.6 243.41 243.51 243.57 244.1 244.33 244.28 244.22 244.52 245 245.43 245.64 245.87 246.61 246.85 246.1 246.06 245.89 245.02 245.83 247.02 248 248.27 248.32 248.12 245.99 246.42 246.11 247.67 247.14 247.91 247.98 245.25 239.78 239.48 238.03 237.37 239.58 243.8 246.36 245.13 248.57 248.22 248.9 253.92 254.66 255.5 263.05 264.64 263.97 262.87 262.63 262.49 262.21 261.33 261.26 260.96 261.03 260.35 259.93 261.01 261.58 262.31 261.46 260.71 259.31 258.46 258.39 258.13 253.58 252.22
242.96 243.25 243.47 243.48 243.46 243.35 243.51 243.59 243.68 244 244.18 244.49 244.54 245.51 246.71 247.16 247.52 247.4 246.73 247.68 247.89 248.03 247.82 248.09 248.21 248.41 248.43 247.65 247.14 246.24 246.29 246.07 246.53 246.43 247.07 245.1 242.76 237.95 236.23 236.61 240.01 242.09 246.12 247.27 248.97 250.58 251.25 248.7 253.92 258.18 264.05 265.23 265.17 264.67 264.25 263.18 261.39 261.78 261.3 261.53 261.24 260.4 259.72 259.58 259.61 259.33 259.42 257.85 256.84 256.84 254.48 252.25 251.72 246.65
242.87 242.99 243.18 243.31 243.48 243.51 243.13 243.22 243.3 243.47 243.95 244.06 244.58 245.3 246.81 247.31 248.24 248.89 249.59 250.03 250.08 249.48 248.71 248.5 248.79 248.72 249.07 247.33 247.74 247.09 245.63 245.58 246.97 246.81 246.63 244.79 242.52 239.41 234.05 236.38 241.39 242.91 247.21 248.43 248.85 250.45 250.03 250.32 256.48 261.75 263.97 264.97 265.66 265.4 264.96 263.51 263.43 262.81 262.49 261.94 261.52 260.13 259.79 259.89 259.95 258.41 256.56 256.51 254.8 252.44 251.47 249.19 247.88 246.72
243.46 243.1 243.32 243.48 243.62 243.46 242.79 242.98 243.16 242.79 243.53 243.36 243.52 245.02 246.8 247.18 248.36 249.7 249.95 250.05 250 250.07 249.54 249.35 249.07 249.38 249.19 248.97 248.98 248.01 247.63 246.84 247.68 247.8 248.15 246.9 243.99 237.35 233.99 239.04 244.46 247.22 248.62 249.35 249.7 249.18 249.92 255.93 261.21 263.18 264.05 265.38 265.94 265.79 265.48 265.41 264.5 264.03 263.88 263.57 261.58 260.07 259.05 257.67 258.04 258.18 254.8 253.65 254.34 252.97 250.13 247.54 250.85 256.12
243.85 243.69 243.99 244.06 244.06 243.89 244 243.77 242.75 242.78 242.4 242.83 243.83 245.67 246.61 247.53 248.64 249.53 249.42 249.68 250.73 250.24 250.09 249.88 249.78 249.6 249.8 249.75 250.23 249.69 249.16 248.9 249.67 249.05 249.26 248.85 245.5 238.97 236.17 242.21 247.46 246.44 245.02 246.53 249.46 250.54 253.44 259.97 261.8 263.64 264.5 265.62 266.08 266.42 266.05 265.66 265.31 265.05 264.66 262.91 260.06 257.96 257.36 256.1 256.59 256.51 255.86 251.82 251.36 252.01 251.16 256.1 265.07 265.61
243.85 244.13 244.06 244.3 244.37 244.29 244.49 244.39 243.83 242.89 242.58 243.07 244.23 245.87 246.3 247.56 248.54 248.96 249.97 250.14 250.75 250.43 250.3 250.48 250.3 250.6 250.85 251.28 251.31 251.51 251.1 251.02 251.13 251.28 251 250.19 247.28 245.97 245.14 247.63 248.92 245.96 244.96 246.43 250.13 254.79 256.4 260.52 262.36 263.85 264.88 265.79 266.3 266.32 266.47 266.29 266.1 265.46 263.89 260.25 258.69 258.39 256.5 255.94 256.69 256.59 255.34 252.23 250.54 254.01 258.94 267.13 266.79 266.36
244.16 244.27 244.58 244.85 245.03 244.96 244.66 244.52 244.45 243.85 243.19 243.67 244.65 245.75 246.45 247.09 248.54 249.5 250.3 250.64 250.4 250.93 251.4 251.69 251.58 251.89 252.26 252.14 252.06 252.21 252.77 252.97 252.99 252.79 251.95 251.5 249.42 249.18 247.93 249.97 248.19 246 249.09 251.34 253.73 253.01 256.96 261.56 263.5 264.2 264.86 265.76 266.68 266.68 266.8 266.97 266.52 264.35 261.18 260.67 260.18 259.16 257.5 256.6 255.33 257.54 253.74 252.14 263.28 268.49 268.18 265.69 266.39 265.28
244.96 245.06 245.23 245.41 245.42 245.5 245.47 245.21 244.96 244.9 244.76 244.66 245.1 245.54 246.15 247.01 248.56 249.32 249.82 250.87 251.62 251.59 251.77 252.11 252.05 252.74 252.92 254.02 254.09 253.82 254.13 254.37 254.34 254.65 254.02 252.93 251.31 249.94 249.14 251.32 250.62 251.14 252.73 252.92 253.23 255.62 258.79 262.19 263.88 264.82 265.51 266.38 266.88 267.27 267.92 267.9 266.73 263.55 261.58 262.09 260.57 260.55 256.87 255.06 254.56 253.55 256.02 262.63 269.27 267.96 266.85 265.15 266.01 263.75
244.91 245.27 245.55 245.82 245.89 246 245.7 245.57 245.87 245.49 244.98 245.35 245.77 246.42 247.24 247.89 248.67 249.2 249.98 250.88 251.9 252.31 251.76 251.58 252.07 253.35 253.85 255.07 255.35 256.23 255.54 256.04 256.09 255.6 256.1 254.33 252.17 251.45 252.98 252.68 253.15 253.69 252.98 251.17 255.21 256.75 261.28 262.55 263.03 265.66 266.18 266.92 267.7 268.39 268.41 268.3 264.72 262.73 263.77 262.29 259.34 258.89 257.18 253.77 253.23 253.3 258.75 268.36 270.63 269.03 265.79 268.2 265.49 262.69
245.32 245.66 246.04 246.34 246.52 246.43 246.5 246.05 245.85 245.35 245.23 245.03 245.71 246.3 247.32 247.78 248.21 248.82 249.48 250.48 252.27 253.13 252.76 252.54 253.55 254.45 254.43 255.41 256.17 257.21 258.05 257.19 257.66 257.39 257.61 256.69 255.86 254.56 255.73 254.9 255.45 253.42 254.12 253.46 258.23 259.87 261.81 261.04 263.55 266.54 267.07 267.79 268.37 269.06 268.7 264.52 263.75 264.11 264.6 261.46 258.4 258.88 258 254.25 253.29 259.08 268.34 271.94 274.4 273.61 269.85 269.82 268.7 257.2
246.07 246.25 246.48 246.6 246.7 247.02 246.23 245.25 245.26 245.76 245.37 245.03 245.4 245.61 247.04 247.46 247.01 247.99 248.87 250.48 252.64 253.71 253.12 254.92 255.3 254.89 253.88 254.5 256.46 259.37 260.23 259.32 259.03 259.33 258.29 258.21 257.91 258.49 257.8 257.53 256.63 256.16 255.83 254.91 258.4 258.57 259.93 262.61 266.31 267.72 268.2 269.11 269.6 269.82 267.4 266.13 266.42 264.82 265.31 261.28 262.44 259.25 256.25 254.82 265.37 270.93 274.89 276.32 277.59 278.15 278.91 278.26 277.14 258.62
246.32 246.57 246.79 247.16 247.08 246.78 246 245.79 245.83 246.38 246.8 246.92 246.97 247.43 247.85 247.68 247.84 248.21 248.72 250.5 253.51 254 252.99 254.85 255.51 253.97 253.91 255.32 258.12 261.31 262.35 261.8 261.51 260.71 258.5 258.67 259.03 259.19 259.75 258.52 257.88 256.77 256.43 255.29 258 259.3 261.39 264.73 268.14 268.45 269.06 269.76 270.13 270.96 268.42 267.74 267.08 266.42 266.46 266.08 263.72 257.97 258.66 267.14 273.2 275.7 277.35 278.11 276.64 274.04 262.49 257.95 274.5 269.23
246.5 247.11 247.15 247.23 247.11 246.54 246.66 246.04 245.94 246.42 246.11 247 247.17 246.78 247.13 248.5 247.34 248.9 249.11 249.92 252.44 253.22 252.92 253.56 253.27 254.66 256.05 258.31 260.91 263.72 264.92 264.3 262.82 262.36 258.82 258.06 260.4 260.61 260.96 257.58 256.55 257.59 255.88 254.31 257.37 257.41 261.13 267.88 269.02 269.36 269.8 270.67 271.37 271.49 270.47 268.53 269.51 268.3 265.3 262.65 258.05 258.37 269.71 272.37 275.79 277.06 276.65 272.94 268.16 266.47 262.67 255.48 257.55 282.39
246.92 247.33 247.88 248.16 247.63 246.94 246.86 246.79 246.73 247.16 246.6 246.19 247.78 248.28 247.32 248.32 249.74 250.73 251.14 251.4 252.19 251.49 251.12 250.72 252.34 252.31 255.39 260.55 262.78 264.23 265.77 265.69 264.23 262.92 260.96 257.91 260.94 261.73 261.69 259.99 260.67 259.87 256.73 252.8 255.96 257.07 265.74 269.67 269.86 270.18 270.88 271.71 272 272.33 271.24 270.56 269.06 266.45 265.58 265.82 264.15 271.61 274.7 275.71 278.22 278.88 273.37 270.73 264.56 259.25 262.83 247.46 257.75 254.41
247.66 247.9 248.42 248.36 248.12 247.68 247.63 247.82 247.59 247.13 247.25 246.95 245.88 247.62 249.22 248.33 249.36 250.69 250.1 249.97 251.18 250.89 250.18 249.05 251.5 253.87 257.3 259.7 262.27 264.54 265.81 266.33 262.05 260.65 257.93 250.77 257.03 262.97 263.58 264 261.66 257.54 253.56 255.46 257.16 264.5 269.21 270.63 270.17 270.59 271.28 272.36 272.55 273.68 273.08 271.5 268.85 265.29 261.96 270.94 270.94 275.69 276.28 275.03 274.99 281.49 282.4 277.58 278.44 273.92 268.33 251.83 242 235.82
247.79 247.02 247.23 248.54 247.97 247.59 246.5 246.23 246.59 247.64 248.34 247.42 247.31 247.4 248.23 249.55 248.65 249.61 249.14 248.55 250.26 249.07 247.86 249.39 251.53 252.91 254.93 258.5 262.22 264.44 264.88 267.35 261 258.3 254.59 248.2 252.52 262.7 264.97 264.94 262.53 261.51 258.78 258.64 260.36 265.89 270.56 271.1 270.73 271.02 272.2 272.7 273.23 274.5 275.41 271.72 267.1 266.07 265.02 274.87 278.04 277.74 278.79 277.34 279.12 277.02 276.27 267.25 273.77 277.55 258.48 260.76 232.85 248.12
247.92 248.66 249.2 249.06 248.74 248.21 248.51 249.27 249.46 248.7 248.13 247.69 247.04 248.06 247.66 248.33 249.06 248.72 248.35 247.78 247.94 248.26 250.18 251.09 249.46 249.26 253.64 262.15 264.44 266.08 266.43 267.29 262.64 252.98 246.16 251.87 249.87 258.27 263.77 263.51 263.32 261.61 258.72 260.4 265.77 267.16 271.09 272.15 271.66 271.8 272.39 274.05 274.91 276.79 275.81 273.16 269.95 268.88 274.36 271.11 279.24 280.24 281.38 282.84 281.09 266.59 269.69 266.94 251.12 280.6 264.86 255.3 250.37 231.65
249.47 249.69 249.82 249.96 249.52 250.48 250.52 250.26 250.03 249.29 248.95 248.41 246.24 246.4 247.03 246.98 248.34 248.33 247.09 246.35 247.93 249.71 250.55 249.3 248.44 245.46 254.52 262.87 264.98 266.33 266 266.69 263.7 256.57 253.97 254 257.04 261.01 264.53 265.84 264 260.38 258.3 263.01 267.79 270.6 271.78 271.34 272.47 272.87 274.09 275.59 277.05 278.27 277.75 273.81 272.08 273.46 280.48 277.8 280.15 284.23 284.42 284.07 285.63 275.49 276.24 260.38 264.21 274.25 273.1 251.79 215.45 218.92
249.53 249.81 249.04 251.32 251.42 251.45 250.69 250.29 250.69 250.9 250.15 249.05 246.87 246 244.75 244.98 245.74 246.29 246.45 247.11 248.14 248.9 245.82 246.54 249.1 243.21 252.61 263.01 264.68 265.24 266.51 265.61 266.87 259.65 248.49 250.44 256.21 261.41 266.91 268.02 268.26 265.61 262.67 261.93 267.18 268.36 271.75 273.25 274.57 274.86 276.48 277.16 278.64 278.93 279.88 280.82 275.55 279.23 283.6 284.24 283.68 285.82 284.98 276.5 284.44 280.47 282.33 278.16 268.98 260.29 251.55 220.16 226.11 252.1
248.49 248.93 249.13 250.54 250.54 251.54 252.02 251.57 250.82 250.53 249.65 248.95 248.83 246.51 245.12 244.78 246.57 246.13 246.28 248.32 249.17 246.53 244.31 245.67 246.27 243.9 250.24 259.81 264.09 262.18 262.09 262.66 263.5 262.9 255.52 241.18 249.26 257.84 266.61 269.27 269.65 268.8 265.53 265.25 263.15 266.98 273.19 275.27 276.09 275.77 276.54 278.23 279.82 280.22 281.6 283.08 283.97 283.23 284.67 284.61 285.54 284.09 276.02 284.11 269.7 278.21 288.03 282.63 273.36 261.82 240.82 239.33 230.81 240.88
248.74 248.7 248.76 250.16 250.89 251.1 251.31 251.49 251.4 250.03 250.76 249.18 247.77 247.12 245.23 244.66 247.96 249.07 248.18 249.37 249.58 246.9 245.06 239.43 237.38 245.17 251.41 259.44 263.79 260.07 262.28 260.16 255.57 254.82 260.09 247.53 240.07 249.84 265.14 270.09 270.6 269.95 267 265.02 262.82 267.67 273.99 276.44 276.35 276.92 277.5 278.87 280.77 282.32 282.58 283.53 284.88 285.66 284.05 280.91 287.34 283.07 276.33 278.43 277.17 290.72 281.24 288.14 248.29 243.87 254.22 276.04 259.39 229.68
250.43 250.61 251.2 251.41 251.04 251.25 251.62 251.88 251.93 252.18 252.86 251.46 248.15 246.65 245.39 248.51 249.76 251.11 250.78 250.19 250.92 248.05 243.57 236.16 237.13 245.35 252.98 256.54 262.43 265.71 263.34 256.5 250.17 248.44 259.17 258.12 244.9 248.21 260.69 268.6 271.25 270.78 266.68 263.5 269 273.64 274.55 275.38 277.63 278.6 279 279.6 280.23 281.89 282.94 283.74 284.65 285.73 287.16 284.47 284.77 289.75 287.07 291.89 293.55 292.74 262.49 282.13 277.17 275.68 265.08 247.05 231 228.61
251.63 252.47 252.8 252.01 252.05 252.58 252.81 252.16 252.92 253.57 253.62 252.19 249.76 250.07 249.5 252.49 251.85 252.51 253.88 253.33 253.69 249.91 246.06 242.88 241.01 243.36 244.56 253.24 263.04 265.74 262.73 256.73 248.38 251.31 261.31 259.91 252.12 250.83 255.16 265.04 266.9 268.37 268.8 268.13 269.26 267.18 272.96 278.44 278.21 278.45 279.14 279.75 281.09 281.64 282.53 282.91 283.68 283.87 285.33 284.51 275.95 279.2 292.46 292.73 271.23 289.04 249.08 264.33 285.25 270.66 256.31 229.8 224.56 233.65
252.59 253.72 253.47 253.35 253.15 252.64 252.65 253.8 254.07 253.64 253.3 254.8 253.3 252.28 252.62 253.59 253.98 254.02 255.34 256.82 257.56 252.45 249.78 247.8 243.39 239.43 243.86 253.03 260.48 265.23 266.51 260.49 254.26 252.41 256.8 256.74 255.53 256.74 257.41 263.38 266.78 266.39 261.82 256.62 254.6 260.88 275.36 279.88 279.48 279.84 281.18 282.52 284.55 285.93 286.22 286.11 286.36 286.04 278.8 273.58 268.95 288.57 287.05 273.8 248.61 289.91 259.78 249.03 253.12 238.38 242.5 220.76 222.44 215.24
253.63 254.06 254.12 254.5 255 255.53 256.94 256.39 254.85 255.24 255 257.01 254.61 253.53 253.71 254.89 256.46 256.41 256.07 254.18 250.3 249.52 248.79 247.36 244.4 241.47 246.24 255.74 261.1 261.16 266.14 266.23 261.38 252.21 251.39 253.97 257.15 259.67 263.57 269.09 264.8 261.44 259.05 254 261 270.46 274.61 279.59 280.99 281.27 281.56 281.79 282.49 281.52 283.35 285.19 286.07 285.43 275.7 272.63 282.88 290.23 266.07 243.19 251.55 272.55 287.74 254.07 230.61 217.3 223.41 241.8 240.14 231.77
254.3 254.3 254.38 254.42 254.92 256.1 257.12 258.27 258.06 257.4 256.1 255.37 255.95 255.79 256.43 256.02 256.71 254.87 254.12 252.26 247.64 242.92 244.98 243.27 244.87 247.2 249.13 254.36 256.37 254.28 261.83 264.06 265.59 255.78 253.63 255.34 261.03 263.42 265 265.08 263.75 261.33 258.83 253.73 262.39 270.5 276.85 279.1 280.59 281.2 281.29 281.34 281.67 283.15 286.07 284.18 269.52 270.2 286.51 287.62 287.57 259.3 249.62 238.78 238.76 262.09 249.85 274.14 253.51 252.89 254.73 242.67 229.71 236.33
254.23 254.31 254.37 255.41 256.76 257.2 257.28 258.09 258.14 257.46 256.96 255.22 257.71 259.31 257.1 256.33 256.83 256.16 254.62 252.67 248.94 242.68 240.78 242.64 247.76 250.72 251.67 250.41 250.89 251.17 258.15 264.26 265.62 256.6 254.18 261 263.45 265.99 260.13 256.96 258.07 259.24 254.88 257.74 259.25 269.66 274.56 278.53 281.05 281.73 282.59 283.15 284.37 285.73 281.34 268.08 267.86 267.73 287.29 288.05 271.9 254.46 272.8 230.92 236.36 228.45 224.66 237.9 223.93 227.74 239.09 226.21 226.67 263.06
254.03 254.4 255.23 256.41 256.43 256.72 256.55 256.78 257.45 259.35 260.05 259.75 258.67 257.77 257 257.58 256.46 257.94 256.29 254.37 251.16 248.17 245.03 240.86 244.63 250.36 253.11 256.22 253.58 247.67 248.31 256.91 259.98 258.39 252.74 258.74 264.52 266.32 261.52 250.22 250.04 255 254.9 262.22 266.99 271.96 275.47 277.99 282.39 282.41 283.49 283.81 280.84 283.7 278.39 269.04 260.59 271.2 283.12 279.98 263.59 248 268.13 262.46 238.8 233.75 231.24 231.1 228.89 241.2 248.93 259.39 259.17 239.71
