taller 1/variables/bioclim19.asc
ncols         720
nrows         300
xllcorner     -30.008325510658
yllcorner     30.991671412252
cellsize      0.083333337679505
NODATA_value  -9999
[rows 0 to 32 of 300, columns 296 to 369 of 720]
547.5258 569.8025 568.2643 575.5732 543.25 470.7333 483.9702 466.5 442.8077 421.6322 455.43 418.48 378.22 363.19 346.78 325.66 318.42 310.86 293.34 265.46 247.5 226.39 196.84 176.5 166.5761 163.9556 159.2254 154.9815 161.1233 157.8421 155.15 159.66 173.93 187.44 186.7474 178.6346 185.96 190.1364 184.25 -9999 -9999 -9999 -9999 -9999 -9999 -9999 -9999 -9999 -9999 -9999 -9999 -9999 -9999 -9999 -9999 -9999 -9999 -9999 -9999 -9999 -9999 -9999 -9999 -9999 -9999 -9999 -9999 -9999 -9999 -9999 -9999 -9999 -9999 -9999
524.2453 525.3333 517.9506 493.4151 522.9231 473.4262 528.63 498.52 430.29 383.95 354.7 342.53 337.97 334.11 328.12 320.23 325.33 329.93 313.93 288.2 261.06 241.69 233.62 228.87 238.42 214.52 185.84 183.22 189.67 187.27 205.97 219.62 238.34 223.74 212.28 201.25 194.92 189.58 180.3625 188 -9999 -9999 -9999 -9999 -9999 -9999 -9999 -9999 -9999 -9999 -9999 -9999 -9999 -9999 -9999 -9999 -9999 -9999 -9999 -9999 -9999 -9999 -9999 -9999 -9999 -9999 -9999 -9999 -9999 -9999 -9999 -9999 -9999 -9999
527 -9999 486.069 473.8052 435.0909 432.0208 509.07 468.53 390.67 388.42 393.01 363.4 346.68 353.2 343.55 316.65 306.59 314.76 321.48 314.1 298.58 286.54 299.26 284.22 251.86 242.06 242.62 248.01 239.99 241.34 227.26 240.17 240.36 217.55 208.08 195.53 180.52 178.99 181.14 183.5977 179.8 -9999 -9999 -9999 -9999 -9999 -9999 -9999 -9999 -9999 -9999 -9999 -9999 -9999 -9999 -9999 -9999 -9999 -9999 -9999 -9999 -9999 -9999 -9999 -9999 -9999 -9999 -9999 -9999 -9999 -9999 -9999 -9999 -9999
532.8571 530.7167 474.7143 455.2222 437.5 408.617 427.09 373.99 359.39 353.02 371.85 387.36 397.8 392.32 377.68 353.79 330.41 312.65 319.99 308.98 291.4 286.25 282.17 265.13 274.13 263.28 314.49 308.07 291.28 239.43 237.21 210.38 207.25 198.3 197.96 183.65 177.52 176.85 178.92 184.79 179.6067 175.9677 173.875 -9999 -9999 -9999 -9999 -9999 -9999 -9999 -9999 -9999 -9999 -9999 -9999 -9999 -9999 -9999 -9999 -9999 -9999 -9999 -9999 -9999 -9999 -9999 -9999 -9999 -9999 -9999 -9999 -9999 -9999 -9999
530.64 552.18 488 -9999 -9999 -9999 366.6522 339.14 318.394 309.78 313.01 337.68 370.24 381.48 380.7 403.4 380.7 348.9 333.57 336.15 321.38 302.68 295.54 305.27 299.91 299.83 288.93 276.38 278.44 242.53 223.99 214.62 199.03 194.03 182.89 182.05 186 185.74 187.49 188.32 193.75 191.0202 177.9467 177 172.6667 -9999 -9999 -9999 -9999 -9999 -9999 -9999 -9999 -9999 -9999 -9999 -9999 -9999 -9999 -9999 -9999 -9999 -9999 -9999 -9999 -9999 -9999 -9999 -9999 -9999 -9999 -9999 -9999 -9999
473.268 519.06 465.4235 424.5 -9999 -9999 -9999 309.5 301.1714 299.86 312.66 331.37 365.98 393.13 392.2 401.39 407.93 372.46 368.84 353.45 355.74 382.22 369.78 359.07 396.73 373.48 330.98 315.61 280.4 256.81 240.34 217.13 200.82 195.25 191.75 195.53 207.6 229.94 231.61 211.23 192.6 197.5 196.8 179.67 173.3448 -9999 -9999 -9999 -9999 -9999 -9999 -9999 -9999 -9999 -9999 -9999 -9999 -9999 -9999 -9999 -9999 -9999 -9999 -9999 -9999 -9999 -9999 -9999 -9999 -9999 -9999 -9999 -9999 -9999
455.1613 457.0159 456.8813 408 -9999 -9999 -9999 334.9286 295.3291 296 316.99 342.47 364.97 380.14 409.67 429.11 427.37 397.08 396.89 398.19 374.11 393.27 382.43 413.21 406.46 375.76 357.82 329.57 308.62 274.32 249.01 223.1 220.4 217.84 212.99 224.18 243.01 260.31 281.1 238.59 205.75 191.64 188.9 183.68 175.9896 168.3333 -9999 -9999 -9999 -9999 -9999 -9999 -9999 -9999 -9999 -9999 -9999 -9999 -9999 -9999 -9999 -9999 -9999 -9999 -9999 -9999 -9999 -9999 -9999 -9999 -9999 -9999 -9999 -9999
-9999 -9999 -9999 -9999 -9999 -9999 340.093 360.03 316.1 342.19 381.15 413.97 423.81 419.37 439.54 420.61 389.93 378.96 408.41 426.52 402.05 390.53 359.17 394.2 410.69 398.85 380.46 349.41 307.86 281.91 266.03 262.11 246.58 246.43 252.05 254.29 262.74 239.73 231.94 216.17 196.46 199.93 196.03 185.22 171.6136 164.5 -9999 -9999 -9999 -9999 -9999 -9999 -9999 -9999 -9999 -9999 -9999 -9999 -9999 -9999 -9999 -9999 -9999 -9999 -9999 -9999 -9999 -9999 -9999 -9999 -9999 -9999 -9999 -9999
-9999 -9999 357 -9999 -9999 330.2857 347.75 362.98 383.71 383.99 407.21 403.93 440.58 473.55 464.85 459.65 425.85 398.13 342.59 386.85 420.43 395.49 340.31 354.69 408.34 392.96 378.06 368.16 331.55 328.55 291.89 281.96 273.73 284.2 286.39 252.71 232.95 225.51 223.07 209.26 209.22 193.51 182.92 172.99 166.64 163 -9999 -9999 -9999 -9999 -9999 -9999 -9999 -9999 -9999 -9999 -9999 -9999 -9999 -9999 -9999 -9999 -9999 -9999 -9999 -9999 -9999 -9999 -9999 -9999 -9999 -9999 -9999 -9999
-9999 -9999 -9999 -9999 344.1667 371.5695 381.24 392.97 423.53 443.66 443.82 440.01 430.56 420.72 423.13 432.1 397.16 371.73 344.11 334.04 363.57 356.28 317.28 322.46 359.21 367.53 361.2 332.93 304.24 324.55 252.82 274.87 287.79 248.61 243.51 229.75 228.7 220.27 209.28 217.71 202.06 186.58 178.32 171.86 164.86 161.3827 -9999 -9999 -9999 -9999 -9999 -9999 -9999 -9999 -9999 -9999 -9999 -9999 -9999 -9999 -9999 -9999 -9999 -9999 -9999 -9999 -9999 -9999 -9999 -9999 -9999 -9999 -9999 -9999
-9999 -9999 -9999 340 362.5056 389.25 371.87 380.11 384.03 393.9 452.4 445.63 437.64 404.45 393.9 405.54 386.95 388.67 350.26 322.02 296.28 306.43 310.09 292.63 323.82 330.6 322.94 289.31 255.27 253.7 247.16 256.45 296.45 275.53 255.45 233.06 213.34 200.87 213.73 201.19 191.73 178.8 168.63 164.87 162.42 158.9053 157.4375 -9999 -9999 -9999 -9999 -9999 -9999 -9999 -9999 -9999 -9999 -9999 -9999 -9999 -9999 -9999 -9999 -9999 -9999 -9999 -9999 -9999 -9999 -9999 -9999 -9999 -9999 -9999
-9999 -9999 332.1818 370.5686 409.8 409.49 394.2 366.53 349.76 343.05 419.36 414.33 415.12 406.02 369.28 363.48 362.55 358.24 341.28 325.01 297.58 284.3434 292.86 284.99 272.8 269.52 253.54 229.08 210.88 217.14 223.08 227.71 250.32 247.19 240.74 243.42 229.51 205.97 185.74 191.77 184.73 172.81 166.34 161.62 160.52 159.99 159.407 156 -9999 -9999 -9999 -9999 -9999 -9999 -9999 -9999 -9999 -9999 -9999 -9999 -9999 -9999 -9999 -9999 -9999 -9999 -9999 -9999 -9999 -9999 -9999 -9999 -9999 -9999
-9999 318.7143 328.85 320.4872 364.9032 364.34 362.38 349.63 334.78 324.07 321.86 360.3737 400.52 367.81 382.24 344.05 329.92 323.27 313.25 341.96 339.3535 281.8077 271.05 264.2 251.2553 240.0147 224.8333 205.8445 194.27 195.63 204.88 219.1 245.72 247.09 239.41 240.94 222.14 224.12 201.65 181.16 171.86 167.92 165.3 159.77 158.45 159.42 156.07 158.6479 -9999 -9999 -9999 -9999 -9999 -9999 -9999 -9999 -9999 -9999 -9999 -9999 -9999 -9999 -9999 -9999 -9999 -9999 -9999 -9999 -9999 -9999 -9999 -9999 -9999 -9999
-9999 -9999 326.8474 321.1 294.6735 312.6377 319.3239 324.8557 322.36 311.88 307.7234 329.3235 367.24 326.6747 342.64 322.6735 337.89 324.0425 301.8214 309.3333 287.6 282.25 -9999 255.5167 247.1892 236.4 225.84 215.99 205.18 206.83 217.55 252.05 324.67 314.92 289.33 292.62 278.48 269.07 247.49 232.5 208.6 183.66 181.52 182.29 163.54 155.15 161.77 164.5843 160.3333 -9999 -9999 -9999 -9999 -9999 -9999 -9999 -9999 -9999 -9999 -9999 -9999 -9999 -9999 -9999 -9999 -9999 -9999 -9999 -9999 -9999 -9999 -9999 -9999 -9999
-9999 -9999 -9999 313.96 294.4648 -9999 -9999 307.2857 317.766 304.5 304.32 297.9722 -9999 307.1 308.0981 311.1842 320.4151 316.7273 -9999 -9999 -9999 -9999 258.4445 260.72 257.74 258.44 273.91 265.05 242.63 244.16 240.82 246.53 277.56 351.23 314.62 322.37 339.67 309.12 288.85 260.73 251.44 218.45 197.11 181.69 167.32 158.52 168.78 172.25 166.0682 -9999 -9999 -9999 -9999 -9999 -9999 -9999 -9999 -9999 -9999 -9999 -9999 -9999 -9999 -9999 -9999 -9999 -9999 -9999 -9999 -9999 -9999 -9999 -9999 -9999
-9999 -9999 -9999 -9999 296.1458 297.3333 -9999 -9999 -9999 295 302.0192 291.36 -9999 -9999 -9999 -9999 -9999 -9999 -9999 -9999 -9999 265.8333 273.2796 277.38 287.2 289.97 346.36 359.45 301.06 287.5 263.55 261.82 255.79 312.16 386.84 370.72 351.16 321.29 303.37 285.08 242.8 210.13 189.87 177.75 168.47 167.33 170.77 171.77 168.61 160.4107 -9999 -9999 -9999 -9999 -9999 -9999 -9999 -9999 -9999 -9999 -9999 -9999 -9999 -9999 -9999 -9999 -9999 -9999 -9999 -9999 -9999 -9999 -9999 -9999
-9999 -9999 -9999 -9999 305 287 -9999 -9999 -9999 -9999 -9999 -9999 -9999 -9999 -9999 -9999 -9999 -9999 -9999 -9999 -9999 274.8049 283.96 294.7 313.96 323.82 329.96 352.58 332 306.23 299 283.45 274.49 271.08 304.06 370.79 368.39 333.13 287.28 262.93 256.27 223.17 198.12 183.29 177.08 166.33 164.01 161.96 158.13 158.2842 162.2188 167.8958 176.5714 179.5 -9999 -9999 -9999 -9999 -9999 -9999 -9999 -9999 -9999 -9999 -9999 -9999 -9999 -9999 -9999 -9999 -9999 -9999 -9999 -9999
-9999 -9999 -9999 -9999 -9999 -9999 -9999 -9999 -9999 -9999 -9999 -9999 -9999 -9999 -9999 -9999 -9999 -9999 -9999 -9999 272.8462 279.9192 303.54 343.56 354.3 366.61 340.51 385.84 367.79 361.49 362.38 330.87 327.86 311.11 293.69 292.16 311.1 327.69 308.27 275.4 240.79 214.76 194.7 180.35 169.07 163.13 160.03 157.46 157.82 163.6 177.13 192.42 197.53 199.02 203.6219 205.9091 196.6667 -9999 -9999 -9999 -9999 -9999 -9999 -9999 -9999 -9999 -9999 -9999 -9999 -9999 -9999 -9999 -9999 -9999
-9999 -9999 -9999 -9999 -9999 -9999 -9999 -9999 -9999 -9999 -9999 236.75 -9999 -9999 -9999 -9999 -9999 -9999 -9999 -9999 256 265.8448 283.69 318.31 350.21 390.91 389.77 316.06 344.83 374.44 382.06 378.07 347.32 344.55 341.14 323.25 352 356.36 349.01 319.06 297.39 261.82 225.58 196.65 175.33 164.05 160.19 160.97 164.46 173.4 185.53 213.08 209.46 210.9 209.6 212.94 214.54 222.0588 -9999 -9999 -9999 -9999 -9999 -9999 -9999 -9999 -9999 -9999 -9999 -9999 -9999 -9999 -9999 -9999
-9999 -9999 -9999 -9999 -9999 -9999 -9999 -9999 -9999 242.3143 239.7841 239.4615 -9999 -9999 -9999 -9999 -9999 -9999 -9999 -9999 -9999 -9999 252.9268 259.6421 307.96 324.53 364.14 309.42 293.4 316.58 328.5 334.03 355.7 374.65 374.21 390.24 382.05 374.29 346.92 329.44 298.67 267.62 233.78 203.22 176.12 164.49 161.08 165.67 184.66 209.18 206.71 219.73 214.75 220.34 220.82 219.04 231.93 229.96 231.3881 -9999 -9999 -9999 -9999 -9999 -9999 -9999 -9999 -9999 -9999 -9999 -9999 -9999 -9999 -9999
-9999 -9999 -9999 -9999 -9999 -9999 -9999 -9999 259.5417 289.299 314.26 292.2353 245.875 -9999 -9999 -9999 -9999 -9999 -9999 -9999 -9999 -9999 -9999 263.9277 330.92 268.9789 287.94 287.72 302.78 302.88 306.798 332.01 358.04 359.32 377.02 388.6 391.61 366.15 336.28 316.03 286.25 259.17 234.85 204.23 183 165.36 159.05 161.46 175.24 203.15 190.67 188.66 182.82 184.94 193.58 204.66 221.57 222.8 224.2828 225.129 -9999 -9999 -9999 -9999 -9999 -9999 -9999 -9999 -9999 -9999 -9999 -9999 -9999 -9999
-9999 -9999 -9999 -9999 -9999 -9999 -9999 266.8491 277.9091 288.74 285.3261 263.2 -9999 -9999 -9999 -9999 -9999 -9999 -9999 -9999 -9999 -9999 -9999 252 254.069 256.7869 292.22 268.2459 286.0211 295.625 302.6264 329.95 342.54 360.28 409.56 408.92 389.83 390.67 376.88 360.56 338.1 309.73 276.96 234.64 195.05 171.28 162.6 158.22 159.42 171.67 182.07 171.05 166.68 168.55 173.46 180.35 190.22 200.6 213.33 220.04 217.4545 211.5 -9999 -9999 -9999 -9999 -9999 -9999 -9999 -9999 -9999 -9999 -9999 -9999
-9999 -9999 -9999 -9999 -9999 -9999 261.4 277.4268 266.8913 260.8929 247.6364 -9999 -9999 -9999 -9999 -9999 -9999 -9999 -9999 -9999 -9999 -9999 -9999 -9999 244 251.5714 260.375 276 267.5 280 299.25 322.14 333.95 353.25 375.87 381.57 379.4 403.25 374.74 333.51 349.47 319.73 268.44 249.62 210.95 180.35 165.28 158.72 155.93 156.33 160.9 164.91 166.83 170.48 171.13 181.85 195.8 203.84 209.38 210.71 210.3 211.5745 208.9211 205 -9999 -9999 -9999 -9999 -9999 -9999 -9999 -9999 -9999 -9999
-9999 -9999 -9999 -9999 -9999 -9999 265.875 252.5 238.3333 -9999 -9999 -9999 -9999 -9999 -9999 -9999 -9999 -9999 -9999 -9999 -9999 -9999 -9999 -9999 -9999 241 -9999 -9999 -9999 271.1549 292.1753 347.41 402.36 416.86 423.22 406.62 364.96 367.46 336.3 324.2 315.3 301.3 286.68 237.85 211.03 185.74 170.49 163.99 156.4 152.76 152.71 154.04 157.58 160.95 177.6 195.07 191.32 191 193.99 193.6 194.21 194.3261 -9999 -9999 -9999 -9999 -9999 -9999 -9999 -9999 -9999 -9999 -9999 -9999
-9999 -9999 -9999 -9999 -9999 -9999 -9999 -9999 -9999 -9999 -9999 -9999 -9999 -9999 -9999 -9999 -9999 -9999 -9999 -9999 -9999 -9999 -9999 -9999 -9999 -9999 -9999 239.8 246.8378 258.2361 275.23 333.72 396.26 397.39 398.9 394.45 355.04 340.48 320.9 306.6 299.14 278.67 266.28 235.71 217.47 191 173.95 161.85 156.04 151.68 149.75 149.92 152.04 154.9 162.4 179.54 183.39 179.14 178.86 181.18 185.12 187.5 185 -9999 -9999 -9999 -9999 -9999 -9999 -9999 -9999 -9999 -9999 -9999
-9999 -9999 -9999 -9999 -9999 -9999 -9999 -9999 -9999 -9999 -9999 -9999 -9999 -9999 -9999 -9999 -9999 -9999 -9999 -9999 -9999 -9999 -9999 -9999 -9999 -9999 -9999 234.125 238.7957 247.33 260.57 295.13 335.2 349.95 346.49 343.48 385.85 357.98 347.11 348.57 306.74 281.08 267.5 227.92 213.27 192.9 181.81 170.31 157.95 148.59 146.17 146.42 147.96 150.25 153.55 159.03 171.99 175.84 173.03 173.78 177.56 181.2 181.3509 181 -9999 -9999 -9999 -9999 -9999 -9999 -9999 -9999 -9999 -9999
-9999 -9999 -9999 -9999 -9999 -9999 -9999 -9999 -9999 -9999 -9999 -9999 -9999 -9999 -9999 -9999 -9999 -9999 -9999 -9999 -9999 -9999 -9999 -9999 -9999 -9999 -9999 224.9273 228.75 238.38 251.12 270.48 288.49 311.35 333.9 335.35 352.74 351.28 382.18 358.93 344.45 310.48 270.05 240.91 207.62 181.69 173.07 168.31 160.1 147.75 144.73 143.84 144.79 146.62 149.13 152.44 160.35 176.5 170.72 167.77 170.77 174.06 175.62 176.3333 174.4 -9999 -9999 -9999 -9999 -9999 -9999 -9999 -9999 -9999
-9999 -9999 -9999 -9999 -9999 -9999 -9999 -9999 -9999 -9999 -9999 -9999 -9999 -9999 -9999 -9999 -9999 -9999 -9999 -9999 -9999 -9999 -9999 -9999 -9999 -9999 -9999 211 218.6379 227.5699 241.23 259.4 288.92 331.46 355.38 380.39 370.29 381.95 361.08 344.28 309.63 280.8 251.95 225.11 206.88 190.85 173.05 164.6 159.43 149.59 144.7 142.43 142.23 143.3 145.59 148.6882 153.8108 157.0156 163.4286 162.8356 164.0656 168.3696 169.2083 170.97 171.8902 172 -9999 -9999 -9999 -9999 -9999 -9999 -9999 -9999
-9999 -9999 -9999 -9999 -9999 -9999 -9999 -9999 -9999 -9999 -9999 -9999 -9999 -9999 -9999 -9999 -9999 -9999 -9999 -9999 -9999 -9999 -9999 -9999 -9999 -9999 196 204.3485 211.5 223.01 235.66 262.96 281.23 326.88 336.65 324.34 313.29 320.25 306.87 343.67 343.93 307.41 261.27 248.04 228.86 199.17 181.29 174.43 162.16 154.18 144.46 141.37 139.5 140.56 142.57 145.95 153.51 152.47 159.94 162.48 161.93 162.2024 162.9111 165.8333 168.6364 168.1739 -9999 -9999 -9999 -9999 -9999 -9999 -9999 -9999
-9999 -9999 -9999 -9999 -9999 -9999 -9999 -9999 -9999 -9999 -9999 -9999 -9999 -9999 -9999 -9999 -9999 -9999 -9999 -9999 -9999 -9999 -9999 -9999 -9999 -9999 194.7143 195.6628 204.45 223.63 240.74 261.74 260.37 268.06 272.29 266.15 262.1 265.04 280.34 308.69 354.14 356.27 319.15 291.78 251.75 215.67 192.9 173.15 165.01 159.3 145.43 140.65 137.8 138.75 141.42 142.57 147.55 151.55 150.35 156.77 164.97 163.71 161.23 161.1739 159.9714 160.25 -9999 -9999 -9999 -9999 -9999 -9999 -9999 -9999
-9999 -9999 -9999 -9999 -9999 -9999 -9999 -9999 -9999 236 240.5789 248.65 247.3333 -9999 -9999 -9999 -9999 -9999 -9999 -9999 -9999 -9999 -9999 -9999 -9999 -9999 177.6667 187.0909 199.77 212.23 232.08 243.62 248.51 244.79 237.6 230.88 227.18 233.06 248.74 281.18 304.63 356.51 353.2 326.93 277.07 238.75 200.79 180.66 171.49 168.79 151.08 143.12 138.15 138.83 139.51 142.32 144.9 148.05 146.24 151.09 165.88 165.83 166.38 159.86 157.75 158.299 158.1333 -9999 -9999 -9999 -9999 -9999 -9999 -9999
-9999 -9999 -9999 -9999 -9999 -9999 -9999 -9999 -9999 244.2875 249 256.82 263.1395 263.5454 -9999 -9999 -9999 251.5 235 -9999 -9999 -9999 195.875 201.3333 194 180 182.5765 185.125 193.5965 206.6588 214.8621 230.39 237.64 236.66 230.11 220.63 217.27 223.72 239.57 285 310.65 356.1 326.18 285.76 290.3 246.09 204.41 186.65 176.75 172.88 155.15 146.18 141.59 143.8 139.82 140.95 141.78 146.24 143.79 146.83 151.56 163.55 166.47 163.15 157.07 154.94 155.3548 154.3636 -9999 -9999 -9999 -9999 -9999 -9999
-9999 -9999 -9999 -9999 -9999 -9999 -9999 246.8889 232.875 233.5529 247.75 260.92 265.48 270.7738 278.6364 257.6154 282.7667 274.5333 236.337 255.1467 231.8529 221.1375 202.3737 228.74 228.0707 214.6143 181.2857 183.03 188.4421 191.7429 200.974 223.62 223.91 222.2 215.31 212.41 213.41 229.84 250.93 325.15 339.03 337.82 322.02 294.65 260.56 251.06 210.91 190.26 182.59 174.92 160.26 153.29 146.15 146.38 139.69 138.48 138.14 143.4 141.26 142.18 146.13 151.33 157.78 163.13 158.87 154.78 152.42 152.3506 151 -9999 -9999 -9999 -9999 -9999
