taller 1/variables/bioclim14.asc
ncols         720
nrows         300
xllcorner     -30.008325510658
yllcorner     30.991671412252
cellsize      0.083333337679505
NODATA_value  -9999
[rows 204 to 237 of 300, columns 304 to 379 of 720]
4.01 4.76 4.33 4.19 4.5 4.28 4.18 4.01 4 4 4 4 4.63 5.04 5.02 5.46 6 6.75 7.27 8.11 8.85 8.78 9.4 10.11 10.89 11.57 12.23 12.01 10.95 9.94 9.12 9 9 9.66 10.2 11.97 13.43 14.1 15.37 15.58 14.64 14.38 13.96 14.3 16.97 14.93 12.66 10.53 9.26 8.79 8.41 9.67 10.38 7.64 7.075949 7 -9999 -9999 -9999 -9999 -9999 -9999 -9999 -9999 -9999 -9999 -9999 -9999 -9999 -9999 4.066667 4.464286 4.45 3.808511 3.9375 -9999
4.73 4.94 4.23 4 4.29 4.36 4.11 4.02 4.06 4.05 4.07 4.31 4.97 5.56 5.64 5.3 6.14 6.57 7.33 7.54 8.78 8.99 9.13 9.98 10.63 11.07 11.92 11.9 11.17 10.34 9.72 9.41 9.11 9.74 10.44 11.33 12.44 13.21 13.85 13.78 13.64 13.29 12.98 12.75 13.94 13.1 11.31 11.66 10.93 8.76 9.06 10.2 10.87 10.26 7.88 7.302326 7 6.909091 -9999 -9999 -9999 -9999 -9999 -9999 -9999 -9999 -9999 -9999 -9999 -9999 4.1 4.5 3.333333 3 -9999 -9999
4.21 4.28 4.59 4.38 4.04 4.06 4.22 4.09 4.77 4.61 4.14 4.13 4.74 5.11 5.18 5.54 6.06 6.78 7 7.42 8.46 9 9.83 10 10.7 11.01 11.16 11.27 11.49 11.36 11.37 11.24 10.57 10.91 11.06 11.44 12.21 13.03 13.17 13.04 12.38 13.33 14.19 14.08 12.51 11.27 12.57 12.62 11.81 13.31 13.26 10.46 13.36 13.46 11.42 8.19 7.72 7.4 6.571429 -9999 -9999 -9999 -9999 -9999 -9999 -9999 -9999 -9999 -9999 -9999 -9999 -9999 -9999 3 -9999 -9999
4.01 4.1 4.35 4.9 4.69 4.4 4.18 4.57 5.26 5.17 4.2 4.35 5.05 5.12 5.2 5.67 6.1 6.74 7 7.37 8.09 8.81 9.88 9.85 9.68 9.93 11.35 13.14 14.24 14.52 14.64 13.34 11.6 10.69 11.04 11.1 11.1 11.18 11.24 12.6 11.81 11.23 11.7 11.94 10 10.91 12.02 13.33 15.37 15.8 13.35 12.34 16.31 13.81 12.78 10.54 7.9 6.915663 7.130435 -9999 -9999 -9999 -9999 -9999 -9999 -9999 -9999 -9999 -9999 -9999 -9999 -9999 3.038461 3 3.538461 3.333333
4.24 4.27 4.4 4.84 4.92 4.64 4.8 4.88 4.43 4.28 5.04 4.45 5.09 5.28 5.57 5.92 6.28 7.2 7.07 7.55 7.76 8.94 8.8 9.07 8.07 10.32 13.6 15.71 13.99 13.9 13.38 12.15 10.73 10.08 9.39 9.24 9.21 9.42 9.82 10.72 11.87 11.39 10.13 9.92 9.76 9.19 11.21 14.26 13 15.91 15.89 15.48 13.83 13.86 8.16 6.962025 6.705883 6 -9999 -9999 -9999 -9999 -9999 -9999 -9999 -9999 -9999 -9999 -9999 -9999 -9999 -9999 3 -9999 3.333333 -9999
4.02 4.84 5.66 5.22 4.91 4.77 4.25 4.17 4.45 4.85 4.57 5.19 5.28 5.78 6.07 6.3 6.73 6.93 6.99 7.08 8.17 7.8 7.14 7.33 9.16 13.88 14.81 15.75 13.36 11.83 10.88 9.7 8.57 8.15 8.32 7.83 7.29 7.64 8.81 9.04 9.81 10.23 9.29 10.27 11.58 9.25 9.51 14.2 12.69 11.55 9.2 11.25 7.48 6.404762 5.946429 6.333333 -9999 -9999 -9999 -9999 -9999 -9999 -9999 -9999 -9999 -9999 -9999 -9999 -9999 -9999 -9999 -9999 -9999 -9999 -9999 -9999
4 4 4.28 5.83 5.75 5.96 5.75 4.65 4.01 5.03 6.07 6.89 7.44 6.29 6.07 6.05 6.17 5.96 6.6 6.99 7.01 6.45 6.66 8.06 9.27 10.23 13.32 14.75 11.09 9.48 8.84 7.65 8.11 7.34 6.62 6.04 6.38 7.06 8.12 8.03 8.05 8.84 11.88 9.98 9.44 8.77 7.47 9.7 8.03 6.85 5.69 5.763158 5.4375 -9999 -9999 -9999 -9999 -9999 -9999 -9999 -9999 -9999 -9999 -9999 -9999 -9999 -9999 -9999 -9999 -9999 -9999 -9999 -9999 -9999 -9999 -9999
4.34 4.49 4.07 4.24 4.18 4.7 4.83 5.11 4.15 4.63 4.81 5.22 6.2 5.91 5.68 5.36 4.98 5.4 5.85 5.99 5.95 5.48 6.26 7.35 8.42 11.92 13.93 11.72 8.51 7.14 7.91 8.51 6.91 6.02 6.2 5.88 5.62 5.94 5.63 6.52 7.25 7.04 8.4 8.69 10.32 8.09 6.35 5.77 5.75 4.75 4.626667 4.266667 -9999 -9999 -9999 -9999 -9999 -9999 -9999 -9999 -9999 -9999 -9999 -9999 -9999 -9999 -9999 -9999 -9999 -9999 -9999 -9999 -9999 -9999 -9999 -9999
4.52 4.54 4.97 4.94 4.95 4.09 4.79 4.4 3.99 4.01 4.4 4.16 4.23 4.37 4.04 4 4.43 5.25 5.56 5.58 4.78 6.56 8.9 8.05 12.05 15.19 12.27 12.02 10.39 10.92 12.05 12.8 10.37 8.3 5.71 4.66 4.88 4.65 4.17 5.14 6.25 9.06 8.44 7.25 7.55 7.25 5.71 4.7 4.45 4.095745 -9999 -9999 -9999 -9999 -9999 -9999 -9999 -9999 -9999 -9999 -9999 -9999 -9999 -9999 -9999 -9999 -9999 -9999 -9999 -9999 -9999 -9999 -9999 -9999 -9999 -9999
4.34 4.16 4.27 4.18 4.87 4.09 4.06 4.02 3.61 4.44 3.52 3.29 3.49 3.82 3.3 4.24 5.05 5.23 5.06 5.08 6.26 7.78 8.99 8.9 14.03 14.45 12.36 15.81 12.62 13.71 14.47 14.28 11.75 7.12 5.53 4.96 4.81 4.8 5.25 4 4.17 5.12 4.82 4.32 4.43 3.77 3.61 4 4 4.15873 4 -9999 -9999 -9999 -9999 -9999 -9999 -9999 -9999 -9999 -9999 -9999 -9999 -9999 -9999 -9999 -9999 -9999 -9999 -9999 -9999 -9999 -9999 -9999 -9999 -9999
3.61 3.6 3.03 3.11 3.29 3.27 3.49 3.49 3.61 3.14 3.09 3.03 3.82 3.11 3.37 4 4.14 4.33 4.91 5.6 6.8 12.41 8.65 13.14 17.09 16.22 17.05 16.78 16.93 15.88 16.93 12.2 12.3 9.25 6.17 5.59 5.73 5.72 6.58 5.27 3.1 3.26 3.41 3.25 3.41 3.17 3.1 3.98 4 -9999 -9999 -9999 -9999 -9999 -9999 -9999 -9999 -9999 -9999 -9999 -9999 -9999 -9999 -9999 -9999 -9999 -9999 -9999 -9999 -9999 -9999 -9999 -9999 -9999 -9999 -9999
2.74 2.88 2.47 2.68 2.63 2.72 2.78 3 3 3 3 3.19 3.17 3.84 5.02 5.51 5.51 4.89 4.27 4.93 8.86 10.39 11.74 19.3 17.99 20.08 18.77 17.9 16.4 15.7 12.46 11.31 9.11 8.52 8.81 7.72 6.5 5.11 4.27 3.74 3.03 2.85 2.88 3.01 3.24 3.72 4 3.86 4 -9999 -9999 -9999 -9999 -9999 -9999 -9999 -9999 -9999 -9999 -9999 -9999 -9999 -9999 -9999 -9999 -9999 -9999 -9999 -9999 -9999 -9999 -9999 -9999 -9999 -9999 -9999
2.1 2.13 2 2.78 2.78 2.89 3.03 3.08 3 3.14 3.01 3.15 3.16 3.55 3.72 3.66 3.77 3.83 4.14 5.01 7.86 11.73 17.24 20.26 15.8 16.86 14.22 12.21 11.5 12.83 11.24 10.3 9.76 9.06 9.65 11.72 6.95 6.14 5.16 3.95 3.13 2.52 3.17 4.07 4.37 4.44 4.08 3.985294 4 -9999 -9999 -9999 -9999 -9999 -9999 -9999 -9999 -9999 -9999 -9999 -9999 -9999 -9999 -9999 -9999 -9999 -9999 -9999 -9999 -9999 -9999 -9999 -9999 -9999 -9999 -9999
2.32 2.45 2.78 3 3 3.03 3.11 3.3 3.4 3.79 3.62 3.81 4.27 4.43 4.32 4.78 4.31 3.97 4.65 6.91 14.06 14.18 17.25 14.57 10.68 11.6 11.5 9.99 10.99 12.55 12.19 9.53 8.75 7.62 7.94 9.67 9.81 12.56 5.47 3.37 5.27 5.28 4.61 4.12 4 4.01 4 4 -9999 -9999 -9999 -9999 -9999 -9999 -9999 -9999 -9999 -9999 -9999 -9999 -9999 -9999 -9999 -9999 -9999 -9999 -9999 -9999 -9999 -9999 -9999 -9999 -9999 -9999 -9999 -9999
2.51 2.65 2.86 3.14 3.01 3.08 3.28 3.94 4.4 5.25 4.7 4.17 5.92 7.72 9.2 7.57 5.31 5.14 4.46 7.88 14.41 9.71 8.92 8.86 8.13 8.27 9.27 9.89 11.15 11.15 10.43 10.02 8.78 5.81 6.02 5.84 7 5.27 3.24 3.04 4.31 3.84 3.51 3.17 3.38 3.88 4 4 -9999 -9999 -9999 -9999 -9999 -9999 -9999 -9999 -9999 -9999 -9999 -9999 -9999 -9999 -9999 -9999 -9999 -9999 -9999 -9999 -9999 -9999 -9999 -9999 -9999 -9999 -9999 -9999
2 2.59 2.9 3.01 3.11 3.31 3.95 4.27 5.41 6.85 6.34 6.22 6.47 8.68 12.95 8.03 7.96 7.02 6.42 5.53 6.62 7.66 7.13 7.16 6.96 8.35 10.22 9.6 10.91 15.42 13.53 9.55 7.87 6.4 5.46 4.61 4.56 3.49 3.51 3.05 3.28 3.12 3.22 3 3 3.09375 3.181818 4 -9999 -9999 -9999 -9999 -9999 -9999 -9999 -9999 -9999 -9999 -9999 -9999 -9999 -9999 -9999 -9999 -9999 -9999 -9999 -9999 -9999 -9999 -9999 -9999 -9999 -9999 -9999 -9999
2.51 3.01 3.38 3.39 3.84 3.77 4.07 5.57 5.65 6.99 9.69 8.51 7.57 8.1 8.49 8.17 8.01 7.19 6.22 5.23 6.02 6.32 6.09 5.86 6.81 8.51 12.14 13.56 13.79 12.25 10.17 9.32 8.6 7.15 5.6 4.08 4.15 5.82 4.79 3.07 3.25 3.68 4.23 3.123711 3.122222 3.79798 3.915663 3.758621 -9999 -9999 -9999 -9999 -9999 -9999 -9999 -9999 -9999 -9999 -9999 -9999 -9999 -9999 -9999 -9999 -9999 -9999 -9999 -9999 -9999 -9999 -9999 -9999 -9999 -9999 -9999 -9999
2.91 3.31 3.83 5 5.64 4.66 4.27 5.14 5.81 7.72 9.68 9.75 8.01 9.02 8.17 8.45 8.37 8.43 6.87 5.92 5.6 6.64 7.31 6.1 7.56 9.78 10.7 12.16 11.59 10.73 10.77 9.58 8.41 7.12 4.61 3.99 5.19 5.93 3.31 2.313433 2.181818 2.142857 3.176471 -9999 3.333333 3.545455 -9999 -9999 -9999 -9999 -9999 -9999 -9999 -9999 -9999 -9999 -9999 -9999 -9999 -9999 -9999 -9999 -9999 -9999 -9999 -9999 -9999 -9999 -9999 -9999 -9999 -9999 -9999 -9999 -9999 -9999
2.97 3.02 3.51 5.15 5.15 4.62 5.41 5.62 6.88 6.65 7.48 7.47 7.66 7.22 7.19 8.23 7.95 6.94 6.61 8.04 8.93 10.59 9.78 7.25 8.29 10.51 12.49 10.25 8.75 6.46 6 5.48 4.45 3.9 3.65 3.46 3.02 2.885417 2.095238 -9999 -9999 -9999 -9999 -9999 -9999 -9999 -9999 -9999 -9999 -9999 -9999 -9999 -9999 -9999 -9999 -9999 -9999 -9999 -9999 -9999 -9999 -9999 -9999 -9999 -9999 -9999 -9999 -9999 -9999 -9999 -9999 -9999 -9999 -9999 -9999 -9999
2.45 3.03 3.75 4.15 5.68 5.83 6.12 6.65 7.18 7.2 6.77 6.85 6.84 6.83 9.11 10.68 9.01 7.09 7.08 9.65 12.31 18.65 17.01 10.24 9 7.95 6.78 5.77 5.14 4.17 3.66 3.35 3 3.95 2.91 2.474227 2 2 -9999 -9999 -9999 -9999 -9999 -9999 -9999 -9999 -9999 -9999 -9999 -9999 -9999 -9999 -9999 -9999 -9999 -9999 -9999 -9999 -9999 -9999 -9999 -9999 -9999 -9999 -9999 -9999 -9999 -9999 -9999 -9999 -9999 -9999 -9999 -9999 -9999 -9999
2.73 2.97 3.06 3.72 4.07 4.66 5.63 5.92 6.54 6.43 5.57 5.54 5.62 9.25 11.61 10.37 8.66 7.76 7.52 9.03 12.29 16.17 19.42 17.35 16.17 15.19 15.07 13.82 8.62 6.09 5.22 4.34 2.82 2.11 2.031915 2.305556 -9999 -9999 -9999 -9999 -9999 -9999 -9999 -9999 -9999 -9999 -9999 -9999 -9999 -9999 -9999 -9999 -9999 -9999 -9999 -9999 -9999 -9999 -9999 -9999 -9999 -9999 -9999 -9999 -9999 -9999 -9999 -9999 -9999 -9999 -9999 -9999 -9999 -9999 -9999 -9999
3.02 3.01 3.49 4.77 4.57 4.21 4.99 4.44 4.81 4.84 4.56 5.02 5.03 6.57 8.27 12.32 16.84 12.93 9.28 9.21 9.44 9.08 11.22 14.91 17.81 18.01 15.1 12.41 9.15 6.95 6.21 4.69 2.95 2 2 -9999 -9999 -9999 -9999 -9999 -9999 -9999 -9999 -9999 -9999 -9999 -9999 -9999 -9999 -9999 -9999 -9999 -9999 -9999 -9999 -9999 -9999 -9999 -9999 -9999 -9999 -9999 -9999 -9999 -9999 -9999 -9999 -9999 -9999 -9999 -9999 -9999 -9999 -9999 -9999 -9999
3 3.02 3.79 4.53 5.01 5.79 7.25 5.43 5.51 5.77 5.81 5.32 5.14 7.15 13.12 19.05 28.22 28.92 22.53 20.88 20.29 18.04 12.24 7.94 6.17 6.5 6.38 5.02 5.09 4.45 3.89 3.15 3.2 3.091837 2 -9999 -9999 -9999 -9999 -9999 -9999 -9999 -9999 -9999 -9999 -9999 -9999 -9999 -9999 -9999 -9999 -9999 -9999 -9999 -9999 -9999 -9999 -9999 -9999 -9999 -9999 -9999 -9999 -9999 -9999 -9999 -9999 -9999 -9999 -9999 -9999 -9999 -9999 -9999 -9999 -9999
3.17 3.2 3.91 4.51 5.67 7.56 7.99 6.29 6.23 6.35 6.99 6.57 6.08 9.09 21.93 33.26 31.82 23.44 19.09 13.91 13.24 14.4 12.98 7.44 4.46 3.78 3.2 4.37 6.44 5.62 3.94 2.88 2.98 2.609375 -9999 -9999 -9999 -9999 -9999 -9999 -9999 -9999 -9999 -9999 -9999 -9999 -9999 -9999 -9999 -9999 -9999 -9999 -9999 -9999 -9999 -9999 -9999 -9999 -9999 -9999 -9999 -9999 -9999 -9999 -9999 -9999 -9999 -9999 -9999 -9999 -9999 -9999 -9999 -9999 -9999 -9999
3.65 4.31 4.17 4.86 4.78 4.89 5.33 7.4 6.9 6.26 7.07 8.58 5.76 5.43 12.91 12.61 12.8 10.17 6.51 4.28 5.98 12.24 11.8 10.17 7.12 3.29 2.22 4.83 5.34 3.31 2.18 2.08 1.934066 1.714286 -9999 -9999 -9999 -9999 -9999 -9999 -9999 -9999 -9999 -9999 -9999 -9999 -9999 -9999 -9999 -9999 -9999 -9999 -9999 -9999 -9999 -9999 -9999 -9999 -9999 -9999 -9999 -9999 -9999 -9999 -9999 -9999 -9999 -9999 -9999 -9999 -9999 -9999 -9999 -9999 -9999 -9999
2.37 2.81 3.02 3.91 3.41 2.72 2.84 5.91 6.96 7.42 8.21 6.91 5.84 4.39 4.59 6.01 6.44 7.24 7.46 4.24 3.44 10.79 15.31 7.86 5.48 4.434343 2.066667 1.505882 1.608696 1.72 1.98 2.041237 1.5 -9999 -9999 -9999 -9999 -9999 -9999 -9999 -9999 -9999 -9999 -9999 -9999 -9999 -9999 -9999 -9999 -9999 -9999 -9999 -9999 -9999 -9999 -9999 -9999 -9999 -9999 -9999 -9999 -9999 -9999 -9999 -9999 -9999 -9999 -9999 -9999 -9999 -9999 -9999 -9999 -9999 -9999 -9999
2.16 2.06 2.2 2.92 3.21 2.53 2.09 2.615385 2.848485 3.054348 4.840909 2.97 3.228261 2.414141 3.9 4.44 4.537634 3.364706 3.77907 3.033333 2.277778 2.621053 1.85 1.66 1.315789 1.363636 1 1 1 1.171053 1.787234 1.5 -9999 -9999 -9999 -9999 -9999 -9999 -9999 -9999 -9999 -9999 -9999 -9999 -9999 -9999 -9999 -9999 -9999 -9999 -9999 -9999 -9999 -9999 -9999 -9999 -9999 -9999 -9999 -9999 -9999 -9999 -9999 -9999 -9999 -9999 -9999 -9999 -9999 -9999 -9999 -9999 -9999 -9999 -9999 -9999
1.61 1.78 1.988636 2 2 2 2 -9999 2 -9999 2 2 -9999 2 2.046512 2.451613 -9999 -9999 -9999 -9999 -9999 1 1 1 1 -9999 -9999 -9999 -9999 2 1.333333 -9999 -9999 -9999 -9999 -9999 -9999 -9999 -9999 -9999 -9999 -9999 -9999 -9999 -9999 -9999 -9999 -9999 -9999 -9999 -9999 -9999 -9999 -9999 -9999 -9999 -9999 -9999 -9999 -9999 -9999 -9999 -9999 -9999 -9999 -9999 -9999 -9999 -9999 -9999 -9999 -9999 -9999 -9999 -9999 -9999
2.47 2.1 1.619048 -9999 -9999 -9999 -9999 -9999 -9999 -9999 -9999 -9999 -9999 -9999 -9999 -9999 -9999 -9999 -9999 -9999 -9999 -9999 -9999 -9999 -9999 -9999 -9999 -9999 -9999 -9999 -9999 -9999 -9999 -9999 -9999 -9999 -9999 -9999 -9999 -9999 -9999 -9999 -9999 -9999 -9999 -9999 -9999 -9999 -9999 -9999 -9999 -9999 -9999 -9999 -9999 -9999 -9999 -9999 -9999 -9999 -9999 -9999 -9999 -9999 -9999 -9999 -9999 -9999 -9999 -9999 -9999 -9999 -9999 -9999 -9999 -9999
1.017544 -9999 -9999 -9999 -9999 -9999 -9999 -9999 -9999 -9999 -9999 -9999 -9999 -9999 -9999 -9999 -9999 -9999 -9999 -9999 -9999 -9999 -9999 -9999 -9999 -9999 -9999 -9999 -9999 -9999 -9999 -9999 -9999 -9999 -9999 -9999 -9999 -9999 -9999 -9999 -9999 -9999 -9999 -9999 -9999 -9999 -9999 -9999 -9999 -9999 -9999 -9999 -9999 -9999 -9999 -9999 -9999 -9999 -9999 -9999 -9999 -9999 -9999 -9999 -9999 -9999 -9999 -9999 -9999 1 1.222222 1.148148 1.913043 1.559322 1.551724 1.895522
-9999 -9999 -9999 -9999 -9999 -9999 -9999 -9999 -9999 -9999 -9999 -9999 -9999 -9999 -9999 -9999 -9999 -9999 -9999 -9999 -9999 -9999 -9999 -9999 -9999 -9999 -9999 -9999 -9999 -9999 -9999 -9999 -9999 -9999 -9999 -9999 -9999 -9999 -9999 -9999 -9999 -9999 -9999 -9999 -9999 -9999 -9999 -9999 -9999 -9999 -9999 -9999 -9999 -9999 -9999 -9999 -9999 -9999 -9999 -9999 -9999 -9999 -9999 -9999 -9999 -9999 -9999 1.619048 2.095238 2.21 2.16 1.38 2.16 3.7 2.89 1.8
-9999 -9999 -9999 -9999 -9999 -9999 -9999 -9999 -9999 -9999 -9999 -9999 -9999 -9999 -9999 -9999 -9999 -9999 -9999 -9999 -9999 -9999 -9999 -9999 -9999 -9999 -9999 -9999 -9999 -9999 -9999 -9999 -9999 -9999 -9999 -9999 -9999 -9999 -9999 -9999 -9999 -9999 -9999 -9999 -9999 -9999 -9999 -9999 -9999 -9999 -9999 -9999 -9999 -9999 -9999 -9999 -9999 -9999 -9999 -9999 -9999 -9999 -9999 -9999 1 1.515152 1.952381 2.848485 3.04 2.7 2.05 1.85 2.55 2.93 2.22 3.25
-9999 -9999 -9999 -9999 -9999 -9999 -9999 -9999 -9999 -9999 -9999 -9999 -9999 -9999 -9999 -9999 -9999 -9999 -9999 -9999 -9999 -9999 -9999 -9999 -9999 -9999 -9999 -9999 -9999 -9999 -9999 -9999 -9999 -9999 -9999 -9999 -9999 -9999 -9999 -9999 -9999 -9999 -9999 -9999 -9999 -9999 -9999 -9999 -9999 -9999 -9999 -9999 -9999 -9999 -9999 -9999 -9999 -9999 -9999 -9999 -9999 -9999 1 1.148649 1.49 2.81 2.77 2.94 2.14 2.13 1.89 1.83 2.08 1.91 1.89 1.57
-9999 -9999 -9999 -9999 -9999 -9999 -9999 -9999 -9999 -9999 -9999 -9999 -9999 -9999 -9999 -9999 -9999 -9999 -9999 -9999 -9999 -9999 -9999 -9999 -9999 -9999 -9999 -9999 -9999 -9999 -9999 -9999 -9999 -9999 -9999 -9999 -9999 -9999 -9999 -9999 -9999 -9999 -9999 -9999 -9999 -9999 -9999 -9999 -9999 -9999 -9999 -9999 -9999 -9999 -9999 -9999 -9999 -9999 -9999 1 1 1.035714 1.33 1.76 1.75 2.3 2.22 2.54 2.12 1.42 1.16 1.12 1.01 1 1 1.07
