taller 1/variables/bioclim10.asc
ncols         720
nrows         300
xllcorner     -30.008325510658
yllcorner     30.991671412252
cellsize      0.083333337679505
NODATA_value  -9999
[rows 132 to 164 of 300, columns 444 to 517 of 720]
111.37 147.74 168.06 176.52 205.91 216.08 219.15 221.41 221.9 219.29 216.69 214.36 214.9 213.16 213.62 211.58 211.4 212.37 213.64 212.99 213.85 215.13 215.21 214.86 211.46 205.98 203.28 200.48 205.1 212.42 217.89 223.71 225.37 226.48 226 225.52 224.73 223.74 223.05 222.69 222.34 222.55 223.19 223.99 224.63 225.19 226.29 227.19 228.06 229.18 230.18 231.07 231.57 231.9 232.11 231.89 231.06 230.13 229.23 228.08 226.88 225.71 224.72 223.83 222.96 222.28 221.697 -9999 -9999 -9999 -9999 -9999 -9999 -9999
94.45 105.97 162.46 198.28 212.02 216.35 218.85 220.03 220.12 218.28 215.02 211.9 214.24 215.07 214.96 213.35 213.11 213.75 214.34 214.3 213.46 212.25 210.29 205.5 200.9 194.3 186.21 185.18 187.31 192.4 205.54 209.03 214.41 218.65 220.01 221.11 222.09 222.04 222.02 221.94 221.8 222.09 222.94 223.86 224.43 225.63 226.53 227.53 228.56 229.71 231.02 231.75 232.44 232.85 232.58 232.65 231.83 230.53 229.42 228.21 226.99 225.71 224.65 223.6477 222.9341 222.0909 222 -9999 -9999 -9999 -9999 -9999 -9999 -9999
103.06 146.71 166.73 199.78 213.21 216.51 217.94 218.45 217.94 215.73 210.63 211.7 213.69 214.64 210.63 211.58 211.41 209.32 211.96 211.67 210.86 207.79 204.39 192.92 190.34 183.03 177.41 165.63 183.98 185.55 186.63 193.64 190.41 200.66 203.63 206.97 213.19 217.5 219.55 219.19 220.2 221.41 222.53 223.74 224.59 225.3 226.44 227.78 229.24 230.51 231.72 232.64 233.16 233.64 233.56 233 232.12 230.82 229.44 228.15 226.88 225.64 224.48 223.9231 222.9524 222 -9999 -9999 -9999 -9999 -9999 -9999 -9999 -9999
74.97 92.87 138.79 187.58 204.76 215.23 215.47 215.44 215.06 214.45 213.27 214.62 213.7 205.29 203.67 205.43 203.25 205.4 209.25 204.21 206.48 200.92 198.78 190.19 180.16 163.86 150.19 166.06 182.05 161.18 175.1 174.88 169.78 179.97 197.36 202.65 209.61 214.25 212.29 214.86 216.84 218.68 220.59 222.27 223.78 224.83 226.52 228.04 229.55 230.91 232.46 233.32 234.23 234.41 234.01 233.31 232.19 230.73 229.42 228.02 226.63 225.39 224.3 223 -9999 -9999 -9999 -9999 -9999 -9999 -9999 -9999 -9999 -9999
109.59 103.28 129.43 163.11 192.86 202.66 210.25 211.83 212.1 211.82 212.48 208.25 202.6 193.69 200.12 197.86 203.93 200.17 198.39 199.31 195.55 183.83 180.19 181.42 173.44 162.47 151.57 168.83 166.49 160.83 159.3 171.75 183.05 186.54 182.23 198.53 196.51 195.56 193.6 205.72 210.28 210.13 213.49 216.17 221.66 223.93 225.97 227.74 229.6 231.26 232.84 234.1 235.02 235.15 234.57 233.37 231.99 230.34 229.01 227.41 226.1 224.73 223.61 222.8139 -9999 -9999 -9999 -9999 -9999 -9999 -9999 -9999 -9999 -9999
101.69 130.5 145.4 156.9 174.74 196.75 205.88 208.31 209.42 208.28 209.22 205.55 192.05 193.58 194.34 197.29 199.66 195.83 184.11 186.28 182.04 171.86 182.4 189.44 175.55 166.26 164.06 165.98 159.89 156.82 153.38 173.86 178.67 177.63 189.14 188.87 168.05 175.99 189.67 190.6 202.06 196.47 198.31 206.98 212.82 218.59 221.57 224.88 228.02 229.71 231.91 234.01 235.63 235.07 234.04 233.05 231.54 229.93 228.26 226.79 225.32 224 222.98 222.2157 -9999 -9999 -9999 -9999 -9999 -9999 -9999 -9999 -9999 -9999
122.35 123.05 139.27 170.52 188.19 199.27 202.65 204.88 206.1 206.48 207.41 200.82 191.07 191.28 191.55 200.33 192.51 190.77 173.14 171.98 186.4239 195.2338 205.8901 206.0102 188.88 182.73 183.56 175.31 177.24 159.39 165.09 172.28 184.53 175.63 171.09 170.18 161.15 166.78 173.94 189.18 188.75 189.31 195.35 201.2 204.2 197.42 205.7 215.47 219.32 221.78 221.7 227.42 228.56 231.79 232.47 231.29 230.29 228.96 227.4 225.92 224.33 223.18 222.07 221.2676 -9999 -9999 -9999 -9999 -9999 -9999 -9999 -9999 -9999 -9999
111.08 105.14 124.48 148.99 170.03 191.41 198.13 200.51 200.11 200.4 197.97 197.2 196.17 187.77 193.57 198.49 193.71 200.54 206.747 207.5122 219 -9999 -9999 220.1538 202.4286 201.5849 205.3978 204.4111 206.39 185.17 182.48 187.08 158.89 165.82 198.96 188.96 155.57 154.23 158.88 164.41 180.31 185.56 187.31 192.11 186.52 188.52 195.68 202.68 197.45 201.74 213.34 219.37 220.04 216.89 222.64 225.77 227.87 227.57 226.19 224.74 223.33 222.01 220.86 219.9 219.1667 -9999 -9999 -9999 -9999 -9999 -9999 -9999 -9999 -9999
103.14 127.3 136.65 148.15 169.51 170.64 176.25 161.62 175.22 169.9 174.75 170.31 185.72 181.15 179.09 187.61 201.36 215.4925 -9999 -9999 -9999 -9999 -9999 -9999 -9999 -9999 205.1 222 210.8649 207.9565 193.04 197.1 199.55 182.66 188.54 212.61 199.8 185.97 160.09 146.1 138.96 152.66 168.4 166.57 175.01 188.35 198.87 190.45 189.06 208.54 210.03 201.87 205.19 207.92 216.28 220.56 222.12 223.08 224.29 223.48 222.25 220.77 219.38 218.29 218.0465 -9999 -9999 -9999 -9999 -9999 -9999 -9999 -9999 -9999
122.76 108.79 92.29 105.57 129.38 127.79 147.89 132.01 121.62 115.89 140.32 157.25 178.45 178.5 180.64 207.44 210.225 218.6667 -9999 -9999 -9999 -9999 -9999 -9999 -9999 -9999 -9999 -9999 -9999 216 209.6765 202.6667 206.57 209.41 208.55 211.28 212.86 204.4 186.05 181.11 164.69 154.26 150.73 161.17 143 169.89 186.12 190.49 204.1 193.37 196.72 177.51 184.49 196.15 203.91 205.82 211.38 215.93 216.34 219.2 220.42 219.48 218.08 216.97 217.3804 218.5238 -9999 -9999 -9999 -9999 -9999 -9999 -9999 -9999
129.64 149.02 109.97 113.62 98.03 94.19 126.87 146.05 127.05 154.01 164.27 168.87 188.24 202.04 209.1225 216.5882 -9999 -9999 -9999 -9999 -9999 -9999 -9999 -9999 -9999 -9999 -9999 -9999 -9999 -9999 -9999 213.125 197.4444 209.3333 219.1667 217.6979 206.25 186.99 165.92 172.08 193.04 195.25 167.61 144.95 154.75 155.28 156.28 182.02 190.3 176.18 183.5 174.61 193.99 189.45 188.09 195.87 203.23 203.82 207.63 212.26 214.61 214.31 215.65 215.99 217.45 218.3608 219.3056 220 -9999 -9999 -9999 -9999 -9999 -9999
145.19 175.51 148.06 158.92 138.47 120.68 155.23 160.11 150.75 158.75 184 200.3 209.43 215.24 217.0517 -9999 -9999 -9999 -9999 -9999 -9999 -9999 -9999 -9999 -9999 -9999 -9999 -9999 -9999 -9999 -9999 -9999 -9999 206.3333 221.4286 216.0417 220.1053 214.5 195.63 179.98 180.11 199.09 204.85 195.3 187.12 182.59 183.35 177.8 176.01 200.03 201.83 204.91 196.59 183.32 179.49 184.9 187.24 197.81 202.8 206.06 208.33 211.13 212.9 211.91 215.1 217.64 219.24 220.1045 221 -9999 -9999 -9999 -9999 -9999
177.98 184.67 180.66 181.3 160.91 159.22 181.84 175.26 181.39 181.84 187.8 208.26 209.5 217.4156 220.8571 -9999 -9999 -9999 -9999 -9999 -9999 -9999 -9999 -9999 -9999 -9999 -9999 -9999 -9999 -9999 -9999 -9999 -9999 -9999 -9999 -9999 -9999 221 219.875 207.14 191.01 203.39 208.69 190.84 201.62 197.56 215.2 219.3 210.65 210.19 205.83 211.63 217.19 216 200.97 184.32 178.03 182.51 196.99 195.57 195.17 203.55 208.27 209.45 212.99 213.48 216.64 218.73 220.3696 219.7083 219.8462 221 -9999 -9999
184.67 185.86 194.74 186.04 183.74 189.32 198.93 209.1 196.93 202.27 211.5056 217.8358 221.2667 224 -9999 -9999 -9999 -9999 -9999 -9999 -9999 -9999 -9999 -9999 -9999 -9999 -9999 -9999 -9999 -9999 -9999 -9999 -9999 -9999 -9999 -9999 -9999 -9999 221.5 220.5895 215.35 218.5 221.5 220.97 222.15 224.58 220.92 223.94 226.83 223.89 217.72 207.81 203.34 201.51 208.58 182 165.45 174.92 187.14 189.73 189.13 198.14 200.19 203.57 197.24 206.98 213.48 216.17 218.29 219.22 219.72 219.6512 220.4667 -9999
166.99 181.45 206.1 200.06 203.79 196.7738 205.6136 219.0263 212.6875 221.8 -9999 -9999 -9999 -9999 -9999 -9999 -9999 -9999 -9999 -9999 -9999 -9999 -9999 -9999 -9999 -9999 -9999 -9999 -9999 -9999 -9999 -9999 -9999 -9999 -9999 -9999 -9999 -9999 -9999 220.1572 220 215.74 210.8 222.18 224.26 225.53 225.77 219.85 223.75 226.62 228.39 227.48 218.6 218.4 195.16 175.06 193.1 184.24 174.24 180.76 175.98 177.51 196.2 183.8 196.19 211.31 214.91 216.91 217.44 215.18 217 219.28 219.24 219.1077
196.08 206.87 212.0238 212.6889 201.0556 216 -9999 -9999 -9999 -9999 -9999 -9999 -9999 -9999 -9999 -9999 -9999 -9999 -9999 -9999 -9999 -9999 -9999 -9999 -9999 -9999 -9999 -9999 -9999 -9999 -9999 -9999 -9999 -9999 -9999 -9999 -9999 -9999 -9999 220.3167 220.02 221.24 217.3 222.79 224.17 225.89 225.91 226.9 224.69 223.79 223.55 224.04 212.91 219.35 195.51 166.98 186.03 201 195.17 178.11 190.15 181.73 188.83 192.55 204.32 210.78 212.83 214.36 213.3 215.14 218.73 218 218.43 218.28
205.87 211.9853 -9999 -9999 -9999 -9999 -9999 -9999 -9999 -9999 -9999 -9999 -9999 -9999 -9999 -9999 -9999 -9999 -9999 -9999 -9999 -9999 -9999 -9999 -9999 -9999 -9999 -9999 -9999 -9999 -9999 -9999 -9999 -9999 -9999 -9999 -9999 -9999 -9999 220.8636 220.89 221.66 222.85 223.62 223.76 223.02 224.15 226.06 224.87 220.81 219.75 217.06 204.16 217.81 215.69 191.32 173.26 194.34 198.02 180.3 199.25 195.88 184.77 192.81 201.05 205.87 208.99 214.4 213.17 210.14 215.06 218.31 218.66 219.05
208.44 213.7143 -9999 -9999 -9999 -9999 -9999 -9999 -9999 -9999 -9999 -9999 -9999 -9999 -9999 -9999 -9999 -9999 -9999 -9999 -9999 -9999 -9999 -9999 -9999 -9999 -9999 -9999 -9999 -9999 -9999 -9999 -9999 -9999 -9999 -9999 -9999 -9999 -9999 221.8 218.89 218.54 221.31 220.12 223.67 224.08 220.53 219.59 225.18 223.64 217.23 212.07 201.83 207.55 215.93 213.36 206.94 202.22 203.47 196.74 201.99 206.81 205.12 199.04 196.84 198.53 192.99 204.69 210.69 212.69 214.65 216.03 218.31 219.19
-9999 -9999 -9999 -9999 -9999 -9999 -9999 -9999 -9999 -9999 -9999 -9999 -9999 -9999 -9999 -9999 -9999 -9999 -9999 -9999 -9999 -9999 -9999 -9999 -9999 -9999 -9999 -9999 -9999 -9999 -9999 -9999 -9999 -9999 222 -9999 -9999 -9999 -9999 -9999 218.8696 219.67 221.13 212.85 219.1 223.59 221.68 215.65 219.77 223.71 220.67 209.59 207.49 203.55 201.58 209.07 204.15 204.81 203.73 196.51 194.81 201.48 205.4 206.28 202.14 201.24 198.88 205.36 188.11 205.27 214.65 212.38 216.35 217.92
-9999 -9999 -9999 -9999 -9999 -9999 -9999 -9999 -9999 -9999 -9999 -9999 -9999 -9999 -9999 -9999 -9999 -9999 -9999 -9999 -9999 -9999 -9999 -9999 -9999 -9999 -9999 -9999 -9999 -9999 -9999 -9999 -9999 -9999 -9999 -9999 -9999 -9999 -9999 -9999 -9999 224.8197 222.67 218.99 219.9 223.84 221.79 219.17 219.35 220.75 214.73 216.19 213.41 212.08 209.03 204.63 204.16 207.06 204.54 199.42 194.77 201.02 208.37 209.74 207.09 205.3 203.88 202.02 201.45 200.27 214.04 214.86 201.14 213.51
-9999 -9999 -9999 -9999 -9999 -9999 -9999 -9999 -9999 -9999 -9999 -9999 -9999 -9999 -9999 -9999 -9999 -9999 -9999 -9999 -9999 -9999 -9999 -9999 -9999 -9999 -9999 -9999 -9999 -9999 -9999 -9999 -9999 -9999 -9999 -9999 -9999 -9999 -9999 -9999 -9999 226.1429 226.2716 222.82 222.22 219.5 219.94 220.13 218.46 214.34 213.3 217.83 217.93 216.6 213.96 208.79 206.67 208.66 208.98 206.77 197.58 200.11 206.65 206.89 211.66 205.06 204.31 210.65 211.08 200.63 201.47 213.44 209.38 203.64
-9999 -9999 -9999 -9999 -9999 -9999 -9999 -9999 -9999 -9999 -9999 -9999 -9999 -9999 -9999 -9999 -9999 -9999 -9999 -9999 -9999 -9999 -9999 -9999 -9999 -9999 -9999 -9999 -9999 -9999 -9999 -9999 -9999 -9999 -9999 -9999 -9999 -9999 -9999 -9999 -9999 -9999 227.4423 224.27 218.84 217.67 210.61 208.22 213.84 215.67 214.9 217.76 215.55 218.13 215.1 209.98 206.18 210.72 210.32 209.99 209.76 207.94 207.43 208.04 207.62 213.61 208.39 211.1 207.53 202.29 195.56 200.88 215.31 208.75
-9999 -9999 -9999 -9999 -9999 -9999 -9999 -9999 -9999 -9999 -9999 -9999 -9999 -9999 -9999 -9999 -9999 -9999 -9999 -9999 -9999 -9999 -9999 -9999 -9999 -9999 -9999 -9999 -9999 -9999 -9999 -9999 -9999 -9999 -9999 -9999 -9999 -9999 -9999 -9999 -9999 -9999 226.551 219 223.16 221.43 215.02 206.21 207.35 213.36 213.02 215.58 216.99 218.32 215.46 211.2 205.46 208.11 212.14 211.58 212.86 214.31 213.08 213.36 211.32 215.81 216.08 209.87 202.89 207.32 189.61 187.54 207.74 211.25
-9999 -9999 -9999 -9999 -9999 -9999 -9999 -9999 -9999 -9999 -9999 -9999 -9999 -9999 -9999 -9999 -9999 -9999 -9999 -9999 -9999 -9999 -9999 -9999 -9999 -9999 -9999 -9999 220.9 222.3077 -9999 -9999 -9999 217.5 222.6667 -9999 -9999 -9999 -9999 -9999 -9999 229 228.5 226.42 226.08 222.72 219.81 218.6 213.55 211.39 214.83 214.91 218.3 210.53 212.25 211.14 211.45 203.51 210.43 214.41 213.24 213.31 215.37 217.01 217.49 217.5 218.39 216.39 200.95 203.52 194.87 186.34 202.02 194.32
-9999 -9999 -9999 -9999 -9999 -9999 -9999 -9999 -9999 -9999 -9999 -9999 -9999 -9999 -9999 -9999 -9999 -9999 -9999 -9999 -9999 -9999 -9999 -9999 -9999 -9999 -9999 -9999 211.2254 216.1642 -9999 -9999 -9999 -9999 -9999 -9999 -9999 -9999 -9999 -9999 -9999 226.5 227.2615 228.95 226.0182 225.5957 223.87 222.84 223.71 222.09 219.57 221.02 221.05 217.92 213.59 197.77 204.55 208.37 201.52 216.19 211.76 208.59 212.05 218.61 220.2 215.5 213.62 220.15 219.97 199.03 192.93 183.91 182.32 184.61
-9999 -9999 -9999 -9999 -9999 -9999 -9999 -9999 -9999 -9999 -9999 -9999 -9999 -9999 -9999 -9999 -9999 -9999 -9999 -9999 -9999 -9999 -9999 -9999 -9999 -9999 -9999 215 198.2604 214.1379 -9999 -9999 -9999 -9999 -9999 -9999 -9999 -9999 -9999 231.6667 227.4118 227.1667 -9999 -9999 -9999 225.3333 217.92 221.57 224.18 221.37 218.26 221.39 218.66 203.94 195.4 177.37 202.42 209.87 206.75 212.85 218.43 213.24 209.45 214.93 221.42 217.01 214.71 216.68 221.27 195.55 188.07 199.79 193.4 172.39
-9999 -9999 -9999 -9999 -9999 -9999 -9999 -9999 -9999 -9999 -9999 -9999 -9999 -9999 -9999 -9999 -9999 -9999 -9999 -9999 -9999 -9999 -9999 -9999 -9999 -9999 -9999 -9999 197.1928 201.9886 -9999 -9999 -9999 -9999 -9999 -9999 -9999 216.34 219.2532 227.3544 226.8289 227.5882 -9999 -9999 228 224 221.1618 224.2421 223.73 222.94 222.28 220.32 216.25 205.92 199.33 202.21 203.32 216.63 213.96 214.51 221.87 221 211.13 214.31 221.02 221.32 209.51 208.75 220.09 212.3 195.75 192.31 190.58 190.43
-9999 -9999 -9999 -9999 -9999 -9999 -9999 -9999 -9999 -9999 -9999 -9999 -9999 -9999 -9999 -9999 -9999 -9999 -9999 -9999 -9999 -9999 -9999 -9999 219.4615 214.1412 215.6632 217.9811 206.701 211.0702 -9999 -9999 -9999 -9999 -9999 -9999 -9999 222.3333 231 -9999 221.8182 224.8571 -9999 -9999 -9999 -9999 -9999 224.2 223.7609 223.14 220.05 215.28 212.31 215.73 214.22 214.8 210.63 212.8 214.69 212.6 214.63 222.83 225.32 218.99 215.55 219.85 219.16 209.47 208.55 198.67 183.82 183.99 188.93 177.02
-9999 -9999 -9999 -9999 -9999 -9999 -9999 -9999 -9999 -9999 -9999 -9999 -9999 -9999 -9999 -9999 -9999 -9999 -9999 -9999 221 219.1667 215.0172 215.1647 212.1031 209.8 189.16 209.58 203.37 218.7162 222 -9999 -9999 -9999 -9999 -9999 232.125 232.8 -9999 -9999 -9999 -9999 -9999 -9999 -9999 -9999 -9999 -9999 223.7143 221.5584 221.85 220.76 221.78 222.03 219.11 221.3 217.83 214.18 219.73 224.52 215.71 220.82 228.47 224.68 213.66 220.26 222.42 210.2 210.32 211.16 178.58 189.3 178.57 163.26
-9999 -9999 -9999 -9999 -9999 -9999 -9999 -9999 -9999 -9999 -9999 -9999 -9999 -9999 -9999 -9999 -9999 -9999 -9999 -9999 212.1864 215.3958 203.85 182.75 184.37 197.23 186.78 188.34 195.95 216.39 221.4167 -9999 -9999 -9999 -9999 -9999 -9999 -9999 -9999 -9999 -9999 -9999 -9999 -9999 -9999 -9999 -9999 -9999 -9999 223.7143 225.3158 225.26 224.26 223.39 220.37 222.89 221.61 218.46 221.97 225.78 221.87 226.21 230.15 230.64 224.03 223.85 226.54 226.07 213.56 212.4 187.93 159.84 168.05 188
-9999 -9999 -9999 -9999 -9999 -9999 -9999 -9999 -9999 -9999 -9999 -9999 -9999 -9999 -9999 -9999 -9999 -9999 -9999 218.7857 211.4947 196.88 171.11 148.59 166.88 183.85 204.38 194.51 192.61 206.01 219.9643 -9999 -9999 -9999 -9999 -9999 -9999 -9999 -9999 -9999 -9999 -9999 -9999 -9999 -9999 -9999 -9999 -9999 -9999 222.3333 226.1 223.5978 225.62 224.7 224.98 226.11 225.67 226.24 227.61 230.11 230.59 228.04 223.13 227.24 228.71 229.48 221.73 214.18 195.75 215.52 214.45 176.47 170.45 171.33
-9999 -9999 -9999 -9999 -9999 -9999 -9999 -9999 -9999 -9999 -9999 -9999 -9999 -9999 -9999 -9999 -9999 -9999 214.4615 209.08 200.54 191.04 159.96 140.93 163.28 179.11 191.08 178.64 183.43 190.11 218.0727 -9999 -9999 -9999 -9999 -9999 -9999 -9999 -9999 224 -9999 -9999 -9999 -9999 -9999 -9999 222.4074 221.3333 -9999 218.913 218.5926 -9999 227.2857 228.0286 228.4167 228.46 228.2 228.22 229.66 230.8 230.92 218.89 208.68 224.05 228.11 230.64 227.47 220.28 202.07 207.54 210.57 207.16 190.92 168.66
-9999 -9999 -9999 -9999 -9999 -9999 -9999 -9999 -9999 -9999 -9999 -9999 -9999 -9999 -9999 -9999 -9999 -9999 -9999 213.9677 205.6742 180.22 155.42 154.38 153.27 170.46 199.14 189.85 186.25 200.75 219.7105 -9999 -9999 -9999 -9999 -9999 -9999 -9999 -9999 220.3333 -9999 -9999 -9999 -9999 -9999 -9999 -9999 -9999 -9999 227.6667 -9999 -9999 -9999 -9999 -9999 229.1111 228.734 228.32 228.18 228.84 227.7 219.39 220.72 225.98 228.2 229.4 229.4 228.28 216.72 209.46 208.99 200.69 199.56 180.23
