taller 1/variables/bioclim17.asc
ncols         720
nrows         300
xllcorner     -30.008325510658
yllcorner     30.991671412252
cellsize      0.083333337679505
NODATA_value  -9999
[rows 132 to 164 of 300, columns 370 to 443 of 720]
198.61 195.74 195.25 198.14 198.96 195.83 194.06 191.88 190.18 185.84 179.84 178.99 176.7 184.6 188.12 186.25 178.56 172.05 169.3 169.12 168.85 167.87 175.14 169.09 166.84 155.73 147.51 137.58 133.92 140.6 165.14 153.78 134.86 127.87 131.85 147.16 128.01 127.46 145.51 179.13 192.83 170.43 164.6 177.34 174.36 182.18 188.34 189.09 180.88 183.62 188.04 202.09 231.15 233.86 245.27 246.82 258.93 229.52 225.35 232.49 259.01 275.02 311.43 312.91 320.28 345.43 374.81 344.7 296.71 301.3 297.02 284.42 304.56 334.55
190.23 191.56 192.61 193.93 192.16 187.28 184.89 183.88 182.7 182.2 186.49 182.99 177.64 181.11 189.03 189.98 181.28 176.77 171.53 167.28 165.69 157.32 159.76 156.12 153.11 148.83 145.79 147.73 149.94 141.7 148.08 171.71 154.57 144.96 131.55 151.85 149 143.83 160.76 185.9 198.27 169.69 169.46 174.27 176.21 180.86 187.44 186.07 177.32 179.51 188.84 218.68 233.06 235.02 247.12 256.22 263.76 225.77 216.68 217.37 221.13 244.9 272.52 305.93 334.65 345.4 365.08 286.11 289.98 256.76 297.89 320.44 348.28 336.91
194 193.36 192.03 193.66 187.49 186.4 182.9 184.8 183.82 184.57 186.7 185.39 187.77 185.87 189.06 185.72 176.35 172.06 175.28 171.15 160.8 158.15 155.16 160.35 167.33 167.48 165.1 164.35 161.89 148.4 144.11 164.48 177.11 162.16 147.49 138.66 156.01 169.61 171.66 177.53 189.09 190.84 182.94 178.04 178.23 181.98 182.63 172.87 173.87 177.39 188.98 200.19 207.93 205.72 206.06 241.77 258.85 234.06 214.26 233.76 249.7 231.18 242.31 270.41 292.49 307.41 338.47 314.07 235.9 289.29 311.76 298.19 295.64 297.82
191.95 194.78 195.65 195.86 191.91 187.27 185.25 187.91 189.73 188.8 187.95 184.15 183.02 183.91 182.53 175.65 168.16 169.29 168.68 165.93 160.94 153.61 159.13 162.51 174.76 185.48 170.94 173.46 166.72 154.08 150.73 160.63 186.31 178.19 166.43 157.8 152.38 175.46 188.06 173.57 161.21 162.5 167.12 175.64 184.27 183.12 175.79 170.31 182.48 178.33 180.4 185.2 194.49 196.65 207.9 210.11 223.18 240.31 238.81 254.14 255.62 254.45 223.1 241.77 274.14 263.19 306.54 317.7 286.68 211.56 268.03 280.7 308.72 335.79
189.07 192.21 191.1 193.52 191.56 191.41 190.9 191.02 192.51 191.67 188.73 184.05 180.51 176.56 174.06 170.31 167.4 165.79 164.65 163.4 158.58 156.84 159.06 160.7 164.72 181.96 187.46 181.99 172.21 155.15 156.1 164.01 181.22 183.35 174.34 182.67 172.18 167.58 181.94 178.73 167.52 164.41 166.8 170.97 180.47 184.12 172.56 166.8 169.95 170.83 180.84 191.86 215.92 202 219.6 201.06 219.49 231.79 224.06 246.52 247.7 259.78 240.85 213.85 229.97 280.73 284.67 281.82 206.84 256.55 279.34 322.98 323.09 341.22
184.44 183.76 185.71 186.09 185.43 188.27 187.39 189.61 189.08 187.59 184.96 182.8 182.11 178.14 175.48 173.92 173.48 167.17 164.14 161.75 160.81 157.48 151.31 150.53 150.79 158.18 171.16 178.03 161 144.24 149.84 154.37 155.81 163.38 173.7 182.54 170.54 159.06 167.03 161.51 162.11 162.53 161.04 164.94 171.25 164.66 158.83 160.37 165.51 172.55 184.08 189.81 201.76 203.21 214.63 213.99 211.42 219.39 208.07 204.91 211.62 223.06 197.86 194.83 201.21 196.54 193.67 191.31 215.29 286.71 297.5 289.11 329.64 311.6
179.29 179.08 183.78 183.87 183.59 185.25 184.54 182.31 181.79 184.39 182.43 181.27 181.14 182.27 180.49 180.61 179 175.54 172.55 165.11 165.1 161.94 158.64 155.82 153.34 149.33 149.8 150.15 147.41 151.88 152.97 156.71 159.75 186.27 197.46 192.12 174.28 159.35 161.76 158.26 156.42 153.42 153.72 161.12 167.69 160.41 153.03 157.68 162.93 165.25 174.05 195.77 190.77 196.83 191.49 204.27 208.54 216.96 197.06 194.48 216.85 200.25 183.97 197.67 191.57 193.89 208.86 246.21 274.74 294.87 269.54 262.61 290.95 279.51
180.05 181.46 184.23 185.67 184.26 184.78 185.59 183.87 182.49 182.66 182.94 185.6 185.25 184.5 180.82 184.63 182.88 181.43 178.63 173.36 169.64 165.75 165.79 165.72 160.65 156.26 157.01 159.38 159.62 158.65 157.44 162.01 158.3 162.92 174.6 189.39 196.4 165.51 166.28 156.08 148.25 152.14 151.67 157.28 159 151.1 143.38 149.11 150.46 152.42 161.33 166.83 172.55 176.96 189.86 184.59 191.42 200.64 195.01 184.68 184.07 178.31 192.28 207.37 204.04 212.4 222.49 244.79 250.45 223.72 243.19 284.74 294.43 277.02
178.72 179.93 181.26 178.36 177.15 178.97 179.46 178.99 178.67 178.9 181.48 182.52 183.6 182.35 182.6 186.41 189.25 185.76 182.83 182.31 176.31 171.71 172.6 171.84 171.69 171.14 164.9 161.71 162.41 163.79 167.35 170.78 175.07 165.87 173.95 176.8 166 160.85 157.93 149.83 146.25 143.11 147.15 149.19 146.1 138.93 137.25 140.99 140.84 145.73 149.14 154.94 167.61 171.5 184.14 189.82 200.09 194.16 186.49 181.35 169.22 170.62 182.42 206.74 230.51 217.63 211.45 244.6 277.22 256.74 280.92 289.88 257.01 274.53
174.9 174.56 172.85 172.75 173.13 171.98 170.63 171.78 169.83 170.95 177.62 177.26 174.88 177.42 177.25 181.5 179.98 178.24 179.28 177.63 175.76 177.74 178.58 176.8 178.36 170.44 161.8 157.26 161.44 167.61 171.97 175.04 179.9 173.32 166.91 160.48 163.01 158.22 147.84 146.48 139.6 143.53 147.2 139.52 138.09 135.81 132.85 134.2 134.34 135.91 146.24 148.57 169.32 188.18 180.71 183.93 191.61 187.56 191.18 189.44 166.63 165.72 176.35 190.97 196.54 189.42 185.18 206.69 258.35 232 262.68 252.78 260.09 232.36
168.81 168.65 170.3 167.7 166.17 167.21 168.76 164.98 164.39 166.68 173.21 174.88 171.02 169.21 174.13 174.53 172.03 175.87 174.23 175.01 178.12 180.78 180.95 178.08 177.22 162.25 158.73 161.37 165.42 168.66 174.13 184.72 200.1 178.45 166.27 158.3 148.88 146.87 141.34 134.74 136.44 143.57 141.8 139.04 135.47 130.16 126.15 125.63 125.94 126.24 131.06 137.64 149.09 183.23 187.12 176.09 188.64 197.35 193.42 200.96 186.07 164.11 164.09 171.51 171.53 165.66 192.16 218.2 208.43 225.58 260.41 206.03 193.51 231.96
170.45 168.5 165.84 164.03 163.88 162.39 162.13 163.3 164.34 165.47 171.54 175.12 170.07 167.62 168.46 166.36 164.99 171.78 172.71 172.22 171.32 171.25 167.24 160.2 164.53 158.57 164.12 170.57 173.71 166.49 170.72 188.38 190.54 166.33 151.18 164.07 146.29 138.32 131.73 129.64 129.14 131.06 129.23 128.28 131.39 131.15 125.35 120.58 119.71 118.31 120.34 125.67 134.4 155.26 168.4 179 171.4 168.84 163.1 163.76 156.91 150.13 155.75 155.59 157.83 172.12 175.42 189.63 194.43 195.18 207.45 186.06 179.15 198.51
173.4 171.75 169.49 165.92 161.76 161.24 160.76 162.3 162.91 163.63 165.62 165.83 164.47 160.89 160.16 157.28 155.58 160.97 161.79 161.31 162.61 166.41 155.79 151.86 156.08 162.44 166.77 174.69 171.82 172.23 172.57 167.1 159.71 148.43 138.59 143.13 134.16 130.11 127 127.29 125.35 121.86 122.77 122.6 119.57 120.12 118.81 115.06 113.57 114.22 114.36 128.73 140.57 136.64 141.65 154.06 158.84 150.86 150.84 144.87 140.19 143.41 150.6 151.89 156.64 176.12 165.88 174.04 172.56 179.71 162.42 153.08 153.01 150.66
172.94 167.92 168.44 167.4 161.24 159.95 159.79 157.35 160 162.41 161.45 158.92 157.69 159.03 157.02 157.92 156.98 161.89 169.91 176.1 178.43 165.29 160.46 153.92 151.21 160.12 160.21 162.94 168.05 169.73 167.94 160.93 152.82 147.85 132.79 134.61 132.78 128.49 122.22 123.83 123.48 122.38 119.51 116.14 114.23 110.79 111.14 109.27 109.5 109.04 108.99 113.04 114.82 117.03 124.57 132.02 134.34 136.23 139.66 135.3 129.3 138.51 142.48 145.92 154.61 185.08 182.02 169.42 162.02 187.77 172.35 162.12 147.59 145.67
168.68 168.02 172.34 167.78 162.02 157.54 158.66 158.85 157.71 156.91 155.5 156.81 159.79 159.59 156.66 155.19 155.12 162.64 169.92 176.33 181.4 180.96 170.92 175.64 176.01 162.44 163.76 154.47 159.18 152.79 150.73 156.39 151.94 132.98 132.81 129.73 125.87 123.61 119.42 117.96 116.37 113.91 111.78 111.36 108.86 106.33 105.79 107.9 109.12 106.35 107.24 114.31 120.73 121.14 122.63 131.4 129.91 128.66 125.56 118.9 125.42 130.6 134.88 137.06 135.68 159.13 160.53 152.59 155.55 160.84 166.56 172.58 165.58 156.1
169.25 168.27 167.85 167.67 161.55 158.82 154.45 156.6 158.4 158.74 160.21 156.76 156.43 158.77 160.37 154.86 153.32 159.81 169.21 172.51 177.51 190.01 200.18 191.72 189.71 174.16 164.65 146.34 140.93 137.88 126.49 125.93 123.82 125.07 126.2 123.6 119.68 119.08 116.17 113.05 110.57 110.3 109.49 106.12 103.29 101.93 101.51 100.88 101.8 104.88 102.06 102.68 103.92 107.1 105.68 105.11 107.63 116.25 114.3 114.48 119.96 126.04 126.51 129.03 137.39 152.93 147.8 147.46 145.74 153.54 146.01 136.07 143.67 132.69
169.91 169.38 165.88 164.51 164.77 159.45 155.09 154.52 157.25 159.09 159.12 159.88 161.37 159.58 154.96 147.66 146.38 147.13 166.96 172.58 183.24 189.7 186.98 189.29 193.49 183.13 149.6 130.07 132.66 128.92 123.65 115.61 114.63 123.35 120.58 116.28 114.72 113.81 111.58 109.26 107.2 105.38 103.29 101.47 99.78 98.23 96.93 95.9 95.06 94.36 93.72 93.69 95.63 99.81 106.56 106.67 107.3 110.92 113.71 114.13 115.24 117.06 121.12 119.92 121.16 131.51 133.88 129.68 127.62 121.91 112.22 108.98 106.49 99.85
171.45 168.27 167.13 170.57 163.78 159.07 156.17 158.2 156 158.4 160.11 160.27 160.47 157.84 154.24 147.86 147.79 146.09 147.64 170.48 181.88 189.02 188.37 169.07 146.14 132.73 134.25 130.23 120.96 118.25 114.28 110.08 113.53 118.4 112.55 111.47 109.7976 110.7073 110.0714 106.1087 104.15 102.13 100.2 98.24 96.5 94.7 92.98901 91.26 90.02 88.93 87.01 86.64 85.79 90.91 91.53 96.99 104.29 115.96 110.26 112.39 112.39 105.17 105.83 108.99 104.41 105.69 108.57 106.14 104.7 103.33 104.11 103.15 103.4 95.5873
169.47 167.51 170.46 170.64 164.76 160.62 159.2 160.36 160.84 158.11 159.46 161.27 161.98 157.23 164.11 176.82 191.35 197.89 184.36 189.1 170.73 172.05 159.91 153.28 145.83 124.17 113.85 111.28 110.4 109.01 107.6 106.68 108.07 106.59 107.3404 107.3962 107 -9999 -9999 103 102.1667 100.0667 97.97436 96.39474 94 91.60526 89.59596 87.6383 86.2093 84.53947 82.87 79.45 77.78 85.43 87.9 92.96 96.19 96.49 99.25 109.36 99.95 100.06 100.97 96.4 96.88 97.91 95.63 95.01 94.96 96.1 94.25253 96.53012 96.90278 96.44444
171.13 170.52 170.76 168.72 164.32 163.95 164.98 160.35 163.02 162.53 160.16 159.2 156.83 154.67 162.36 171.48 175.91 175.51 166.72 168.08 159.51 146.55 137.9 127.6 119.46 113.77 109.32 105.34 104.63 104.56 103.2 102.4 102.4388 102.7273 107 -9999 -9999 -9999 -9999 -9999 -9999 -9999 -9999 -9999 90.33334 88.83334 87.09524 85.03175 83.22581 81 80.54412 81.03409 79.49397 83.58334 84.24445 91.27 99.72 92.07 102.86 108.98 108.11 101.61 100.64 97.64 95.72 94.4 90.12 91.64 96.67 96.48 93.27119 -9999 -9999 -9999
173.43 170.99 169.9 164.6 162.9 166.15 166.02 167.22 162.92 163.46 164.62 163.41 161.94 152.42 142.39 138.07 134.89 133.06 127.97 125.1 118.43 114.42 109.43 110.23 105.78 102.11 100.15 100.84 100.5 99.50562 99.95652 99.63636 100 -9999 -9999 -9999 -9999 -9999 -9999 -9999 -9999 -9999 -9999 -9999 -9999 -9999 -9999 -9999 -9999 -9999 -9999 -9999 -9999 72 72.74138 80.31 82.22 86.7 100.74 102.93 108.55 101.3 96.66 90.61 88.91 96.16 99.44 94.72 88.69 87.26389 86.11765 -9999 -9999 -9999
174.87 171.93 167.29 164.87 164.97 165.94 165.06 167.48 169.69 166.17 164.15 165.95 166.41 164.38 152.02 140.24 138.19 126.1 122.87 120.24 116.51 112.1 109.26 103.99 102.77 100.94 97.69 102.06 98.50819 97.5 -9999 -9999 -9999 -9999 -9999 -9999 -9999 -9999 -9999 -9999 -9999 -9999 -9999 -9999 -9999 -9999 -9999 -9999 -9999 -9999 -9999 -9999 -9999 -9999 75.91304 82.33334 78.95556 79.21127 78.73333 78.99 93.55 97.48 82.42 77.77 82.24 87.03 93.56 87.08 85.97403 85.15493 83 -9999 -9999 -9999
171.9 167.08 171.17 171.19 171.07 167.54 166.21 167.26 169.13 169.14 168.49 170.16 170.16 168.04 161.21 148.46 141.69 132.86 138.19 144.67 128.75 125.18 110.51 108.63 106.43 100.58 95.59 98.61702 -9999 -9999 -9999 -9999 -9999 -9999 -9999 -9999 -9999 -9999 -9999 -9999 -9999 -9999 -9999 -9999 -9999 -9999 -9999 -9999 -9999 -9999 -9999 -9999 -9999 -9999 -9999 -9999 -9999 -9999 71.77778 70.53061 70.18681 74.09677 72.06173 72.85555 74.51852 76.42 78.63636 82 -9999 -9999 -9999 -9999 -9999 -9999
181.45 176.65 172.76 171.28 173.51 172.7 167.94 170.63 173.73 169.75 174.29 173.52 174.25 172.15 177.03 163.04 149.89 153.93 168.8 168.81 141.73 131.5 124.16 119.17 108.26 96.74 93.81177 93 -9999 -9999 -9999 -9999 -9999 -9999 -9999 -9999 -9999 -9999 -9999 -9999 -9999 -9999 -9999 -9999 -9999 -9999 -9999 -9999 -9999 -9999 -9999 -9999 -9999 -9999 -9999 -9999 -9999 -9999 -9999 67.66666 70.88889 -9999 -9999 68.78947 69.25 -9999 72.375 73.83334 74 -9999 -9999 -9999 -9999 -9999
228.25 209.08 195.02 188.47 180.42 193.28 199.36 203.52 188.23 174.86 177.87 177.61 176.66 177.59 180.37 177.6 162.55 158.88 174.58 175.1 168.71 149.3 137.7 118.7 121.15 101.85 91.86275 -9999 -9999 -9999 -9999 -9999 -9999 -9999 -9999 -9999 -9999 -9999 -9999 -9999 -9999 -9999 -9999 -9999 -9999 -9999 -9999 -9999 -9999 -9999 -9999 -9999 -9999 -9999 -9999 -9999 -9999 -9999 -9999 -9999 -9999 -9999 -9999 -9999 -9999 -9999 -9999 -9999 -9999 -9999 -9999 -9999 -9999 -9999
270.73 233.74 227.31 235.73 184.14 192.26 206.41 234.44 201.01 177.86 215.18 214.88 196.72 193.34 190.51 189.15 171.74 183.28 185.25 180.21 162.29 147.13 130.3 122.95 112.06 96.43 88.45 -9999 -9999 -9999 -9999 -9999 -9999 -9999 -9999 -9999 -9999 -9999 -9999 -9999 -9999 -9999 -9999 -9999 -9999 -9999 -9999 -9999 -9999 -9999 -9999 -9999 -9999 -9999 -9999 -9999 -9999 -9999 -9999 -9999 -9999 -9999 -9999 -9999 -9999 -9999 -9999 -9999 -9999 -9999 -9999 -9999 -9999 -9999
302.72 299.36 290.49 273.99 230.94 216.8 240.6 239.94 211.78 200.21 193.82 218.71 229.45 224.99 213.5 196.66 190.37 194.86 183.93 165.55 141.83 127.31 112.46 109.3 91.65 88.23 88 -9999 -9999 -9999 -9999 -9999 -9999 -9999 -9999 -9999 -9999 -9999 -9999 -9999 -9999 -9999 -9999 -9999 -9999 -9999 -9999 -9999 -9999 -9999 -9999 -9999 -9999 -9999 -9999 -9999 -9999 -9999 -9999 -9999 -9999 -9999 -9999 -9999 -9999 -9999 -9999 -9999 -9999 -9999 -9999 -9999 -9999 -9999
272.48 282.51 304.04 275.86 294.67 292.36 307.22 266.51 276.21 270.43 252.58 235.68 213.73 254.19 256.22 217.72 239.23 221.79 198.01 183.97 168.4 136.98 116.63 102.36 92.61 89.43 88.2653 -9999 -9999 -9999 -9999 -9999 -9999 -9999 -9999 -9999 -9999 -9999 -9999 -9999 -9999 -9999 -9999 -9999 -9999 -9999 -9999 -9999 -9999 -9999 -9999 -9999 -9999 -9999 -9999 -9999 -9999 -9999 -9999 -9999 -9999 -9999 -9999 -9999 -9999 -9999 -9999 -9999 -9999 -9999 -9999 -9999 -9999 -9999
306.94 309.78 289.34 229.71 263.25 260.14 296.83 310.02 292.02 304.61 301.38 279.58 285.76 297.78 281.08 241.4 260.4 223.27 182.51 169.06 167.88 162.35 135.56 108.91 98.8 92.68 90.78846 -9999 -9999 -9999 -9999 -9999 -9999 -9999 -9999 -9999 -9999 -9999 -9999 -9999 -9999 -9999 -9999 -9999 -9999 -9999 -9999 -9999 -9999 -9999 -9999 -9999 -9999 -9999 -9999 -9999 -9999 -9999 -9999 -9999 -9999 -9999 -9999 -9999 -9999 -9999 -9999 -9999 -9999 -9999 -9999 -9999 -9999 -9999
278.7 308.75 310.88 246.17 209.82 233.16 276.82 275.12 229.95 286.68 306.66 287.88 281.48 283.38 266.05 245.92 220.79 202.76 194.01 249.87 218.43 183.85 155.51 120.96 116.28 113.38 109.7558 98.25806 -9999 -9999 -9999 -9999 -9999 -9999 -9999 -9999 -9999 -9999 -9999 -9999 -9999 -9999 -9999 -9999 -9999 -9999 -9999 -9999 -9999 -9999 -9999 -9999 -9999 -9999 -9999 -9999 -9999 -9999 -9999 -9999 -9999 -9999 -9999 -9999 -9999 -9999 -9999 -9999 -9999 -9999 -9999 -9999 -9999 -9999
276.25 274.3 266.64 211.87 232.21 250.64 249.64 210.73 264.25 296.24 286.84 270.54 217.34 196.3 224.1 277.65 288.44 279.04 259.62 243.16 205.59 179.26 178.3 167.02 147.34 161.96 142.68 114.1474 94.33334 -9999 -9999 -9999 -9999 -9999 -9999 -9999 -9999 -9999 -9999 -9999 -9999 -9999 -9999 -9999 -9999 -9999 -9999 -9999 -9999 -9999 -9999 -9999 -9999 -9999 -9999 -9999 -9999 -9999 -9999 -9999 -9999 -9999 -9999 -9999 -9999 -9999 -9999 -9999 -9999 -9999 -9999 -9999 -9999 -9999
211.63 199.39 206.24 194.09 240.4 224.15 172.77 156.83 185.17 198.65 192.07 188.44 197.43 226.43 260.77 275.59 262.21 244.49 224.62 207.43 193.59 188.78 181.92 155.32 126.37 114.83 109.21 112.0102 101.1667 92.42857 -9999 -9999 -9999 -9999 -9999 -9999 -9999 -9999 -9999 -9999 -9999 -9999 -9999 -9999 -9999 -9999 -9999 -9999 -9999 -9999 -9999 -9999 -9999 -9999 -9999 -9999 -9999 -9999 -9999 -9999 -9999 -9999 -9999 -9999 -9999 -9999 -9999 -9999 -9999 -9999 -9999 -9999 -9999 -9999
206.93 171.62 165.54 211.08 221.03 202.54 146.83 178.7 219.09 244.05 247.38 216.29 209.28 220.79 213.55 197.8 202.78 209.97 184.93 176.17 175.92 180.72 178.35 156.79 133.03 114.24 104.82 101.2299 111.131 105.5385 -9999 -9999 -9999 -9999 -9999 -9999 -9999 -9999 -9999 -9999 -9999 -9999 -9999 -9999 -9999 -9999 -9999 -9999 -9999 -9999 -9999 -9999 -9999 -9999 -9999 -9999 -9999 -9999 -9999 -9999 -9999 -9999 -9999 -9999 -9999 -9999 -9999 -9999 -9999 -9999 -9999 -9999 -9999 -9999
