taller 1/variables/bioclim6.asc
ncols         720
nrows         300
xllcorner     -30.008325510658
yllcorner     30.991671412252
cellsize      0.083333337679505
NODATA_value  -9999
[rows 136 to 169 of 300, columns 380 to 455 of 720]
1.21 2.7 3.34 4.09 3.71 3.88 3.53 1.67 -0.92 -3.62 -3.42 -5.96 -11.39 -16.16 -21.64 -33.86 -39.04 -38.16 -34.8 -26.93 -29.12 -34.57 -43.15 -44.35 -40.31 -43.34 -37.89 -34.19 -38.96 -34.09 -23.82 -11.01 -3.09 -3.63 -12.55 -12.53 -1.85 1.99 -1.72 -3.42 -12.35 -21.32 -37.44 -30.56 -42.11 -33 -45.55 -53.23 -51.42 -61.67 -63.14 -68.25 -61.83 -52.35 -58.91 -76.87 -78.98 -77.47 -55.46 -69.15 -75.34 -92.59 -92.06 -99.82 -71.16 -74.9 -56.55 -33.56 -13.1 -5.92 -0.73 0.34 0.99 1.55 2.29 1.32
4.49 4.54 3.23 4.17 3.94 2.75 0.73 2.27 1.36 0.18 -2.58 -3.22 -1.28 -3.97 -7.51 -16.63 -27.11 -33.16 -25.02 -15.36 -21.15 -24.93 -26.59 -31.52 -37.01 -40.67 -33.81 -24.68 -26.63 -16.23 -7.76 -2.02 1.11 -0.54 -4.75 1 5.77 3.89 -1.28 -7.75 -17.33 -22.43 -31.02 -33.49 -41.01 -42.17 -42.07 -47.81 -43.1 -42.99 -47.92 -53.88 -42.76 -42.92 -47 -47.6 -48.08 -48.97 -55.77 -78.67 -82.55 -78.66 -96.09 -87.35 -74.98 -55.5 -44.73 -35.45 -21.57 -5.64 0.28 2.12 3.6 3.97 4.89 3.62
5.64 5.53 4.73 2.43 1.56 -0.66 -2.03 -2.14 -3.05 -0.08 -3.42 -4.12 -4.65 -5.43 -6.52 -5.4 -8.64 -11.16 -10.75 -16.65 -18.86 -22.35 -25.02 -40.55 -45.46 -41.77 -30.87 -16.64 -12.94 -3.79 0.7 3.46 4.01 -0.41 -4.64 0.85 6.08 2.1 -2.76 -5.59 -12.99 -28.22 -26.32 -30.68 -29.17 -37.66 -41.49 -46.66 -37.55 -37.41 -50.19 -42.62 -34.26 -43.49 -41.68 -44.57 -51.64 -64.27 -74.48 -82.57 -71.7 -68.35 -79.34 -73.71 -60.37 -58.69 -46.75 -24.26 -10.05 -1.07 1.75 4.31 6.08 6.95 8.15 5.61
3.93 1.85 1.4 1.26 2.43 -2.07 -3.39 -5.07 -5.98 -4.59 -4.42 -4.29 -7.49 -10.5 -8.74 -8.04 -11.1 -14.99 -16.66 -17.36 -17.04 -20.72 -17.68 -21.16 -29.38 -37.71 -39.39 -13.03 -12.51 -1.31 4.35 2.47 2.77 -0.33 -1.29 4.13 9.17 4.56 2.41 0.11 -7.22 -12.2 -17.21 -21.07 -29.74 -27.9 -33.15 -39.49 -36.99 -31.89 -32.28 -29.59 -39.92 -48.06 -47.77 -51.23 -55.05 -63.24 -65.47 -54.5 -61.31 -77.89 -81.42 -72.91 -65.98 -68.92 -54.74 -36.62 -19.89 -3.09 2.61 5.6 6.63 8 7.51 7.6
3.36 2.32 1.3 1.67 1.14 -2.34 -6.57 -6.32 -6.77 -9.25 -7.3 -6.44 -10.16 -12.25 -14.56 -16.16 -13.26 -12.62 -14.04 -16.29 -19.76 -23.21 -26.62 -18.18 -24.13 -24.83 -12.69 -6.12 -3.59 1.48 3.85 6.28 3.8 2.46 4.47 9.31 10.06 6.51 5.62 1.11 -2.01 -6.75 -16.25 -19.43 -27.95 -32.06 -38.39 -36.46 -32.98 -30.44 -22.75 -24.48 -33.86 -47.31 -56.98 -52.35 -49.98 -62.78 -75.82 -66.68 -77.13 -80.63 -64.99 -72.94 -69.9 -52.6 -45.08 -35.1 -17.79 -15.19 -9.28 -19.2 -7.37 -10.18 -5.07 -7.8
4.26 4.27 5.34 3.59 3.09 0.57 0.38 0.53 -1.46 -2.5 -3.67 -8.35 -11.74 -12.88 -16.22 -12.09 -6.54 -2.73 -7.82 -14.65 -18.76 -21.39 -25.33 -18.94 -11.79 -6.59 -8.16 -4.94 1.19 2.09 6.42 3.86 1.15 6.49 7.06 8.33 9.81 8 6.77 4.54 -3.16 -5.66 -18.68 -28.78 -27.09 -29.78 -34.62 -33.27 -35.66 -35.36 -21.62 -21.31 -29.99 -39.58 -42.41 -39.12 -38.12 -47.12 -67.67 -56.42 -68.99 -64.38 -66.82 -53.31 -55.05 -63.84 -75.66 -65.09 -45.91 -46.13 -29.05 -40.57 -48.17 -52.19 -30.95 -15.99
5.61 4.62 6.69 7.19 4.01 3.22 3.61 1.07 1.02 -0.12 -3.02 -7.54 -10.46 -10.36 -11.66 -1.9 -0.21 -3.44 -7.35 -10.73 -15.73 -24.49 -35.56 -19.38 -9.34 -5.16 -0.09 0.64 3.68 8.06 6.73 1.79 2.69 4.26 6.35 9.34 11.52 10.82 9.53 7.98 3.52 -1.56 -9.13 -28.63 -31.37 -26.8 -33.87 -38.7 -37.28 -41.23 -34.38 -20.62 -21.19 -28.37 -28.22 -25.75 -40.43 -51.12 -46.64 -53.39 -68.31 -43.26 -36.23 -53.59 -48.16 -33.19 -60.94 -57.56 -69.01 -71.64 -44.07 -27.38 -42.23 -18.65 -9 -4.04
5.59 3.64 6.01 7.13 6.28 6.57 6.36 2.43 1.06 0.67 0.42 -0.49 0.15 2.87 0.69 2.13 -1.88 -7.31 -10.17 -6.32 -9.35 -23.04 -25.64 -10.02 -1.57 -9.04 0.16 4.4 8.45 9.65 9.96 8.24 9.17 9.47 6.57 5.97 8.94 11.15 10.59 10.49 7.78 2.97 -2.71 -15.24 -22.99 -29.09 -25.56 -24.4 -21.17 -21.64 -16.76 -11.34 -16.15 -16.79 -19.3 -29.47 -31.42 -38.57 -40.03 -39.75 -44.43 -32.3 -28.87 -37.46 -35.13 -10.66 -30.56 -20.35 -35.19 -48.7 -18.92 -13.81 -20.45 -12.52 10.54 25.65
7.68 7.64 8.37 9.96 9.72 10.3 10.33 6.77 5.54 4.95 3.68 1.34 5.2 6.17 3.83 0.33 -2.89 -7.38 -6.76 -8.07 -9.52 -7.79 -5.01 -0.13 4.49 1.61 6.07 8.4 10.17 9.74 10.67 12.87 11.73 11.06 12.33 10.99 10.81 12.2 11.88 10.26 8.6 -1 -8.38 -6.57 -9.42 -16.19 -19.14 -14.82 -14.48 -10.13 -6.35 -8.27 -13.64 -15.14 -18.49 -31.3 -25.44 -29.93 -28.65 -31.87 -21.22 -14.3 -12.96 -10.05 -7.69 -0.01 -1.91 0.22 -15.26 -15.12 6.1 1.71 8.71 10.17 16.86 36.63
9.18 10.77 11.3 10.5 10.75 9.46 8.93 5.83 1.77 -0.93 -2.87 1.54 2.7 4.75 5.33 0.72 0 -2.03 -5.23 -7.23 -7.41 -4.95 -1.74 -0.35 7.04 5.22 5.77 8.19 11.92 10.41 10.35 10.54 12.16 13.83 14.11 15.38 13.62 13.52 11.7 10.59 9.31 5.7 3.67 2.23 -1.76 -5.55 -6.46 -7.05 -8.56 -5.2 -0.73 -6.15 -8.87 -11.58 -17.76 -35.45 -33.73 -26.67 -22.13 -35.74 -27.03 -19.98 -9.47 -6.61 0.65 3.61 13.25 7.12 6.91 13.6 24.97 36.59 25.89 32.72 42.24719 46.85075
11.98 11.39 10.07 9.96 10.68 10.45 9.56 5.49 1.73 -1.35 -4.12 -4.81 -1.71 -4.23 -5.31 -0.53 -1.69 1.17 -1.6 0.33 0.4 -3.16 -1.85 6.75 6.05 7.32 9.02 9.83 12.3 12.84 13.64 14.85 15.69 14.93 15.51 16.1 14.95 11.93 9.53 9.87 7.79 3.07 -1.06 -1.52 -2.22 -6.42 -5.2 -3.75 -1.11 3.56 0.56 -2 -4.4 -5.82 -4.69 -20.68 -21.71 -16.29 -18.09 -20.89 -23.55 -26.21 -21.21 -13.82 -11.45 2.05 26.97 23.1 28.63 23.48809 33.68182 49.02632 44.0625 54.6 -9999 -9999
9.19 11.2 11.65 10.3 8.92 10.44 10.16 6.35 1.84 -0.09 -2.6 -8.65 -14.11 -11.11 -11.22 -5.56 -2.62 4.5 6.16 6.91 11.94 11.65 12.14 10.57 9.08 10.08 11.83 11.61 13.03 14.87 15.93 15.76 15.26 16.86 17.8 17.31 15.88 14.46 12.19 8.48 8.82 7.3 5.91 4.25 5.36 6.27 6.03 2.24 4.55 5.38 3.03 0.11 0.39 -0.85 -6.58 -17.11 -13.64 -13.07 -11.51 -16.1 -10.14 -2.63 -6.9 1.97 16.35 28.5 35.29762 37.4 27.16667 44 -9999 -9999 -9999 -9999 -9999 -9999
9.76 9.72 9.09 9.8 11.15 13.27 12.72 11.39 2.76 0 -4.63 -8.08 -7.99 -9.87 -12.93 -9.51 3.9 11.84 9.73 11.01 13.03 17.17 16.83 10.98 11.77 13.73 14.08 13.86 15.04 15.98 17.23 17.66 18.56 18.44 18.36 18.16 17.52 16.3 14.85 13.35 11.86 10.49 8.63 6.41 3.65 4.56 5.34 4.73 4.04 5.06 5.43 5.36 3.38 4.8 4.6 -2.52 -3.99 -0.57 1.46 6.41 14.41 17.54 20.2 26.14 27.98 35.32353 -9999 -9999 -9999 -9999 -9999 -9999 -9999 -9999 -9999 -9999
9.3 9.59 9.68 10.68 11.34 12.84 11.76 11.49 9.85 0.94 -3.76 -7.44 -8.37 -1.85 6.62 11.83 10.55 11.56 15.52 16.41 17.94 20 17.01 13.44 16.26 16.2 16.72619 15.26829 15.78571 17.04348 18.06 18.62 19.09 19.52 19.29 19.24 19.02198 18.41 17.12 15.75 15.12 13.81 13.04 10.17 10.81 9.25 6.61 1.73 6.22 5.71 7.07 13.83 14.5 13.14 17.67 17.3 15.34 17.96 19.77 21.53 21.25 22.42 22.75 29.19048 31.68 38.85714 -9999 -9999 -9999 -9999 -9999 -9999 -9999 -9999 -9999 -9999
10.21 9.66 9.63 11.59 8.11 2.07 -4.41 -7.72 -3.08 -6.07 0.29 -0.82 2.74 4.53 6.72 15.69 20.41 21.16 21.2 21.32 21.72 21.78 20.12 20.51 19.28723 18.49057 19 -9999 -9999 18 18.91667 19.13333 20.10256 20.31579 20.0303 20.35526 20.33333 19.94681 19.16279 18.05263 17.21 17.95 17.5 12.57 12.41 11.25 11.25 12.98 13.06 7.87 16.1 17.53 18.21 23.31 23.9 23.87 26.6 27.88 28.66 28.21 30.74747 28.78313 28.66667 28.88889 -9999 -9999 -9999 -9999 -9999 -9999 -9999 -9999 -9999 -9999 -9999 -9999
10.56 11.22 12.51 13.07 9 4.39 1.91 1.18 3.52 2.38 4.79 8.81 11.5 15.28 18.37 20.7 22.61 24.35 24.48 23.8 24.36 24.4 23.58163 23.22727 19.5 -9999 -9999 -9999 -9999 -9999 -9999 -9999 -9999 -9999 21.66667 21.66667 21.68254 21.38095 21.09678 19 18.30882 16.38636 16.20482 13.95 14.93333 12.8 9.59 16.08 10.77 8.21 10.04 16.09 18.37 21.88 24.54 26.74 31.7 31.01 26.67 27.6 31.45763 -9999 -9999 -9999 -9999 -9999 -9999 -9999 -9999 -9999 -9999 -9999 -9999 -9999 -9999 -9999
9.55 10.36 10.92 14.21 16.77 16.64 16.17 15.85 17.29 18.04 20.9 22.28 24.54 23.55 25.47 27.16 27.74 26.79 26.87 26.83146 26.34783 25.81818 25.05 -9999 -9999 -9999 -9999 -9999 -9999 -9999 -9999 -9999 -9999 -9999 -9999 -9999 -9999 -9999 -9999 -9999 -9999 -9999 -9999 23 23.18966 20 20.88 20.39 12.92 12.18 9.5 16.6 21.47 28.53 30.88 24.92 22.38 27.47 34.2 36.38889 38.23529 -9999 -9999 -9999 -9999 -9999 -9999 -9999 -9999 -9999 -9999 -9999 -9999 -9999 -9999 -9999
10.72 10.17 9.53 9.88 13.6 16.26 15.67 18.63 19.7 20.77 22.51 24.03 24.91 27.09 27.18 27.69 29.27 26.29 28.14754 28.25 -9999 -9999 -9999 -9999 -9999 -9999 -9999 -9999 -9999 -9999 -9999 -9999 -9999 -9999 -9999 -9999 -9999 -9999 -9999 -9999 -9999 -9999 -9999 -9999 22.26087 19.58333 24.31111 26.8169 30.32222 32.25 21.55 19.78 35.28 41.14 37.31 33.22 27.52 34.58 36.45454 38.05634 40.42857 -9999 -9999 -9999 -9999 -9999 -9999 -9999 -9999 -9999 -9999 -9999 -9999 -9999 -9999 -9999
10.18 9.19 8.9 9.46 11.49 14.94 16.06 17.94 15.49 13.08 18.09 19.22 24.99 25.1 25.63 28.26 30.82 28.59575 -9999 -9999 -9999 -9999 -9999 -9999 -9999 -9999 -9999 -9999 -9999 -9999 -9999 -9999 -9999 -9999 -9999 -9999 -9999 -9999 -9999 -9999 -9999 -9999 -9999 -9999 -9999 -9999 -9999 -9999 37.44444 41.65306 44.43956 42.90322 46.45679 46.15556 45.25926 43.64 41.90909 40 -9999 -9999 -9999 -9999 -9999 -9999 -9999 -9999 -9999 -9999 -9999 -9999 -9999 -9999 -9999 -9999 -9999 -9999
4.94 7.65 8.39 9.23 6.84 11.44 15.22 13.04 7.44 6.88 15.41 18.24 20.23 21.33 25.44 30.74 32.03529 32 -9999 -9999 -9999 -9999 -9999 -9999 -9999 -9999 -9999 -9999 -9999 -9999 -9999 -9999 -9999 -9999 -9999 -9999 -9999 -9999 -9999 -9999 -9999 -9999 -9999 -9999 -9999 -9999 -9999 -9999 -9999 44.66667 43.55556 -9999 -9999 50.31579 50.1 -9999 47.875 46.91667 47 -9999 -9999 -9999 -9999 -9999 -9999 -9999 -9999 -9999 -9999 -9999 -9999 -9999 -9999 -9999 -9999 -9999
-0.84 1.6 5.01 6.43 5.9 7.39 13.15 13.76 7.46 6.63 8.23 13.97 17.07 23.04 21.45 28.9 33.88235 -9999 -9999 -9999 -9999 -9999 -9999 -9999 -9999 -9999 -9999 -9999 -9999 -9999 -9999 -9999 -9999 -9999 -9999 -9999 -9999 -9999 -9999 -9999 -9999 -9999 -9999 -9999 -9999 -9999 -9999 -9999 -9999 -9999 -9999 -9999 -9999 -9999 -9999 -9999 -9999 -9999 -9999 -9999 -9999 -9999 -9999 -9999 -9999 -9999 -9999 -9999 -9999 -9999 -9999 -9999 -9999 -9999 -9999 -9999
-22.8 -21.71 -10.86 -8.23 -4.9 -1.37 10.43 4.56 4.63 6.74 12.53 16.85 21.69 23.19 26.29 32.46 36.38334 -9999 -9999 -9999 -9999 -9999 -9999 -9999 -9999 -9999 -9999 -9999 -9999 -9999 -9999 -9999 -9999 -9999 -9999 -9999 -9999 -9999 -9999 -9999 -9999 -9999 -9999 -9999 -9999 -9999 -9999 -9999 -9999 -9999 -9999 -9999 -9999 -9999 -9999 -9999 -9999 -9999 -9999 -9999 -9999 -9999 -9999 -9999 -9999 -9999 -9999 -9999 -9999 -9999 -9999 -9999 -9999 -9999 -9999 -9999
-13.63 -24.93 -29.3 -26.04 -18.87 -8.42 -1.76 -3.11 4.25 14.18 22.18 26.08 30.14 30.07 36.14 37.59 38.08 -9999 -9999 -9999 -9999 -9999 -9999 -9999 -9999 -9999 -9999 -9999 -9999 -9999 -9999 -9999 -9999 -9999 -9999 -9999 -9999 -9999 -9999 -9999 -9999 -9999 -9999 -9999 -9999 -9999 -9999 -9999 -9999 -9999 -9999 -9999 -9999 -9999 -9999 -9999 -9999 -9999 -9999 -9999 -9999 -9999 -9999 -9999 -9999 -9999 -9999 -9999 -9999 -9999 -9999 -9999 -9999 -9999 -9999 -9999
-41.85 -33.26 -22.53 -40.31 -40.92 -20.44 -30.2 -19.55 -4.78 6.29 15.84 25.49 31.23 34.92 37.52 39.07 39.79592 -9999 -9999 -9999 -9999 -9999 -9999 -9999 -9999 -9999 -9999 -9999 -9999 -9999 -9999 -9999 -9999 -9999 -9999 -9999 -9999 -9999 -9999 -9999 -9999 -9999 -9999 -9999 -9999 -9999 -9999 -9999 -9999 -9999 -9999 -9999 -9999 -9999 -9999 -9999 -9999 -9999 -9999 -9999 -9999 -9999 -9999 -9999 -9999 -9999 -9999 -9999 -9999 -9999 -9999 -9999 -9999 -9999 -9999 -9999
-68.13 -55.48 -59.23 -65.96 -53.99 -32 -41.95 -20.34 5.31 17.23 16.25 19.41 27.79 35.67 38.46 40.64 41.78846 -9999 -9999 -9999 -9999 -9999 -9999 -9999 -9999 -9999 -9999 -9999 -9999 -9999 -9999 -9999 -9999 -9999 -9999 -9999 -9999 -9999 -9999 -9999 -9999 -9999 -9999 -9999 -9999 -9999 -9999 -9999 -9999 -9999 -9999 -9999 -9999 -9999 -9999 -9999 -9999 -9999 -9999 -9999 -9999 -9999 -9999 -9999 -9999 -9999 -9999 -9999 -9999 -9999 -9999 -9999 -9999 -9999 -9999 -9999
-72.52 -60.67 -56.37 -57.1 -44.64 -33.59 -20.5 -9.42 -1.85 -35.39 -13.11 10.59 24.5 34.8 35.32 35.81 36.60465 41.51613 -9999 -9999 -9999 -9999 -9999 -9999 -9999 -9999 -9999 -9999 -9999 -9999 -9999 -9999 -9999 -9999 -9999 -9999 -9999 -9999 -9999 -9999 -9999 -9999 -9999 -9999 -9999 -9999 -9999 -9999 -9999 -9999 -9999 -9999 -9999 -9999 -9999 -9999 -9999 -9999 -9999 -9999 -9999 -9999 -9999 -9999 -9999 -9999 -9999 -9999 -9999 -9999 -9999 -9999 -9999 -9999 -9999 -9999
-61.6 -52.05 -25 -14.79 -25 -53.92 -61.51 -54.06 -40.15 -30.13 -4.25 14.88 14.73 20.31 27.65 19.6 25.93 36.66316 45 -9999 -9999 -9999 -9999 -9999 -9999 -9999 -9999 -9999 -9999 -9999 -9999 -9999 -9999 -9999 -9999 -9999 -9999 -9999 -9999 -9999 -9999 -9999 -9999 -9999 -9999 -9999 -9999 -9999 -9999 -9999 -9999 -9999 -9999 -9999 -9999 -9999 -9999 -9999 -9999 -9999 -9999 -9999 -9999 -9999 -9999 -9999 -9999 -9999 -9999 -9999 -9999 -9999 -9999 -9999 -9999 -9999
-17.36 -14.69 -17.14 -27.05 -42.7 -53.03 -44.5 -30.77 -17.99 -6.96 3.33 9.44 16.57 29.98 38.63 41.59 42.9 40.5102 45.19444 48.71429 -9999 -9999 -9999 -9999 -9999 -9999 -9999 -9999 -9999 -9999 -9999 -9999 -9999 -9999 -9999 -9999 -9999 -9999 -9999 -9999 -9999 -9999 -9999 -9999 -9999 -9999 -9999 -9999 -9999 -9999 -9999 -9999 -9999 -9999 -9999 -9999 -9999 -9999 -9999 -9999 -9999 -9999 -9999 -9999 -9999 -9999 -9999 -9999 -9999 -9999 -9999 -9999 -9999 -9999 -9999 -9999
-40.96 -25.88 -22.58 -26.09 -20.11 -11.7 -11.66 -12.43 1.92 12.26 17.81 17.26 20.77 32.54 39.41 45.21 47.84 48.25287 41.89286 43.17949 -9999 -9999 -9999 -9999 -9999 -9999 -9999 -9999 -9999 -9999 -9999 -9999 -9999 -9999 -9999 -9999 -9999 -9999 -9999 -9999 -9999 -9999 -9999 -9999 -9999 -9999 -9999 -9999 -9999 -9999 -9999 -9999 -9999 -9999 -9999 -9999 -9999 -9999 -9999 -9999 -9999 -9999 -9999 -9999 -9999 -9999 -9999 -9999 -9999 -9999 -9999 -9999 -9999 -9999 -9999 -9999
-24.36 -23.77 -1.99 -10.26 -4.46 1.18 9.31 2.7 5.69 24.92 25.51 31.07 35.33 38.62 42.79 46.31 49.9899 51.2 -9999 -9999 -9999 -9999 -9999 -9999 -9999 -9999 -9999 -9999 -9999 -9999 -9999 -9999 -9999 -9999 -9999 -9999 -9999 -9999 -9999 -9999 -9999 -9999 -9999 -9999 -9999 -9999 -9999 -9999 -9999 -9999 -9999 -9999 -9999 -9999 -9999 -9999 -9999 -9999 -9999 -9999 -9999 -9999 -9999 -9999 -9999 -9999 -9999 -9999 -9999 -9999 -9999 -9999 -9999 -9999 -9999 -9999
-6.89 -16.84 9.37 7.21 9.4 7.95 14.74 8.08 4.04 20.35 21.05 27.56 32.5 40.17 43.21 46.97 49.63 53.14634 52.05556 -9999 -9999 -9999 -9999 -9999 -9999 -9999 -9999 -9999 -9999 -9999 -9999 -9999 -9999 -9999 -9999 -9999 -9999 -9999 -9999 -9999 -9999 -9999 -9999 -9999 -9999 -9999 -9999 -9999 -9999 -9999 -9999 -9999 -9999 -9999 -9999 -9999 -9999 -9999 -9999 -9999 -9999 -9999 -9999 -9999 -9999 -9999 -9999 -9999 -9999 -9999 -9999 -9999 -9999 -9999 -9999 -9999
5.8 12 21.49 19.31 17.64 15.97 18.5 26.01 18.41 10.35 22.96 33.16 32.86 41.07 44.95 47.87 52.32 54.29 54.78049 -9999 -9999 -9999 -9999 -9999 -9999 -9999 -9999 -9999 -9999 -9999 -9999 -9999 -9999 -9999 -9999 -9999 -9999 -9999 -9999 -9999 -9999 -9999 -9999 -9999 -9999 -9999 -9999 -9999 -9999 -9999 -9999 -9999 -9999 -9999 -9999 -9999 -9999 -9999 -9999 -9999 -9999 -9999 -9999 -9999 -9999 -9999 -9999 -9999 -9999 -9999 -9999 -9999 -9999 -9999 -9999 -9999
21.2 19.05 26.92 24.04 25.38 20.9 23.22 29.65 25.72 22.5 23.98 34.35 40.82 44.16 42.14 44.14 51.58 53.84 55.13433 -9999 -9999 -9999 -9999 -9999 -9999 -9999 -9999 -9999 -9999 -9999 -9999 -9999 -9999 -9999 -9999 -9999 -9999 -9999 -9999 -9999 -9999 -9999 -9999 -9999 -9999 -9999 -9999 -9999 -9999 -9999 -9999 -9999 -9999 -9999 -9999 -9999 -9999 -9999 -9999 -9999 -9999 -9999 -9999 -9999 -9999 -9999 -9999 -9999 -9999 -9999 -9999 -9999 -9999 -9999 -9999 -9999
26.87 28.19 33.02 32.25 27.99 15.75 21.76 25.58 20.01 16.88 25.32 34.86 44.23 45.51 46.45 44.7 47.84 53.89706 57.2 -9999 -9999 -9999 -9999 -9999 -9999 -9999 -9999 -9999 -9999 -9999 -9999 -9999 -9999 -9999 -9999 -9999 -9999 -9999 -9999 -9999 -9999 -9999 -9999 -9999 -9999 -9999 -9999 -9999 -9999 -9999 -9999 -9999 -9999 -9999 -9999 -9999 -9999 -9999 -9999 -9999 -9999 -9999 -9999 -9999 -9999 -9999 -9999 -9999 -9999 -9999 -9999 -9999 -9999 -9999 -9999 -9999
