taller 1/variables/bioclim10.asc
ncols         720
nrows         300
xllcorner     -30.008325510658
yllcorner     30.991671412252
cellsize      0.083333337679505
NODATA_value  -9999
[rows 132 to 164 of 300, columns 296 to 369 of 720]
-9999 -9999 -9999 -9999 -9999 -9999 -9999 -9999 -9999 -9999 -9999 -9999 -9999 -9999 -9999 -9999 -9999 -9999 -9999 -9999 -9999 -9999 -9999 -9999 -9999 -9999 -9999 -9999 -9999 -9999 -9999 -9999 -9999 -9999 -9999 -9999 -9999 -9999 -9999 -9999 -9999 -9999 -9999 -9999 -9999 -9999 -9999 -9999 -9999 190.4186 190.48 190.45 190.33 189.97 190.2 191.29 192.88 194.05 194.1 194.34 193.95 194.68 193.45 193.14 193.35 193.67 193.71 192.54 192.03 191.62 191 190.99 190.94 189.48
-9999 -9999 -9999 -9999 -9999 -9999 -9999 -9999 -9999 -9999 -9999 -9999 -9999 -9999 -9999 -9999 -9999 -9999 -9999 -9999 -9999 -9999 -9999 -9999 -9999 -9999 -9999 -9999 -9999 -9999 -9999 -9999 -9999 -9999 -9999 -9999 -9999 -9999 -9999 -9999 -9999 -9999 -9999 -9999 -9999 -9999 -9999 -9999 -9999 190.6552 190.67 190.43 190.26 190.28 191.03 191.5 192.51 193.49 191.78 192.93 194.06 195.25 194.99 194.2 194.95 195.05 194.17 195.6 195.67 195.54 195.37 194.46 193.49 194.03
-9999 -9999 -9999 -9999 -9999 -9999 -9999 -9999 -9999 -9999 -9999 -9999 -9999 -9999 -9999 -9999 -9999 -9999 -9999 -9999 -9999 -9999 -9999 -9999 -9999 -9999 -9999 -9999 -9999 -9999 -9999 -9999 -9999 -9999 -9999 -9999 -9999 -9999 -9999 -9999 -9999 -9999 -9999 -9999 -9999 -9999 -9999 -9999 -9999 191.0897 191.4471 190.9 190.44 190.02 190.59 191.05 192.02 193.91 192.22 191.28 191.53 192.91 193.42 193.55 193.12 193.72 193.19 192.94 193.46 193.28 193.77 193.27 193.27 193.19
-9999 -9999 -9999 -9999 -9999 -9999 -9999 -9999 -9999 -9999 -9999 -9999 -9999 -9999 -9999 -9999 -9999 -9999 -9999 -9999 -9999 -9999 -9999 -9999 -9999 -9999 -9999 -9999 -9999 -9999 -9999 -9999 -9999 -9999 -9999 -9999 -9999 -9999 -9999 -9999 -9999 -9999 -9999 -9999 -9999 -9999 -9999 -9999 -9999 191.5745 192.25 192.2063 191.6 190.69 190.61 190.97 191.34 192.88 194.13 193.68 191.86 192.9 192.57 192.91 192.99 193.98 193.54 192.44 193.05 193.21 193.64 194.23 194.05 192.54
-9999 -9999 -9999 -9999 -9999 -9999 -9999 -9999 -9999 -9999 -9999 -9999 -9999 -9999 -9999 -9999 -9999 -9999 -9999 -9999 -9999 -9999 -9999 -9999 -9999 -9999 -9999 -9999 -9999 -9999 -9999 -9999 -9999 -9999 -9999 -9999 -9999 -9999 -9999 -9999 -9999 -9999 -9999 -9999 -9999 -9999 -9999 -9999 192 191.3208 192.2391 192.5914 192.66 191.77 190.79 190.72 191.27 192.3 192.86 194.49 194.54 192.58 193.63 194.83 194.54 193.62 194.15 194.52 195.08 194.51 194.05 194.63 194.6 194.46
-9999 -9999 -9999 -9999 -9999 -9999 -9999 -9999 -9999 -9999 -9999 -9999 -9999 -9999 -9999 -9999 -9999 -9999 -9999 -9999 -9999 -9999 -9999 -9999 -9999 -9999 -9999 -9999 -9999 -9999 -9999 -9999 -9999 -9999 -9999 -9999 -9999 -9999 -9999 -9999 -9999 -9999 -9999 -9999 -9999 -9999 -9999 -9999 -9999 191.117 192.06 192.08 192.14 192.51 191.78 191.42 191.77 191.83 192.65 194.33 193.81 194.37 195.04 194.8 196.12 195.91 194.69 194.59 194.47 194.22 194.2 193.21 194.04 195.32
-9999 -9999 -9999 -9999 -9999 -9999 -9999 -9999 -9999 -9999 -9999 -9999 -9999 -9999 -9999 -9999 -9999 -9999 -9999 -9999 -9999 -9999 -9999 -9999 -9999 -9999 -9999 -9999 -9999 -9999 -9999 -9999 -9999 -9999 -9999 -9999 -9999 -9999 -9999 -9999 -9999 -9999 -9999 -9999 -9999 -9999 -9999 -9999 193 191.6 192.13 191.92 191.79 192.21 192.72 192.19 191.87 192.19 193.63 194.18 191.96 191.87 192.57 192.32 192.98 195.45 196.59 196.26 195.05 194.8 194.98 196.16 195.97 195.36
-9999 -9999 -9999 -9999 -9999 -9999 -9999 -9999 -9999 -9999 -9999 -9999 -9999 -9999 -9999 -9999 -9999 -9999 -9999 -9999 -9999 -9999 -9999 -9999 -9999 -9999 -9999 -9999 -9999 -9999 -9999 -9999 -9999 -9999 -9999 -9999 -9999 -9999 -9999 -9999 -9999 -9999 -9999 -9999 -9999 -9999 -9999 -9999 192.6667 191.85 192.32 191.83 191.61 191.66 192.4 192.68 192.86 192.67 192.71 192.53 193.27 192.58 191.48 190.97 191.72 193.9 194.34 197.51 195.63 196.06 196.32 193.81 193.95 195.48
-9999 -9999 -9999 -9999 -9999 -9999 -9999 -9999 -9999 -9999 -9999 -9999 -9999 -9999 -9999 -9999 -9999 -9999 -9999 -9999 -9999 -9999 -9999 -9999 -9999 -9999 -9999 -9999 -9999 -9999 -9999 -9999 -9999 -9999 -9999 -9999 -9999 -9999 -9999 -9999 -9999 -9999 -9999 -9999 -9999 -9999 -9999 -9999 192.303 192.06 192.05 191.62 191.21 191.57 192.2 192.27 192.14 192.52 192.04 191.68 192.2 192.29 192.12 191.25 192.73 192.97 192.89 196.46 195.93 193.62 193.27 192.61 192.41 192.92
-9999 -9999 -9999 -9999 -9999 -9999 -9999 -9999 -9999 -9999 -9999 -9999 -9999 -9999 -9999 -9999 -9999 -9999 -9999 -9999 -9999 -9999 -9999 -9999 -9999 -9999 -9999 -9999 -9999 -9999 -9999 -9999 -9999 -9999 -9999 -9999 -9999 -9999 -9999 -9999 -9999 -9999 -9999 -9999 -9999 -9999 -9999 -9999 192.5172 192.43 192.42 191.72 191.11 191.37 192.14 192.24 191.51 191.68 191.52 191.94 191.6 191.08 191.23 191.76 191.56 192.45 192.24 194.23 195.29 196.09 197.07 197.26 195.96 196.19
-9999 -9999 -9999 -9999 -9999 -9999 -9999 -9999 -9999 -9999 -9999 -9999 -9999 -9999 -9999 -9999 -9999 -9999 -9999 -9999 -9999 -9999 -9999 -9999 -9999 -9999 -9999 -9999 -9999 -9999 -9999 -9999 -9999 -9999 -9999 -9999 -9999 -9999 -9999 -9999 -9999 -9999 -9999 -9999 -9999 -9999 -9999 -9999 192.2405 192.15 191.91 191.32 190.96 191.41 192.03 192.4 192.15 192.69 192.51 192.45 192.48 192.48 191.29 190.99 190.92 192.26 192.43 195.14 194.65 194.89 193.42 195.25 197.83 198.42
-9999 -9999 -9999 -9999 -9999 -9999 -9999 -9999 -9999 -9999 -9999 -9999 -9999 -9999 -9999 -9999 -9999 -9999 -9999 -9999 -9999 -9999 -9999 -9999 -9999 -9999 -9999 -9999 -9999 -9999 -9999 -9999 -9999 -9999 -9999 -9999 -9999 -9999 -9999 -9999 -9999 -9999 -9999 -9999 -9999 -9999 -9999 193.5 192.697 192.74 191.86 191.3 191.23 192.11 192.46 192.22 193.13 194.17 193.83 194.09 193.65 192.62 191.58 191.15 191.67 192.55 193.81 194.72 194.88 194.25 193.64 196.63 195.42 195.4
-9999 -9999 -9999 -9999 -9999 -9999 -9999 -9999 -9999 -9999 -9999 -9999 -9999 -9999 -9999 -9999 -9999 -9999 -9999 -9999 -9999 -9999 -9999 -9999 -9999 -9999 -9999 -9999 -9999 -9999 -9999 -9999 -9999 -9999 -9999 -9999 -9999 -9999 -9999 -9999 -9999 -9999 -9999 -9999 -9999 -9999 -9999 193.0556 192.32 191.98 191.2 190.84 191.41 192.23 193.61 194.39 195.24 195.84 195.59 194.21 193.86 193.66 192.86 192.26 191.95 192.36 193.52 193.94 194.49 192.92 193.13 195.26 194.73 196.23
-9999 -9999 -9999 -9999 -9999 -9999 -9999 -9999 -9999 -9999 -9999 -9999 -9999 -9999 -9999 -9999 -9999 -9999 -9999 -9999 -9999 -9999 -9999 -9999 -9999 -9999 -9999 -9999 -9999 -9999 -9999 -9999 -9999 -9999 -9999 -9999 -9999 -9999 -9999 -9999 -9999 -9999 -9999 -9999 -9999 -9999 -9999 193.5 193.41 192.43 191.74 191.41 192.5 194.04 195.14 195.12 194.93 195 195.38 194.89 194.74 194.43 193.69 192.59 191.97 191.86 193.03 193.79 194.31 194.1 193.92 196.39 195.56 196
-9999 -9999 -9999 -9999 -9999 -9999 -9999 -9999 -9999 -9999 -9999 -9999 -9999 -9999 -9999 -9999 -9999 -9999 -9999 -9999 -9999 -9999 -9999 -9999 -9999 -9999 -9999 -9999 -9999 -9999 -9999 -9999 -9999 -9999 -9999 -9999 -9999 -9999 -9999 -9999 -9999 -9999 -9999 -9999 -9999 -9999 195 194.0745 193.97 193.2 192.95 193.42 194.79 195.64 195.45 195.71 196.06 195.76 195.35 195.01 194.35 192.99 193.76 193.74 192.54 191.19 191.49 193.56 193.25 193.38 192.76 195.95 195.35 195.17
-9999 -9999 -9999 -9999 -9999 -9999 -9999 -9999 -9999 -9999 -9999 -9999 -9999 -9999 -9999 -9999 -9999 -9999 -9999 -9999 -9999 -9999 -9999 -9999 -9999 -9999 -9999 -9999 -9999 -9999 -9999 -9999 -9999 -9999 -9999 -9999 -9999 -9999 -9999 -9999 -9999 -9999 -9999 -9999 -9999 -9999 194.7857 194.42 193.68 194.13 194.86 196.06 195.74 194.71 194.41 194.43 193.79 194.08 193.65 192.02 192.41 193.82 193.12 193.04 192.75 191.53 191.12 193.14 193.85 192.61 192.28 195.26 194.59 195.18
-9999 -9999 -9999 -9999 -9999 -9999 -9999 -9999 -9999 -9999 -9999 -9999 -9999 -9999 -9999 -9999 -9999 -9999 -9999 -9999 -9999 -9999 -9999 -9999 -9999 -9999 -9999 -9999 -9999 -9999 -9999 -9999 -9999 -9999 -9999 -9999 -9999 -9999 -9999 -9999 -9999 -9999 -9999 -9999 -9999 -9999 195.2157 195.39 194.9 195.56 194.26 194.78 194.84 194.66 195.28 194.57 193.62 192.74 191.47 191.81 189.62 192.39 191.84 191.98 193.04 191.73 190.04 191.69 192.97 191.88 192.1 194.49 193.2 195.22
187.4444 190.6667 -9999 -9999 -9999 -9999 -9999 -9999 -9999 -9999 -9999 -9999 -9999 -9999 -9999 -9999 -9999 -9999 -9999 -9999 188.5556 188 -9999 -9999 -9999 -9999 -9999 -9999 -9999 -9999 -9999 -9999 -9999 -9999 -9999 -9999 -9999 -9999 -9999 -9999 -9999 -9999 -9999 -9999 -9999 195.9048 195.3061 195.48 196.22 196.55 196.54 196.31 194.98 194.12 192.89 193.01 192.76 192.04 190.7 189.29 188.06 189.68 189.26 189.76 191.79 192.6 190.62 190.61 192.29 193.32 193 193.32 193.14 195.02
181.59 180.1236 186.8295 187.9589 187.2097 191.0816 193.7273 194.125 -9999 -9999 -9999 -9999 -9999 -9999 191.8333 190.3333 189.9811 189.3293 189.9138 189.5 186.2653 188.567 189.0526 189.3333 190.5 -9999 -9999 -9999 188.8571 186 185.946 189.85 195 -9999 -9999 -9999 -9999 -9999 -9999 -9999 -9999 -9999 -9999 -9999 196.6429 195.1413 196 194.9 196.01 195.01 195.37 195.9 195.43 192.34 193.45 193.61 192.16 190.01 189.98 187.32 186.75 185.73 186.42 187.11 190.37 191.25 190.23 190.03 190.99 192.48 191.91 192.8 192.82 194.09
182.98 187.3 187.66 183.16 180.06 178.5 171.58 179.94 185.6559 190.6207 191 192.2386 190.7262 187.6848 188.15 191.1 189.01 187.87 186.101 187.7 184.05 184.51 187.5495 183.84 183.7475 186.831 189.2308 189.6897 189.6154 189.2 186.43 186.8958 188.6923 188.1029 193.0333 -9999 -9999 -9999 -9999 -9999 196 191.425 196.0909 195.4744 195.9897 195.25 195.25 193.25 191.42 192.4 193.02 196.34 195.02 193.72 192.46 189.88 192.27 191.89 189.65 188.07 184.91 183.3 182.64 183.64 187.65 189.67 191 188.1 190.25 191.56 190.6 190.48 192.09 194.44
166.92 173.68 179.38 168.42 158.9 161.15 171.06 164.12 176.35 174.14 182.58 180.34 181.27 183.31 180.01 185.98 183.58 184.28 178.85 172.02 172.16 174.44 182.15 178.7 177.3 177.82 184.57 182.29 191.6429 189.63 189.36 188.88 188.08 184.71 189.27 188.6046 191.7429 193.1733 195.3333 193.7742 196.6263 192.45 183.56 189.6 185.8 191.41 184.2 185.95 185.02 189.74 191.86 193.96 193.09 192.71 191.05 190.92 188.39 188.64 188.27 187.95 187.42 183.85 180.29 180.55 185.79 186.48 189.1 185.85 187.89 188.64 189 189.41 192 192.03
155.14 158.93 162.05 155.04 123.7 139.6 127.24 137.34 166.45 161.59 162.72 172.98 175.15 171.03 174.73 181.37 175.83 176.8 177.15 163.34 149.65 165.95 175.71 175.52 175.48 180.43 184.14 185.01 180.41 189.16 190.21 186.79 185.25 182.39 184.04 183.87 184.6 185.93 182.2 191.03 184.61 186.42 176.23 184.91 186.4 177.85 178.6 176.76 188.66 189.86 186.08 186.65 187.61 188.12 186.56 187.43 189 185.5 185.47 184.56 185.91 185.47 180.62 179.3 183.53 182.7 186.19 182.48 182.82 181.83 183.02 187.05 188.17 189.77
149.19 147.5 142.4 152.04 138.44 133.89 136.76 160.49 171.08 170.21 147.19 156.1 157.12 161.23 162.4 174.21 164.87 171.35 167.2 153.15 148.23 153.98 158.95 166.93 181.12 178.96 184.24 183.77 184.41 184.6 183.86 179.99 179.75 185.26 184.89 183.45 180.81 181.7 185.25 188.6 178.47 173.15 174.15 183.55 186.43 184.56 176 174.58 174.28 181.97 178.8 160.16 169.6 187.53 182.62 183.07 181.78 173.14 174.24 176.23 179.3 177.97 176.62 176.82 177.26 176.93 178.22 181.45 174.97 177.53 180.9 185.28 187.92 190.35
146.71 138.49 144.77 149.67 141.65 141.23 129.34 126.39 139.33 148.1 146.77 130.52 140.32 156.14 158.6 162.45 162.04 162.85 161.57 162.45 167.37 167.94 168.9 167.66 169.42 166.69 167.66 180.45 184.43 175.15 159.68 173.37 175.05 183.52 185.81 179.43 184.99 190.85 186.56 172.38 180.81 170.63 170.97 172.85 170.19 159.2 160.74 162.73 155.42 157.41 154.67 144.93 162.84 169.53 158.18 157.41 162.1 144.82 143.09 146.29 144.66 141.42 154.12 164.43 153.76 155.14 159.96 169.97 169.51 171.63 176.42 180.91 181.58 186.64
156.21 151.97 150.18 151.33 153.86 145.4 131.99 131.65 135.3 145.32 152.89 136.04 139.99 156.74 161.81 162.37 163.49 163.84 164.15 166.3 169.24 176.09 174.46 170.25 170.32 169.19 168.96 170.63 173.47 176.54 173.64 179.36 180.72 176.18 172.85 166.55 170.79 179.5 177.66 170.81 170.13 176.76 179.48 178.46 180.33 173.32 170.38 162.73 159.03 157.3 152.7 147.73 142.36 139.19 128.23 112.75 153.36 134.47 130.93 125.01 114.27 136.05 136.09 150.71 109.43 109.92 126.58 134.44 153.69 136.04 155.53 169 164.7 158.63
163.62 153.18 159.83 152.19 157.54 147.03 144.62 144.1 146.71 154.26 160.81 161.91 161.52 162.73 162.78 165.59 161.55 169.17 166.59 171.02 166.11 171.4 174.8 174.15 172.09 166.8 172.76 173.56 170.07 173.32 180.29 184.78 185.03 184.25 182.63 182.29 173.97 173.3 173.5 171.91 162.16 173.82 187.53 188.63 184.44 180.76 173.84 171.47 167.92 154.48 159.93 153.64 148.47 143.12 124.66 117.31 120.23 131.76 108.03 110.36 89.71 96.14 114.21 114.97 123.22 91.99 91.35 116.32 153.28 123.83 130.22 151.43 150.51 144.54
169.25 167.07 167.5 162.49 166.39 159.88 158.25 161.74 162.62 161.22 163.83 164.61 168.06 167.54 164.86 168.22 168.9 163.82 167.36 166.4 162.55 167.69 171.19 177.28 179.76 179.41 169.8 182.94 178.72 183.72 184.28 179.54 177.96 173.27 175.88 169.88 167.89 172.52 175.43 166.38 173.11 177.4 188.65 193.25 194.16 186.17 185.8 185.45 176.43 173.45 168.83 165.37 163.96 149.92 142.77 131.1 108.78 114.72 102.6 109 99.04 83.22 83.49 94.83 119.48 83.57 109.52 119.56 120.64 123.47 135.94 149.51 143.48 121.84
172.93 174.64 172.76 171.84 169.93 165.45 165.74 165.53 168.18 166.3 169.28 169.94 170.3 166.56 164.91 166.2 167.7 167.18 168.86 167.07 162.57 165.78 179.46 173.84 173.32 170.17 171.44 187.21 189.5 189.57 184.08 183 183.28 176.84 179.37 181.89 181.14 181.6 181.96 190.71 193.55 190.8 194.54 188.08 186.41 178.89 179.96 182.75 189.99 180.4 171.28 166.23 169.37 163.92 158 155.96 142.44 132.66 102.78 108.56 129.94 96.12 106.58 89.67 84.43 97.74 105.27 93.95 89.86 84.68 91.19 109.14 118.8 134.79
179.68 180.66 175.74 177.88 173.43 170.54 171.44 170.18 172.93 171.8 172.88 175.32 174.6 171.38 170.71 169.03 168.19 167.01 167.4 165.71 167.71 174.71 181.07 181.84 181.29 179.99 178.63 181.81 186.49 189.95 186.28 177.64 174.6 180.01 181.63 181.6 183.59 192.31 193.17 190.98 197.62 199.9 200.97 193.32 190.75 179.45 177.32 184.42 190.95 183.22 176.87 179.24 177.46 179.95 170.39 162.89 158.52 154.75 143.64 136.71 145.62 126.44 137.4 120.12 109.26 118.68 134.99 112 111.5 94.92 120.99 82.59 85.17 101.04
185.24 181.73 180.04 182.08 178.29 175.38 176.9 175.66 175.62 176.73 175.74 177.69 178.09 177.85 177.05 176.38 174.51 169.58 170.15 169.87 173.23 175.14 172 174.14 177.74 178.57 181.02 187.63 191.56 193.05 195.14 196.18 195.93 196.53 196.45 196.49 197.76 200.49 199.73 201.29 202.23 203.99 204.76 199.82 196.33 187.13 190.42 195.46 192.77 191.74 182.66 176.37 167.05 170.62 175.19 164.8 163.89 156.79 159.01 162.68 150.62 136.91 145.68 141.37 146.63 161.96 152.33 115.59 117.91 137.75 123.01 111.56 124.22 119.12
186.83 184.53 184.04 185.34 182.45 179.37 180.28 181.66 181.01 180.99 181.59 181.63 180.81 181.39 180.84 180 175.66 173.66 174.26 174.82 174.03 172.68 173.15 175.13 175.17 179.35 182.76 184.67 189.19 190.07 193.33 197.34 195.82 199.54 202.93 204.29 205.38 206.09 204.64 205.07 205.45 203.78 206.23 203.38 204.4 199.09 193.26 197.89 188.07 179.68 174.15 172.88 164.56 161.64 171.23 169.91 170.16 165.73 166.28 167.04 154.29 150.05 143.55 157.39 164.08 176.03 163.67 155.39 149.3 150.06 132.13 143.44 156.79 142.26
189.29 187.81 188.09 188.51 186.34 184.17 183.8 184.81 184.91 185.23 184.52 184.84 184.72 184.82 183.81 180.27 177.71 177.84 178.85 178.18 176.15 173.96 172.83 167.92 168.71 173.97 169.84 169.65 177.9 180.85 192.83 191.74 180.6 189.14 195.59 198.09 199.52 202.33 204.66 208.53 209.04 206.17 208.65 208.99 208.01 206.7 204.07 203.22 198.36 187.15 182.19 177.61 171.38 169.87 172.49 176.37 164.44 161.67 160.48 156.59 156.85 154.48 152.14 152.75 164.12 177.75 183.11 178.34 166.4 161.56 152.52 146.49 154.35 157.99
191.11 191.27 191.65 190.97 189.5 188.39 187.33 187.02 188.44 188.09 188.39 187.62 187.32 186.51 183.91 180 180.97 182.62 181.1 178.94 176.1 174.52 171.8 165.7 161.23 156.86 155.59 164.52 155.36 167.26 181.88 176.48 169.69 177.54 176.78 174 183.37 178.76 195.44 206.35 209.45 211.18 210.35 211.63 208.1 205.88 205.64 204.43 202.15 196.9 192.52 187.69 183.67 179.95 183.12 185.93 178.45 169.26 159.39 157.76 154.01 146.46 149.36 158.76 164.81 178.97 187.79 174.24 182.31 168.86 177.49 164.87 176.11 171.27
