taller 1/variables/bioclim5.asc
ncols         720
nrows         300
xllcorner     -30.008325510658
yllcorner     30.991671412252
cellsize      0.083333337679505
NODATA_value  -9999
[rows 33 to 65 of 300, columns 592 to 665 of 720]
234.04 231.71 232.21 232.57 231.76 230.58 230.38 230.05 229.73 228.92 227.95 226.93 226.4 226.99 229.5 231.42 230.63 233.19 234.83 235.77 236.96 237.16 238.36 238.9 239.35 240.01 240.46 240.46 240.3 239.64 238.48 237.39 237.39 235.17 233.28 233.19 233.15 233.91 232.96 232.01 230.74 229.64 229.24 228.55 226.84 226.4 226.83 226.7 226.46 227.59 228 227.72 227.72 229.73 231.05 230.17 229.97 229.09 229.79 229.74 229.59 231.09 228.57 229.38 230.75 232.13 230.59 229.43 230.51 230.97 230.84 231.46 228.43 228.94
235.13 233.01 232.9 232.96 232.11 231.78 231.35 230.49 230.41 228.34 228.15 227.4 226.11 227.12 229.32 230.12 231.12 231.86 233.9 235.2 235.86 237.89 238.28 238.97 240.38 240.89 241.53 241.41 240.54 239.75 238.41 237.07 236.13 234.55 235.31 235.21 234.25 233.72 232.65 231.5 230.88 230.33 230.01 228.98 227.9 227.17 226.58 226.28 226.58 227.71 227.95 228.93 229 228.93 230.38 230.55 230.79 230.24 230.61 230.94 231.07 230.61 229.49 228.4 228.23 229.88 231.86 229.05 229.12 229.13 229.41 231.27 230.09 229.78
235.04 234.92 234.66 234.93 234.66 234.24 233.52 232.73 231.85 230.99 229.98 228.66 227.01 228.19 229.74 230.54 230.6 233.18 235.48 236.55 237.38 238.14 238.93 239.56 240.05 241.01 241.48 240.92 240.18 239.42 238.87 237.41 235.85 235.06 235.9 235.03 233.37 231.78 232.02 231.44 230.78 230.53 230.42 230.22 228.92 228.19 227.42 227.12 227.36 227.55 228.75 229.68 229.87 229.65 230.43 230.88 230.92 230.96 230.69 229.95 230.38 231.12 230.36 229.87 229.7 230.8 231.59 231.74 229.87 229.66 229.93 230.13 232.1 230.08
235.98 235.71 236.09 236.27 236.24 235.65 235.07 234.24 233.34 232.53 231.38 230.06 229.48 229.28 231.15 231.64 231.94 233.88 235.63 236.96 237.95 238.35 238.98 239.48 240.4 240.84 240.77 240.84 239.74 239.01 238.71 237.93 235.72 235.62 235.86 234.94 233.75 232.78 232.43 231.57 230.67 230.72 230.93 231.1 229.67 229.29 229.27 228.94 229.35 230.23 230.91 230.91 231.3 231.21 231.92 231.69 231.39 231.48 231.27 229.94 230.18 230.28 230.65 230.74 231.33 231.85 232.42 231.98 230.94 230.87 230.83 230.8 230.42 231.29
237.92 238.18 238.1 237.49 237.23 236.83 236.33 235.49 234.11 232.94 232.91 232.48 231.94 231.86 231.91 233.56 234.46 235.29 236.37 237.31 237.98 238.93 239.02 239.41 239.92 240.72 240.8 239.58 239.01 238.73 238.42 237.55 237.28 236.62 236.21 235.48 234.52 233.52 232.92 232.39 231.81 231.3 230.91 230.49 230.83 230.85 230.7 230.86 231.23 231.3 231.36 230.71 231.31 231.91 231.92 231.68 231.95 231.6 231.6 231.36 230.98 230.84 231.35 231.48 231.8 231.62 232.62 231.29 231.51 231.63 231.67 231.7 231.1 231.73
239.1 239.87 240.08 238.92 238.12 237.71 236.9 236.04 235.69 234.77 234.07 233.92 233.64 233.85 233.92 234.17 235.6 236.1 236.76 237.46 238.31 239.28 240.24 240.87 240.98 240.96 240.88 239.41 239.07 239.12 238.48 237.74 238.11 237.85 237.12 236.14 235.28 234.41 233.68 233.73 233.65 232.57 231.98 232.19 231.47 231.07 231.25 231.57 231.06 231.31 231.01 230.91 231.18 231.74 232.06 231.86 232.26 233.15 233.29 232.93 232.96 232.73 232.56 232.47 232.08 231.5 232.34 232.24 231.62 231.88 232.51 232.19 232.8 232.93
241.14 241.31 241.56 240.71 239.47 238.7 237.68 236.31 235.48 235.02 235 234.99 234.9 235.01 234.88 235.49 235.4 234.92 235.96 237.45 238.81 239.84 239.31 239.46 239.95 240.18 239.21 239.13 239.58 238.9 239.37 239.4 238.82 238.31 237.82 237.05 236.27 235.58 235.22 234.83 233.42 233.4 233.57 233.42 232.08 231.65 231.85 231.75 231.84 232.24 232.44 232.22 232.12 232.21 232.53 232.34 233.18 232.93 233.06 232.66 232.92 233.03 233.57 233.45 233.09 232.46 232.6 232.5 232.44 232.64 232.48 233.02 233.64 233.3
244.62 243.94 243.23 242.41 242.09 240.18 238.16 236.73 235.85 235.65 235.92 235.63 235.75 235.54 236.32 236.87 236.73 236.21 236.66 238 238.67 240.34 239.89 239.36 239.56 239.93 240.4 240.52 240.66 240.06 239.41 238.83 237.75 237.6 236.97 237.13 236.87 236.32 235.2 234.05 233.53 233.46 232.64 233.24 233.55 233.11 232.95 232.43 231.66 232.15 232.89 232.88 233.29 233.41 232.78 232.45 233.09 233.72 233.71 233.68 233.38 233.92 233.95 234 233.97 234.02 234.3 234.23 233.35 233.33 233.88 233.72 233.99 234.03
245.11 245.24 245.13 245.21 244.8 243.08 240.65 238.9 238.13 237.14 236.3 235.36 234.79 235.29 236.04 237.01 237.93 237.61 238.45 239.2 239.61 240.88 240.21 240.42 240.69 240.55 240.07 240.05 239.89 239.38 238.72 237.46 237.04 236.09 236.31 236.48 236.23 236.63 236.21 235.57 234.5 233.3 233.14 233.47 233.52 233.17 232.52 232.4 232.76 232.84 234 234.72 234.46 234.01 234.36 233.43 233.83 233.96 234.41 234.59 234.57 234.63 234.17 234.54 234.62 234.78 234.73 234.75 234.61 233.98 234.56 234.66 234.68 234.5
245.01 245.41 244.3 243.84 244.44 244.83 244.36 242.68 240.24 238.7 237.75 236.84 236.17 236.83 237.55 237.54 238.6 239.59 240.14 240.85 240.59 240.59 240.13 239.89 239.62 239.77 239.2 239.37 239 238.64 238.31 237.93 237.1 235.92 235.31 235.18 235.26 236.15 237.28 236.53 235.19 235.38 235.02 234.52 234.19 233.45 233.92 234.29 234.33 234.18 234.92 235.17 235.3 235.26 236.06 235.67 235.19 235.48 235.19 235.01 235.38 235.43 235.17 235.14 235.2 235.4 235.2 235.04 235 234.96 235 235 235.15 235.13
244.61 244.28 244.44 244.17 243.23 242.73 242.42 242.88 242.49 241.47 240.65 240.18 239.34 239.2 238.57 238.76 238.87 238.86 239.47 240.14 240.18 239.41 239.3 239.12 238.95 238.72 238.08 237.54 237.02 236.07 236.14 237.29 236.98 235.27 234.45 234.54 234.55 235.9 236.77 237.47 237.34 237.22 237.38 237.07 235.56 234.13 234.7 235.6 235.9 235.98 235.92 236.36 236.58 236.66 236.07 235.76 235.59 235.91 235.73 235.69 236.29 236.22 236.11 235.9 235.95 235.68 235.43 235.26 235.06 235.16 235.51 235.86 236 235.97
245 244.86 245.09 245.09 244.65 243.26 242.5 241.73 241.3 241.01 240.78 240.38 239.55 239.13 238.33 238.06 238 237.58 237.15 237.37 238.26 238.34 238.14 238.06 237.86 237.32 236.48 235.7 234.74 234.44 235.65 236.8 237.08 235.73 235.14 235.68 235.87 235.29 235.08 235.7 236.96 237.43 237.18 236.32 236.8 237.57 237.59 237.63 237.09 236.8 237.16 237.88 237.75 237.33 237.11 237.5 237.35 237.26 237.01 237 237 237 236.84 236.99 236.52 236.31 236.08 236.48 235.54 235.75 235.47 235.15 235.09 235.49
246.34 246.09 245.62 244.78 244.62 244.13 243.08 242.14 241.56 241.03 240.6 239.63 238.98 238.62 238.08 237.85 237.24 236.63 235.56 234.67 235.89 237.5 237.03 237.13 237.04 236.69 235.75 235.06 234.17 234.51 235.31 236.94 236.63 236.17 236.41 236.56 236.21 236.27 236.41 236.28 237.28 237.07 237.09 237.3 237.49 238.01 238.87 238.81 239.35 239.1 238.42 238.16 239.05 238.71 237.79 238.24 238.23 238 237.89 237.83 237.69 237.56 237.33 236.97 236.54 236.1 236.07 236 235.94 235.82 235.99 235.71 235.9 235.43
247.09 246.89 246.48 245.48 244.6 244.13 243.78 242.88 242.06 241.35 240.31 239.41 238.84 238.06 237.53 236.63 235.95 235.32 234.57 234 234.67 236.59 237.1 236.97 236.25 236.59 236.06 235.64 234.87 235.25 236.71 236.92 236.32 235.67 235.78 236.48 236.17 236.65 237.56 237.26 237.48 238.17 238.57 238.66 239.26 239.46 238.84 238.8 238.92 239.22 239.55 239.29 239.74 239.39 239.27 239.06 238.94 238.82 238.54 238.03 238 237.94 238 237.76 237.92 237.7 237.26 236.78 236.48 236.39 236.48 236.74 236.94 236.63
246.79 246.64 245.72 244.82 243.74 243.12 242.56 242.04 241.27 240.2 239.34 238.3 237.28 236.19 235.1 234.19 233.19 233.12 233.78 233.99 234.29 235.09 236.82 237.37 236.41 235.78 236.14 236.24 236.29 236.5 236.59 235.59 235.33 235.89 235.64 236.3 237.02 237.08 237.76 238.58 238.78 239.37 239.74 239.81 240.17 240.46 240.49 240.36 240.14 239.67 239.29 239.69 239.99 239.92 239.34 239.21 239.06 238.61 238.73 238.54 238.13 237.78 237.91 237.82 237.58 237.58 237.42 237.12 236.97 236.99 236.94 236.93 236.79 236.84
244.65 244.67 243.84 242.63 242.04 241.11 239.3 239.05 238.87 238.85 238.16 237.67 235.36 233.2 231.96 231.51 231.14 231.87 233.12 233.87 234.08 234.85 235.76 237.04 237.26 235.84 235.49 235.81 236.36 236.24 234.84 235.31 235.68 235.76 236.06 236.68 237.05 238.16 238.89 239.13 239.83 239.91 240.11 240.54 240.58 240.95 241.35 240.8 240.84 240.24 239.79 240.02 240.08 239.55 239.01 239.05 239.11 238.84 238.53 238.56 238.29 237.83 237.53 237.47 237.28 237.26 237.05 237 237 237 237.14 237.23 237.79 237.75
241.88 240.96 240.1 240.25 239.48 239.26 236.8 236.43 237.06 237.19 236.24 236.83 234.23 232.35 231.46 230.98 231.09 231.36 232.86 233.72 233.99 234.11 235.11 236.97 237.14 236.42 236.27 236.54 235.4 235.18 235.14 235.65 236.03 236.28 237.08 237.67 238.15 238.87 238.95 239.15 240.14 240.91 240.97 240.71 240.89 240.97 241.31 241.02 240.53 240.67 240.35 240.75 240.31 239.81 239.31 238.86 238.86 239 238.97 238.91 238.26 237.95 237.8 237.67 237.5 237.26 237.42 237.45 237.42 237.58 237.94 237.98 237.89 237.85
241.92 239.99 236.57 236.62 236.42 237.21 236.67 236.65 236.48 236.25 235.58 235.91 234.56 233.63 232.2 231.49 232.2 231.93 232.73 233.48 233.73 234.73 235.72 236.68 237.38 237.44 236.42 235.88 235.14 235.05 235.37 235.63 235.98 236.56 237.37 238.34 238.81 239.57 239.87 240.54 240.92 240.91 240.55 240.96 241 241 241.19 241.2 240.69 240.68 241.1 241.26 240.37 239.91 239.74 239.52 239.13 239.21 238.86 238.65 237.88 237.94 237.93 237.75 237.76 237.92 237.96 237.8 237.99 237.92 238 237.91 237.84 237.93
242.04 241.23 239.49 237.72 236.83 235.97 235.36 234.51 234.75 235.35 235.44 235.25 234.83 234.04 233.2 232.72 232.92 233.58 233.8 233.61 234.85 235.26 234.9 235.14 236.63 237.82 237.64 237.24 236.07 236.27 236.44 236.54 236.71 237.14 237.69 238.69 239.43 240.04 240.86 241.3 241.35 240.73 240.79 240.92 240.91 240.97 241 240.89 241.65 241.28 241.8 241.25 240.84 240.37 239.78 239.47 239.24 238.7 238.34 238.27 238.14 238 237.97 237.85 237.73 237.96 237.78 237.62 238 237.95 237.91 237.93 237.93 238.03
240.04 238.76 238.04 237.99 237.76 236.84 236.64 235.36 235.07 234.56 233.9 234.56 235.07 235.05 234.56 234.38 233.92 233.41 233.52 233.95 234.04 233.79 233.88 234.82 235.81 236.39 237.88 238.58 238.63 238.04 237.57 237.96 237.97 238.77 239.54 240.34 240.73 241.46 241.66 240.77 241.11 241.72 241.26 240.95 240.98 241.03 240.97 241.01 241.28 241.08 242.05 241.27 240.6 240.39 239.91 239.87 239.3 238.92 238.5 238.13 238.32 238.03 237.99 237.74 237.38 237.9 237.93 237.99 237.7 237.78 237.72 237.84 238.22 237.66
238.82 237.82 235.41 236.13 236.81 236.82 236.74 236.51 236.34 235.44 234.57 234.38 233.54 233.52 233.71 233.38 232.11 231.65 232.26 233.23 234.06 234.53 234.61 235.15 234.89 234.79 236.04 237.34 238.62 239.29 239.83 239.74 239.61 239.4 239.36 239.43 240.8 241.15 241.07 241.58 240.83 240.79 241.16 240.47 240.35 239.97 239.17 239.22 239.88 240.63 241.73 240.95 240.38 240.49 239.97 239.7 238.56 239 238.67 238.14 237.84 237.66 237.77 237.61 237.64 238 237.75 237.08 236.41 237.03 237.67 237.95 238.21 237.72
237.67 237.21 236.39 235.64 236.13 235.86 235.94 235.56 234.19 233.27 233.58 232.52 232.81 232.23 232.82 232.19 232.69 232.68 232.77 232.78 232.44 233.4 234.2 233.61 234.08 234.5 234.47 235.33 236.56 237.92 238.91 239.83 239.46 238.62 238.94 240.13 240.39 241.05 240.75 241.04 240.73 240.09 240.77 240.38 239.89 239.83 239.88 240.25 240.33 240.7 240.66 240.36 240.04 239.66 239.23 239.04 239.15 238.48 237.75 237.54 237.41 237.6 237.8 237.54 238 238 237.78 237.27 236.98 237.17 237.92 238.1 238 237.77
236.86 235.51 236.24 235.49 236.35 236.11 236.02 234.09 232.68 232.19 232.46 232.56 230.85 227.92 225.38 228.39 231.25 232.11 232.17 231.14 230.81 231.96 232.18 232.73 233.65 233.77 234.57 235.82 236.13 236.81 237.08 239.39 237.82 238.49 239.01 239.29 239.14 239.29 239 238.75 239.92 240.21 240.03 239.92 239.46 239.24 239.07 239.34 239.27 239.08 239.1 239.63 239.73 239.47 238.76 238.38 237.59 236.71 236.67 237.34 236.99 237.48 237.51 237.43 237.9 237.97 237.95 237.99 237.87 237.76 238.34 237.91 237.65 237.23
236.66 234.66 234.75 235.75 235.15 234.01 234.71 233.8 233.57 232.39 231.87 230.38 230.11 227.82 226 224.89 226.89 230.08 230.77 231.27 230.45 230.94 232.29 233.23 234.34 234.95 235.07 236.09 237.03 238.08 239.64 236.81 236.52 237.79 237.91 238.27 238.26 238.38 238.39 239.35 239.03 238.98 239.35 239.31 238.91 238.42 238.32 237.56 238.01 237.68 237.74 238.59 238.99 238.4 237.76 236.87 236.62 236.58 236.94 236.96 236.3 236.85 237.13 237.76 237.87 237.94 237.63 237.77 237.61 237.77 238.37 238.37 237.12 236.74
235.74 233.17 233.9 234.14 233.46 232.97 233.64 232.96 232.02 231.42 230.06 229.65 228.27 227.41 224.36 221.85 220.22 225.05 227.33 228.68 230.73 230.96 231.82 232.44 232.78 233.77 234.3 235.68 236.81 238.59 239.84 239.1 237.87 236.24 236.67 237.82 238.16 238.21 239.04 238.21 237.32 238.17 237.91 238.62 238.19 237.6 236.62 235.85 236.25 237.48 237.73 238.42 238.03 237.82 237.69 237.07 236.95 236.71 236.61 236.64 236.17 236.4 236.81 237.36 237.91 237.99 237.84 237.37 237.55 237.93 238.34 237.95 237.66 237.27
233.75 233.21 233.06 232.13 231.97 232.2 232.62 232.2 230.54 229.72 229.28 229.02 227.53 225.5 223.97 223.07 223.42 222.82 225.97 227.51 228.26 229.5 230.86 231.14 231.61 233.46 233.97 234.99 235.96 238.41 236.88 236.69 237.48 237.67 236.26 236.84 238.1 238.11 237.8 236.65 235.22 235.8 236.3 236.44 237.02 236.34 235.31 234.12 233.62 235.47 236.23 236.91 237.45 237.15 237.18 236.48 236.83 236.96 236.62 236.29 236.63 236.99 237.32 237.72 237.57 237.83 237.65 237.38 237.51 237.84 237.55 237.66 237.78 237.91
233.74 233.12 231.75 231.03 231.55 232.31 232.62 228.96 230.36 229.26 228.57 226.83 225.53 225.85 222.79 222.58 219.14 221.93 222.61 223.15 227.07 228.72 230.06 230.37 231.11 232.49 234.2 234.91 236.47 238.09 236.91 235.96 235.31 235.51 235.72 235.8 235.75 235.91 235.9 234.11 233.06 233.42 233.63 233.39 233.59 235.07 234.53 233.13 233.07 232.19 233.53 234.79 235.56 236.18 236.28 236.59 236.12 236.03 236.12 236.33 236.53 236.89 236.84 236.61 236.52 237.07 237.28 237.18 237.37 238.06 238.24 238.05 237.96 237.92
233.06 233.45 232.36 231.45 232.08 232.02 232.29 230.93 230.37 229.62 229.08 227.18 227.04 224.63 224.59 221.71 219.07 219.85 221.61 223.65 226.15 227.84 229 231.33 232.85 233.51 234.62 234.25 234.22 235.9 235.85 233.94 234.43 235.23 235.08 234.23 234.6 233.95 233.84 232.48 231.95 231.97 231.82 231.35 231.61 232.53 233.01 231.65 231.47 232.12 231.41 232.18 233.86 234.47 234.66 235.67 236.27 236.13 236.27 236.01 236.18 236.47 236.13 235.2 236.13 236.73 237.31 237.1 237 237.39 237.38 237.92 237.93 237.86
232.41 232.86 232.33 231.7 231.93 232.22 231.05 230.11 229.55 228.28 227.4 228.67 227.88 225.97 226.19 224.51 224.15 223.78 222.37 220.7 221.45 226.37 226.26 228.57 230.29 232.33 233.97 233.94 234.43 236.29 237.03 235.61 234.31 234.3 233.07 232.21 231.72 231.02 231.8 232.99 233.08 231.91 231.21 231.15 231.37 232.38 229.87 229.92 230.28 229.24 229.77 230.23 232.38 233.49 233.77 234.51 235.3 236.15 235.85 235.77 235.55 235.44 235.33 235.23 235.42 235.64 236.34 236.61 236.74 236.93 237.02 237.78 237.56 237.65
229.74 231.54 231.67 231.54 231.78 231.09 230.15 229.11 228.72 228.87 228.72 228.84 229.31 228.43 228.79 227.3 226.88 226.74 225.29 223.73 222.93 224.8 225.27 226.88 229.02 231.04 232.98 233.87 233.35 234.77 238.54 238.03 235.91 235.28 234.76 233.55 232.52 230.69 229.92 229.49 229.5 232.28 232.62 232.64 232.15 231.36 230.44 228.65 229 229.5 230.47 230.93 232.84 234.01 234.48 235.4 234.74 234.61 234.83 234.34 235.72 234.92 234.96 234.4 234.69 234.31 234.81 235.25 235.77 236.32 236.61 238 237.6 236.81
225.88 227.92 229.33 230.47 230.68 229.85 228.99 229.15 229.12 229.45 229.53 229.7 229.4 230.81 227.82 228.01 227.74 227.33 228.74 229.23 229.8 229.47 228.53 229.1 231.3 231.63 232.27 233.99 234.92 237.29 238.9 238.24 237.84 236.66 235.98 235.15 234.33 232.94 232.15 230.7 229.19 229.67 229.75 230.06 230.09 228.55 229.08 228.86 229.34 229.71 231.46 232.41 233.58 233.72 233.62 234.72 235.55 235.09 234.44 233.54 235.36 234.93 234.63 234.85 234.85 234.45 234.77 235.36 235.91 236.51 236.69 237.67 238.23 237.08
227 224.67 225.44 227.8 228.81 229.52 228.93 227.31 227.77 228.99 229.2 229.1 230.53 232.67 232.83 230.19 229.89 231.32 231.45 230.81 232.62 233.27 233.5 233.55 232.94 235.72 236.73 238.19 238.93 238.89 238.86 238.29 238.82 238.04 236.74 236.38 235.33 234.33 233.47 232.53 231.92 230.18 228.21 228.75 226.44 225.89 225.91 225.48 226 227.83 229.7 231.16 232.8 232.39 232.31 233.41 233.58 235.13 235.39 234.87 234.42 235.13 235.04 234.68 234.67 234.27 234.53 235.73 236 236.5 236.19 237.17 238.28 237.48
229.66 225.58 224.28 225.25 225.34 227.18 227.78 227.64 227.94 227.66 229.78 231.77 233.1 234.98 234.8 233.31 232.77 235.8 236.4 237.18 236.65 237.25 238.17 237.1 237.73 238.44 239.27 239.57 239.45 239.43 239.11 237.51 237.43 238.56 237.4 236.38 236.28 235.29 234.13 233.21 233.32 231.91 230.29 228.2 226.51 224.37 223.87 224.81 225.36 225.96 228.57 230.42 232.05 232.05 231.54 231.28 232.67 233.7 234.29 235.46 234.82 233.63 234.27 234.06 234.97 235.13 235.43 235.42 235.59 235.84 236.51 237.98 238.71 238.4
