taller 1/variables/bioclim11.asc
ncols         720
nrows         300
xllcorner     -30.008325510658
yllcorner     30.991671412252
cellsize      0.083333337679505
NODATA_value  -9999
[rows 136 to 169 of 300, columns 532 to 607 of 720]
62.97297 64.82758 65.1579 -9999 -9999 58.11765 55.48276 38.32076 -9.32 -16.86 -3.55 1.14 -1.24 -3.98 -15.97 -10.06 -2.56 -22.71 -28.25 -7.7 7.02 -6.87 -2.03 -4.38 -19.39 -20.92 -26.08 1.16 12.19 7.59 -7.86 -11.07 -12.36 1.45 -4.15 -2.95 5.41 0.52 -6.1 -4.68 4.56 9.54 10.51 9.25 7.64 6.77 -4.05 -1.63 10.3 8.47 7.37 4.06 1 1.28 6.27 9.48 6.89 12.61 20.08 20.8 16.01 9.7 12.42 16.93 18.93 18.57 17.32 19.44 19.81 19.82 19.22 16.35 13.94 10.88 11.53 14.28
65.83334 64.95834 61.26667 -9999 -9999 -9999 58.30435 54.35211 42.26415 6.32967 -12.65 0.63 0.54 -0.43 -4.44 -8.36 -6.86 -8.98 -22.86 -6.57 1.31 3.49 -12.89 -15.76 -4.5 -9.73 -20.16 -9.45 -0.95 11.94 1.75 -12.04 -21.31 -7.39 -7.17 -18.62 -12.99 -8.85 -5.64 -16.9 -7.93 0.79 7.75 3.64 7.78 10.53 4.62 2.03 9.42 13.72 14.15 11.95 9.25 6.25 -3.53 2.12 6.4 16.2 18.97 19.2 18.21 16.08 13.63 15.95 16.57 16.95 17.85 19.08 19.62 20.12 20.68 18.58 17.38 14.32 11.16 14.31
-9999 -9999 63.5 -9999 -9999 62.25 60.14286 53.97561 51.93443 47.68182 11.14286 -12.62 -9.63 -3.4 3.59 2.69 -2.83 -6.31 -14.75 -14.64 -13.54 9.88 -1.58 -10.72 -17.32 -26.81 -26.88 -22.35 -15.21 -7.95 0.38 -12.63 -12.24 0.09 0.64 -13.27 -14.35 -19.96 -14.23 -17.78 -19.14 -5.46 -11.14 -7.6 9.91 11.41 6.79 3.36 5.34 7.97 11.75 14.81 15.03 13.87 10.69 7.27 13.15 19.08 9.74 7.55 10.53 16 14.81 14.4 13.81 16.03 17.28 19.94 20.45 19.39 20.15 20.4 17.96 15.29 12 13.19
-9999 -9999 -9999 64.28571 63.38095 62.13158 -9999 60 58.33333 57.13158 55.12727 29.86441 5.642105 -17.01 -17.42 3.92 7.35 -4.43 3.49 -8.54 -14.33 11.85 3.49 -9.22 5.36 -11.93 -23.78 -22.77 -22.8 -9.04 2.72 -13.66 -21.99 -7.91 -2.31 1.49 -13.74 -21.38 -27.84 -33.63 -33.4 -22.87 -8.66 1.39 0.39 -0.14 2.09 -6.28 5.21 -0.39 0.81 -2.89 5.82 -0.33 2.28 7.24 9.58 14.51 6.11 -3.92 5.23 11.63 14.6 14.27 10.39 10.53 13.84 16.74 16.26 20.05 19.82 15.83 14.37 13.47 12.59 14.82
-9999 -9999 -9999 63.8 64.16666 62.33333 -9999 -9999 59.42308 60.7027 59.53659 58.12963 53.76744 41.47143 19.46067 -2.17 1.09 2.52 3.17 -3.36 -0.85 -9.41 -8.48 -13.14 -20.45 -14.08 -2.97 -18.85 -29.59 -25.75 -9.54 -8.76 -1.2 0.93 -16.9 -4.81 -19.55 -23.16 -21.91 -36.04 -24.11 -16.66 -7.79 -7.9 -10.73 -16.03 -15.53 -14.61 -10.78 -3.12 -16.9 -13.16 -0.62 -6.29 1.78 0.02 3.73 10.86 9.57 8.59 4.85 -2.13 4.99 3.87 8.27 12.59 15.61 19.08 19.44 18.28 17.97 18.11 12.87 9.6 5.69 10.25
-9999 -9999 -9999 -9999 -9999 63.66667 63.82143 61.53846 65 63.16667 61.4 59.8 55.59 53.32632 53.52459 48.42857 41.67 36.35 33.22 13.81 14.21 -0.17 4.36 -0.18 -5.54 -11.13 -20.27 -21.83 -13.41 -16.18 -31.47 -27.03 -17.35 -10.5 -11.78 -19.15 -7.96 -14.45 -17.16 -8.8 2.66 2.47 4.51 4.93 -5.55 -8.06 -17.59 -20.9 -14.95 -9.24 -8.78 -12.56 -11.21 -11.61 -5.17 1.19 9.83 11.09 7.86 11.6 17.99 7.64 -5.66 -11.49 -3.8 1.15 4.86 7.52 11.14 10.22 13.18 14 10.98 5.41 3.58 7.77
-9999 -9999 -9999 -9999 -9999 66 64.08696 62.26667 63.5 63.32433 63.09375 61.51648 59.67 54.16 49 51.08696 28.71 32.52 41.41 41.81 26.98 27.53 26.32 5.69 -16.63 -7.86 -13.6 -15.2 -25.82 -9.47 -14.39 -25.7 -34.93 -26.28 -19.05 -25.1 -2.57 2.43 -16.6 -12.29 -13.94 -0.61 6.85 2.32 -1.01 6.2 -3.02 -16.7 -16.43 -18.28 -7.11 -2.57 -11.93 -18.97 -20.82 -18.96 -10.13 3.38 -0.18 4.91 1.48 12.91 5.46 -11.7 -14.77 -13.13 -3.78 -6.69 -9.98 -2.36 -4.51 0.66 6.98 4.26 -8.79 -2.56
-9999 -9999 -9999 -9999 -9999 -9999 -9999 61 62.62162 64 62.55556 65.45715 62.10257 62.54 57.56 50.28 44.79 41.1 43.72 46.02 45.36 41.38 42.21 26.64 5.77 -4.72 -36.15 6.41 -9.5 -24.64 -12.32 -26.38 -29.24 -24.57 -22.6 -29.14 -13.67 2.91 -8.19 -21.37 -23.34 -30.74 -13.42 -3.38 1.38 7.96 5.48 -2.88 -15.89 -12.48 -14.51 -7.37 -6.93 -14.6 -19.77 -21.02 -19.88 -22.22 -12.9 -7.91 -6.59 -5.54 5.71 10.94 1.61 -3.56 2.41 2.99 -2.73 -1.34 4.47 1.06 6.17 6.65 0.09 3.08
-9999 -9999 -9999 -9999 -9999 -9999 -9999 -9999 60.28571 64.64 67.94736 63.86364 64.85714 66.72857 66.07071 57.88 56.51 55.64 51.59 51.31 50.15 41.45 39.11 30.48 21.84 28.58 -20.17 -17.26 9.87 -6.88 -26.9 -14.94 -27.68 -27.48 -21.68 -22.56 -21.33 -13.86 -2.68 -14.34 -42.42 -31.87 -16.97 -2.87 3.22 3.99 5.06 5.11 -3.77 -18.78 -23.77 -16.56 -17.73 -9.66 -12.93 -18.41 -21.67 -11.89 -8.53 -15.96 -5.16 -2.86 7.75 6.84 2.41 -6.88 1.3 3.95 4.12 -1.87 4.72 10.74 10.98 7.08 -0.96 4.94
-9999 -9999 -9999 -9999 -9999 -9999 -9999 -9999 -9999 70.33334 68.85 67.81081 69.57143 67.2 69.56667 66.35802 62.52 63.23 61.14737 59.56818 54.44 49.14 44.87 36.37 7.74 31.57 21.35 -4.77 -7.6 3.28 4.21 -0.67 -18.42 -29.1 -16.44 -19.25 -20.48 -28.56 -16.45 -10.8 -17.43 -29.39 -23.64 -13.44 -2.79 2.49 3.82 6.57 6.37 -5.6 -12.05 -16.43 -22.02 -9.65 -10.49 -5.98 -8.34 -16.02 -3.33 -3.38 -15 -23.82 -14.85 -6.94 -6.07 -1.91 3.16 9.39 9.41 8.56 5.26 6.36 12.78 14.61 12.89 9
-9999 -9999 -9999 -9999 -9999 -9999 -9999 -9999 -9999 -9999 -9999 68.46154 70.71429 74 -9999 71.3125 69.80357 69.71111 70.31081 63.05618 57.45454 52.81 44.65 44.39 31.19 4.51 22.29 40.4 20.5 -4.33 8.65 9.04 2.86 -14.64 -9.78 -14.62 -25.8 -18.43 -1.84 7.47 4.1 -2.9 -8.59 -23.13 -9.92 -1.06 -8.05 -11.96 4.58 -11.36 -18.82 -15.18 -6.3 -4.78 -6.56 -1.27 1.69 -16.82 -16.69 8.57 0 -4.5 -9.46 -11.27 -5.5 -3.11 -2.33 4.26 6.94 10.2 6.95 6.71 -1.35 9.16 14.19 13.83
-9999 -9999 -9999 -9999 -9999 -9999 -9999 -9999 -9999 -9999 -9999 -9999 -9999 74.25 76 75.4 74.82353 74.86667 74.23256 70.42696 62.77 55.38 54.34 48.74 42.3 34.58 26.31 41.17 50.51 24.01 -12.58 -0.44 8.95 -5.48 0.37 -0.65 -19.05 -26.88 -28.94 -13.41 14.48 19.74 21.84 11.03 -7.84 -28.85 -38.34 -24.59 -2.82 -9.86 -23.61 -22.91 -16.54 -8.56 -7.9 1.16 4.58 0.14 4.27 -1.21 -6.25 -2.64 -6.31 -13.11 -14.31 -11.59 -6.9 -3.88 -1.14 7.04 1.1 2.21 -0.77 0.04 9.24 12.16
-9999 -9999 -9999 -9999 -9999 -9999 -9999 -9999 -9999 -9999 -9999 -9999 -9999 -9999 -9999 75 75.78571 -9999 -9999 71.80769 63.62 53.78 56.71 56.26 50.8 48.16 44.88 50.76 51.73 39.7 18.36 11.74 15.46 7.07 0.77 3.16 -9.54 -21.2 -26.44 -36.76 4.14 17.56 -12.47 9.08 7.32 -13.68 -26.97 -20.25 -32.13 -13.83 -12.9 -13.98 -6.43 1.86 4.76 6.97 0.95 -11.88 -7.55 -3.62 5.22 1.33 -1.4 -12.23 -13.28 -20.94 -12.37 -12.18 -12.92 -1.42 -0.13 -5.62 -18.06 -18.14 -1.56 -9.15
-9999 -9999 -9999 -9999 -9999 -9999 -9999 -9999 -9999 -9999 -9999 -9999 -9999 -9999 -9999 -9999 -9999 -9999 -9999 76.39024 71.35714 70.45834 64.30379 75.57143 76.35897 72.30986 65.5 33.08 41.43 48.44 36.98 30.46 24.75 18.38 19.15 7.93 0.04 -5.81 -11.34 1.17 19.44 10.09 -25.84 -28.64 1.35 9.97 -13.74 -7.91 -19.75 -16.27 -10.59 4.85 8.66 11.98 0.33 -9.55 -12.43 -19.52 -12.46 -14.3 -6.78 -2.36 -2.85 -3.53 -10.07 -13.36 -17.7 -21.08 -20.21 -10.61 -6.52 -12.4 -19.1 -17.68 -15.75 -3.82
-9999 -9999 -9999 -9999 -9999 -9999 -9999 -9999 -9999 -9999 -9999 -9999 -9999 -9999 -9999 -9999 -9999 -9999 -9999 -9999 82.42857 82.13333 84.08334 82.77778 82.125 -9999 77.8 63.80435 52.76712 56.9 60.85 50.5 34.09 43.16 42.9 34.29 20.15 9.69 9.11 4.23 5.44 21.91 39.15 0.34 -5.75 -0.59 -8.01 4.15 -8.72 -24.32 -21.84 -12.89 -4.47 1.26 -8.67 -2.07 -3.06 -7.96 -14.16 -12.7 -14.45 -15.94 -17.87 -1.72 -10.18 -19.75 -17.58 -18.73 -24.9 -15.48 -12.37 -25.38 -16.9 -26.16 -9.85 0.44
-9999 -9999 -9999 -9999 -9999 -9999 -9999 -9999 -9999 -9999 -9999 -9999 -9999 -9999 -9999 -9999 -9999 -9999 -9999 -9999 -9999 -9999 83.71429 84.32558 86.40625 84.97826 75.98592 73.79688 76.76 79.97436 69.8 39.91304 17.68 30.74 43.65 50.62 48.51 45.73 45.99 46.92 34.42 40.39 37.42 -2.83 -1.44 5.94 -19.48 -11.13 -3.96 -27.63 -33.11 -21.98 -0.25 -2.07 -5.19 -7.27 -20.79 -16.58 -6.91 -7.75 -13.51 -21.83 -15.98 1.41 -2.87 -22.71 -23.6 -18.64 -20.3 -22 -24.28 -31.85 -24.35 -25.54 -7.87 2.24
-9999 -9999 -9999 -9999 -9999 -9999 -9999 -9999 -9999 -9999 -9999 -9999 -9999 -9999 -9999 -9999 -9999 -9999 -9999 -9999 -9999 -9999 -9999 -9999 -9999 87.08696 66.63492 52.51948 59.9375 67.39726 78.5 81 42.83333 15.69 35.82 29.14 52.52 61.54 54.36 49 50.14 56.56 54.32 16.33 -7.17 8.67 8.26 -5.55 -10.89 -10.76 -13.61 -8.86 -29.04 -28.16 -13.33 -15 -29.52 -31.97 -26.08 -12.09 -9.89 -14.95 -23.12 -11.55 -4.13 -26.42 -26.54 -19.65 -15.32 -20.46 -24.1 -24.7 -34.44 -18.03 -4.92 3.61
-9999 -9999 -9999 -9999 -9999 -9999 -9999 -9999 -9999 -9999 -9999 -9999 -9999 -9999 -9999 -9999 -9999 -9999 -9999 -9999 -9999 -9999 -9999 -9999 95.38461 87.17073 82.85246 88.77941 91.55 92.5 90 -9999 -9999 52.71053 45.76667 51.1 60.68 71.61 69.28 65.73 60.99 60.75 56.3 32.64 14.02 9.02 13.71 0.72 -10.91 -2.05 -4.29 -14.33 -29.48 -27.15 -13.79 -26.67 -26.65 -19.27 -20.64 -17.23 -17.55 -12.7 -19.67 -15.89 -5.51 -8.47 -24.21 -26.76 -22.16 -19.17 -21.85 -16.45 -12.51 -4.61 0.39 -4.59
-9999 -9999 -9999 -9999 -9999 -9999 -9999 -9999 -9999 -9999 -9999 -9999 -9999 -9999 -9999 -9999 -9999 -9999 -9999 -9999 -9999 95 95.5 -9999 -9999 -9999 75.76923 72.76471 82.01852 79.175 77.97727 71.05 78.25 78.25 83 63.06452 54.48235 74.45 70.45 69.24 72.36 68.24 62.76 52.37 27.94 21.47 17.06 5.63 -8.26 -6.13 7.99 -3.79 -22.79 -15.3 -2.91 -34.72 -45.64 -28.69 -24.84 -21.15 -16.04 -23.68 -22.94 -11.89 -12.16 -0.34 -17.15 -23.62 -22.68 -20.92 -20.12 -16.15 -12.13 -2.25 -0.33 -14.15
-9999 -9999 -9999 -9999 -9999 -9999 -9999 -9999 -9999 -9999 -9999 -9999 -9999 -9999 -9999 -9999 87.66666 81.5 -9999 -9999 89.33334 80.27536 88.88136 94.4 -9999 -9999 -9999 -9999 -9999 -9999 -9999 -9999 83 62.05263 68.45161 76 75.75 79.55738 78.30303 79.39 73.03 74.31 62.28 60.13 44.32 27.13 23.37 25.45 17.7 12.98 0.58 -2.58 -2.34 -20.87 -4.45 -16.69 -21.75 -26.27 -30.38 -35.77 -27.55 -23.33 -24.56 -6.84 -2.48 3.54 -6.48 -18.95 -26.47 -24.02 -22.38 -19.9 -14.79 -11.81 -12.02 -20.36
-9999 -9999 -9999 -9999 -9999 -9999 -9999 -9999 -9999 -9999 -9999 -9999 -9999 -9999 -9999 -9999 -9999 -9999 -9999 -9999 91.55556 -9999 -9999 -9999 -9999 -9999 -9999 94.875 90.49315 86.39189 82.39063 78.22059 72.33334 79.44156 81.27586 68.23214 67.71233 80.6 75.1579 75.16304 65.11 58.11 58.88 51.38 38.57 38.17 14.58 14.95 30.55 23.04 0.18 -5.48 -1.5 -8.52 -12.87 -8.55 -14.48 -11.91 -21.11 -33.78 -38.39 -31.2 -11.28 -13.67 -19.26 -6.73 -0.84 -12.61 -25.32 -31.56 -21.01 -13.01 -13.14 -14.94 -13.81 -9.73
-9999 -9999 -9999 -9999 -9999 -9999 -9999 -9999 -9999 -9999 -9999 -9999 -9999 -9999 -9999 -9999 -9999 -9999 -9999 -9999 -9999 -9999 -9999 -9999 -9999 -9999 -9999 -9999 -9999 -9999 86.66666 -9999 -9999 -9999 -9999 -9999 -9999 74.58064 71.54054 71.08974 77.49462 65.54 54.44 52.1 50.87 35.92 28.38 22.66 35.96 36.68 7.68 7.98 0.5 -2.29 8.13 13.55 -10.15 -23.23 -36.48 -19.1 -22.73 -23.68 -12.04 -31.85 -37.6 -19.53 -1.32 -7.21 -20.65 -20.91 -20.16 -22.23 -31.8 -34.1 -34.86 -20.84
-9999 -9999 -9999 -9999 -9999 -9999 -9999 -9999 -9999 -9999 -9999 -9999 -9999 -9999 -9999 -9999 -9999 -9999 -9999 -9999 -9999 -9999 -9999 -9999 -9999 -9999 97.57143 -9999 98 95.625 89.525 92.30769 -9999 -9999 -9999 -9999 87 82.25 79.42857 80.22222 82.28 78.68571 72.16666 48.61616 46.31 60.73 50.42 42.37 35.59 45.26 23 20.6 17.46 11.92 23.78 25.28 9.57 -13.98 -32.36 -22.85 9.34 -3.82 -10.59 -24.2 -28.63 -17.59 -5.19 -20.16 -36.11 -35.75 -39.18 -34.7 -16.54 -4.93 1.9 4.33
-9999 -9999 -9999 -9999 -9999 -9999 -9999 -9999 -9999 -9999 -9999 -9999 -9999 -9999 -9999 -9999 -9999 -9999 -9999 -9999 -9999 -9999 -9999 -9999 -9999 -9999 -9999 -9999 -9999 -9999 92 90 -9999 -9999 -9999 -9999 -9999 -9999 78.54546 82.19231 81.62963 87 84.6 77.5 70.19444 67.7347 65.62 62.43 51.68 38.81 36.56 18.81 13.36 9.35 10.62 25.69 15.95 0.29 -18.16 -23.03 20.65 3.58 -16.71 -31.57 -23.26 -11 -16.59 -28.62 -33.48 -32.08 -31.19 -8 12.2 13.73 12.45 8.14
-9999 -9999 -9999 -9999 -9999 -9999 -9999 -9999 -9999 -9999 -9999 -9999 -9999 -9999 -9999 -9999 -9999 -9999 -9999 -9999 -9999 -9999 -9999 -9999 -9999 -9999 -9999 -9999 -9999 -9999 -9999 -9999 -9999 -9999 -9999 -9999 -9999 -9999 -9999 -9999 -9999 -9999 -9999 -9999 87.5 78.57692 74.14754 58.86 44.73 21.94 -4.22 8.99 28.01 17.63 11.41 14.94 48.8 27.9 -0.31 -6.4 15.4 -1.82 -24.18 -27.87 -28.69 -23.91 -28.94 -12.6 -40.22 -45.33 -37.68 -1.32 13.23 14.28 15.04 11.1
-9999 -9999 -9999 -9999 -9999 -9999 -9999 -9999 -9999 -9999 -9999 -9999 -9999 -9999 -9999 -9999 -9999 -9999 -9999 -9999 -9999 -9999 -9999 -9999 -9999 -9999 -9999 -9999 -9999 -9999 -9999 -9999 -9999 -9999 -9999 -9999 -9999 -9999 -9999 -9999 -9999 -9999 -9999 -9999 -9999 -9999 85.75 83.41818 66.55789 39.41 7.6 17.36 35.56522 28.48 25.48 15 26.72 61.36 51.89 32.09 37.95 -2.8 -31.06 -17 -24.79 -24.43 -23.1 -26.49 -40.69 -51.4 -28.18 5.33 12.64 14.39 15.45 9.71
-9999 -9999 -9999 -9999 -9999 -9999 -9999 -9999 -9999 -9999 -9999 -9999 -9999 -9999 -9999 -9999 -9999 -9999 -9999 -9999 -9999 -9999 -9999 -9999 -9999 -9999 -9999 -9999 -9999 -9999 -9999 -9999 -9999 -9999 -9999 -9999 -9999 -9999 -9999 -9999 -9999 -9999 -9999 -9999 -9999 -9999 -9999 -9999 74.14286 75.875 67.82353 62.22078 66.12727 34.18824 18.33 20.9 34.17 49.32 61.57 59.4 31.95 11.5 6.94 -4.11 -31.24 -36.96 -31.29 -22.28 -19.49 -26.21 -11.74 13.73 16.5 17.09 17.6 6.23
73.21053 76.6 -9999 -9999 -9999 -9999 -9999 -9999 -9999 -9999 -9999 -9999 -9999 -9999 -9999 -9999 -9999 -9999 -9999 -9999 -9999 -9999 -9999 100 -9999 -9999 -9999 -9999 -9999 -9999 -9999 -9999 -9999 -9999 -9999 -9999 -9999 -9999 -9999 -9999 -9999 -9999 -9999 -9999 -9999 -9999 -9999 -9999 -9999 -9999 81 73.13636 74.07937 45.38 9.92 37.35 54.22 60.52 64.16 62.94 49.61 34.88 -1.75 -8.97 -23.35 -6.46 -29.42 -27.5 -6.35 24.06 8.69 10.97 18.34 19.71 20.47 18.88
69.35 72.8642 77 -9999 -9999 -9999 -9999 -9999 -9999 -9999 -9999 -9999 -9999 -9999 -9999 -9999 -9999 -9999 -9999 -9999 -9999 -9999 -9999 -9999 -9999 -9999 -9999 -9999 -9999 -9999 -9999 -9999 -9999 -9999 -9999 -9999 -9999 -9999 -9999 -9999 -9999 -9999 -9999 -9999 -9999 -9999 -9999 -9999 -9999 -9999 -9999 -9999 72.25 70.94736 54.7971 35.24 57.07 69.97 68.48 66.4 63.83 52.8 25.17 -9.84 2.49 12.62 -4.54 15.53 22.65 15.41 8.5 9.88 10.56 4.05 13.33 16.83
65.87 72.78 76.82979 78.51852 81.57895 -9999 -9999 -9999 -9999 -9999 -9999 -9999 -9999 -9999 -9999 -9999 -9999 -9999 -9999 -9999 -9999 -9999 -9999 -9999 -9999 -9999 -9999 -9999 -9999 -9999 -9999 -9999 -9999 -9999 -9999 -9999 -9999 -9999 -9999 -9999 -9999 -9999 -9999 -9999 -9999 -9999 -9999 -9999 -9999 -9999 -9999 -9999 -9999 -9999 76.66666 56.36508 51.25 50.17 64.61 69.19 66.57 60.67 45.67 14.69 25.82 13.75 21.35 10.4 1.65 10.63 22.67 22.25 18.31 -1.92 -6.98 15.65
69.29 71.31 70.2 75.36 77.24691 85 -9999 -9999 -9999 -9999 -9999 -9999 -9999 90.66666 92 -9999 -9999 -9999 -9999 -9999 -9999 -9999 -9999 -9999 -9999 -9999 -9999 -9999 -9999 -9999 -9999 -9999 -9999 -9999 -9999 -9999 -9999 -9999 -9999 -9999 -9999 -9999 -9999 -9999 -9999 -9999 -9999 -9999 -9999 -9999 -9999 -9999 -9999 -9999 -9999 -9999 65.95652 54.05747 32.17 63.52 68.4 67.22 60.51 48.22 22.59 18.98 33.59 8.4 5.02 0.73 17.21 20.48 15.12 9.1 -6.64 -12.87
54.85 56.7 64.09 69.46 76.33 82.95699 81.31373 86 -9999 -9999 -9999 -9999 -9999 -9999 -9999 -9999 -9999 -9999 -9999 -9999 -9999 -9999 -9999 -9999 -9999 -9999 -9999 -9999 -9999 -9999 -9999 -9999 -9999 -9999 -9999 -9999 -9999 -9999 -9999 -9999 -9999 -9999 -9999 -9999 -9999 -9999 -9999 -9999 -9999 -9999 -9999 -9999 -9999 -9999 -9999 -9999 -9999 66.5 48.2 53.33 64.97938 65.44791 65.14 57.3 44.23 29.75 20.08 14.91 16.83 3.36 3.71 -2.89 18.65 -2.09 -7.48 -9.91
44.94 46.4 53.49 61.75 72.7 74.29 78.62 82.14 85.55357 88.35 89 89 -9999 -9999 -9999 85.76923 -9999 94 89.11111 88.24242 90.775 95.625 -9999 -9999 -9999 -9999 -9999 -9999 -9999 -9999 -9999 -9999 -9999 -9999 -9999 -9999 -9999 -9999 -9999 -9999 -9999 -9999 -9999 -9999 -9999 -9999 -9999 -9999 -9999 -9999 -9999 -9999 -9999 -9999 -9999 -9999 -9999 71.5 68.57333 75.65 74.91892 71.78947 68.06 64.87 53.24 41.84 18.95 5.58 21.25 -0.99 2.2 -8.7 10.98 -21.38 -26.58 -28.51
26.36 32.24 47.32 64.47 57.13 66.16 77.22 81.84 79.33 85.06 82.61 86.8764 87.46154 84.97872 83.01389 76.95 70.52381 88.08572 81.72 63.71 72.33 88.1031 94.2 -9999 -9999 -9999 -9999 -9999 -9999 -9999 -9999 -9999 -9999 -9999 -9999 -9999 -9999 -9999 -9999 -9999 -9999 -9999 -9999 -9999 -9999 -9999 -9999 -9999 -9999 -9999 -9999 -9999 -9999 -9999 -9999 -9999 -9999 -9999 -9999 80 77.77143 69.17391 62.75581 67.16 51.72 43.32 42.44 38.21 27.89 4.56 -3.72 3.9 10.17 -10.39 -37.86 -35.51
