taller 1/variables/bioclim15.asc
ncols         720
nrows         300
xllcorner     -30.008325510658
yllcorner     30.991671412252
cellsize      0.083333337679505
NODATA_value  -9999
[rows 136 to 169 of 300, columns 462 to 538 of 720]
28.81 29.52 29.91 29.59 30.14 30.76 28.43 25.29 23.1 25.92 25.11 24.03 23.61 24.71 25.53 25.31 24.33 24.94 24.06 23.24 22.47 22.46 22.09 21.58 21.07 20.96 20.69 20.23 19.97 19.67 19.57 19.47 19.41 19.49 19.38 19.04 18.9 18.41 17.96 17.18 16.67 16 15.8 15.94 15.78 15.83721 -9999 -9999 -9999 -9999 -9999 -9999 -9999 -9999 -9999 -9999 -9999 -9999 -9999 -9999 -9999 -9999 -9999 -9999 -9999 -9999 -9999 -9999 25 25.25 26.24324 27 27.63158 -9999 -9999 29 29.10345
27.88 28.91 29.27 27.91 30.2 32.18 29.59 26.83 26.01 26.01 24.6 23.97 23.2 25.7 25.77 25.17 25.74 24.99 22.84 22.85 23.07 22.61 22.66 21.84 21.33 21.24 21.13 20.99 20.74 20.3 20.1 20.08 20.01 20.12 20.25 19.54 18.98 18.14 17.82 17.14 16.69 16.11 16 15.98 15.73 16 -9999 -9999 -9999 -9999 -9999 -9999 -9999 -9999 -9999 -9999 -9999 -9999 -9999 -9999 -9999 -9999 -9999 -9999 -9999 -9999 -9999 -9999 -9999 25.83333 26.33333 27 27.13333 -9999 -9999 -9999 29.69565
26.18 26.63 29.91304 31.66234 33.2967 33.58163 31.97 30.8 30.06 28.19 28.08 24.91 25.48 25.98 27.27 25.48 24.63 24.01 22.68 22.73 22.8 23.24 22.57 22.21 22.13 22.06 21.71 21.05 21.05 21.02 20.86 20.72 20.57 20.54 20.55 19.91 19.07 18.45 17.87 17.11 16.68 16.17 15.99 16 15.98 16 -9999 -9999 -9999 -9999 -9999 -9999 -9999 -9999 -9999 -9999 -9999 -9999 -9999 -9999 -9999 -9999 -9999 -9999 -9999 -9999 -9999 -9999 -9999 -9999 -9999 -9999 27.71428 -9999 -9999 29.5 30
31.77108 32.31707 33.83333 -9999 -9999 34.92308 33.71429 33.64151 33.83871 33.33333 33.16 29.7 28.8 29 24.39 24.94 28.74 26.9 22.84 22.16 22.18 22.3 22.91 22.88 22.59 22.33 21.73 21.66 21.73 21.68 21.58 21.41 21.15 21.01 20.65 20.16 19.47 18.82 18.02 17.32 16.88 16.15 16 16 16 16 16 -9999 -9999 -9999 -9999 -9999 -9999 -9999 -9999 -9999 -9999 -9999 -9999 -9999 -9999 -9999 -9999 -9999 -9999 -9999 -9999 -9999 -9999 -9999 -9999 -9999 -9999 28 29 29.71053 -9999
-9999 -9999 -9999 -9999 -9999 -9999 -9999 -9999 34.4 35 34.16216 33.67391 31.26 31.36 31.13 27.99 28.15 31.11 28.44 26.03 22.84 21.28 20.78 21.37 22 21.63 21.9 22.42 22.53 22.21 22.22 22.03 21.92 21.93 21.57 21.05 20.04 19.2 18.3 17.69 17.04 16.5 16.02 15.99 15.99 15.99 15.97674 -9999 -9999 -9999 -9999 -9999 -9999 -9999 -9999 -9999 -9999 -9999 -9999 -9999 -9999 -9999 -9999 -9999 -9999 -9999 -9999 -9999 -9999 -9999 -9999 -9999 -9999 28.4 29 29.42857 -9999
-9999 -9999 -9999 -9999 -9999 -9999 -9999 -9999 -9999 -9999 -9999 35 34.14706 32.93333 33.07 32.97 32.29 32.14 31.66 29.45 26.11 24.97 23.09 21.88 21.29 21.79 20.57 22.08 22.82 22.85 22.94 23.12 23.05 23.54 23.59 22.39 21.23 20.38 19.33 18.3 17.53 16.91 16.35 16 15.97 15.98 16 16 -9999 -9999 -9999 -9999 -9999 -9999 -9999 -9999 -9999 -9999 -9999 -9999 -9999 -9999 -9999 -9999 -9999 -9999 -9999 -9999 -9999 -9999 -9999 -9999 -9999 -9999 -9999 29.83333 30.14286
-9999 -9999 -9999 -9999 -9999 -9999 -9999 -9999 -9999 -9999 -9999 -9999 -9999 35 32.16667 33.82222 35.07692 34.52083 31.63 27.8 24.44 24.49 26.38 26.12 22.99 21.17 21.65 21.59 21.63 23.2 23.57 23.69 24.17 24.49 23.65 23.63 23.13 21.64 20.34 19.45 18.47 17.41 16.74 16.37 16.09 16.08 16.07 16.09278 16.5 16 -9999 -9999 -9999 -9999 -9999 -9999 -9999 -9999 -9999 -9999 -9999 -9999 -9999 -9999 -9999 -9999 -9999 -9999 -9999 -9999 -9999 -9999 -9999 -9999 -9999 30 30.13043
-9999 -9999 -9999 -9999 -9999 -9999 -9999 -9999 -9999 -9999 -9999 -9999 -9999 -9999 -9999 33.66667 36 34.91667 35.13158 33.30682 29.2 26.17 25.37 27.22 27.15 25.45 24.24 23.7 23.68 23.54 23.79 24.01 23.99 23.69 24.07 24.44 23.92 22.64 21.75 20.2 19.11 18.22 17.49 16.99 16.67 16.76 16.56 16.7 16.96 16.79104 16 -9999 -9999 -9999 -9999 -9999 -9999 -9999 -9999 -9999 -9999 -9999 -9999 -9999 -9999 -9999 -9999 -9999 -9999 -9999 -9999 -9999 -9999 -9999 -9999 -9999 -9999
-9999 -9999 -9999 -9999 -9999 -9999 -9999 -9999 -9999 -9999 -9999 -9999 -9999 -9999 -9999 -9999 -9999 -9999 -9999 35 34.125 31.07 27.42 28.44 28.51 25.31 25.8 24.97 25.86 25.5 24.75 24.25 24.15 23.55 22.97 22.46 22.87 22.91 22.25 21.29 19.83 19.31 18.78 17.94 17.35 17.28 17.17 17.27 17.01 16.34 15.65217 14.91667 14.79487 15 -9999 -9999 -9999 -9999 -9999 -9999 -9999 -9999 -9999 -9999 -9999 -9999 -9999 -9999 -9999 -9999 -9999 -9999 -9999 -9999 -9999 -9999 -9999
-9999 -9999 -9999 -9999 -9999 -9999 -9999 -9999 -9999 -9999 -9999 -9999 -9999 -9999 -9999 -9999 -9999 -9999 -9999 -9999 35 34.48421 32.6 32.28 31.76 30.33 29.3 28.51 26.97 26.37 25.92 25.07 24.44 24.16 24.08 23.77 22.78 22.94 21.68 21.24 20.64 19.82 19.29 18.51 18.26 17.96 18.17 18.01 17.35 16.3 15.65 15.08 14.87 14.73256 14.8 -9999 -9999 -9999 -9999 -9999 -9999 -9999 -9999 -9999 -9999 -9999 -9999 -9999 -9999 -9999 -9999 -9999 -9999 -9999 -9999 -9999 -9999
-9999 -9999 -9999 -9999 -9999 -9999 -9999 -9999 -9999 -9999 -9999 -9999 -9999 -9999 -9999 -9999 -9999 -9999 -9999 -9999 -9999 35.35714 34.69 32.48 29.98 31.28 30.48 29.31 28.3 26.54 26.15 25.93 25.28 24.76 24.14 23.67 23.52 22.92 22.27 21.44 20.75 20.12 19.89 19.31 18.63 18.79 18.28 17.75 17.1 16.46 15.96 15.41 14.99 14.88 14.65 14.69231 15 -9999 -9999 -9999 -9999 -9999 -9999 -9999 -9999 -9999 -9999 -9999 -9999 -9999 -9999 -9999 -9999 -9999 -9999 -9999 -9999
-9999 -9999 -9999 -9999 -9999 -9999 -9999 -9999 -9999 -9999 -9999 -9999 -9999 -9999 -9999 -9999 -9999 -9999 -9999 -9999 -9999 36.23333 35.87 34.94 32.16 32.08 31.07 30.04 28.99 28.12 26.89 26.28 25.61 25.19 24.69 24.33 23.62 22.02 22.14 21.39 20.89 20.27 19.8 19.54 19.04 18.85 18.22 17.88 17.41 17.02 16.6 15.97 15.2 14.93 14.78 14.63 14.78261 15.11429 16 -9999 -9999 -9999 -9999 -9999 -9999 -9999 -9999 -9999 -9999 -9999 -9999 -9999 -9999 -9999 -9999 -9999 -9999
-9999 -9999 -9999 -9999 -9999 -9999 -9999 -9999 -9999 -9999 -9999 -9999 -9999 -9999 -9999 -9999 -9999 -9999 -9999 -9999 -9999 36.59091 36.09 35.31 34.14 32.81 31.37 29.9 29.05 28.69 27.77 26.48 26.12 25.66 24.97 25.05 24.47 23.09 21.89 21.79 20.99 20.39 19.83 19.35 19.15 18.97 18.66 18.15 17.93 17.4 17.11 16.7 15.94 15.11 15 14.98 14.69 15.19 15.8046 15.42593 15.77778 -9999 -9999 -9999 -9999 -9999 -9999 -9999 -9999 -9999 -9999 -9999 -9999 -9999 -9999 -9999 -9999
-9999 -9999 -9999 -9999 -9999 -9999 -9999 -9999 -9999 -9999 -9999 -9999 -9999 -9999 -9999 -9999 -9999 -9999 -9999 -9999 -9999 36.85 35.44 34.29 33.88 32.05 31.85 30.67 28.32 27.24 28.42 27.75 26.46 25.92 25.12 25.16 25.09 24.44 23.3 22.29 21.53 20.8 20.1 19.92 19.42 19.02 19 18.93 18.89 18.24 17.77 17.26 16.39 15.77 15.15 14.99 14.98 15.14 15.05 14.98 15.83 16.11111 -9999 -9999 -9999 -9999 -9999 -9999 -9999 -9999 -9999 -9999 -9999 -9999 -9999 -9999 -9999
-9999 -9999 -9999 -9999 -9999 -9999 -9999 -9999 -9999 -9999 -9999 -9999 -9999 -9999 -9999 -9999 39.25 -9999 -9999 -9999 -9999 -9999 35.26087 34.6 33.87 29.47 30.34 30.91 29.29 26.08 27.52 28.45 27.9 26.37 26.11 25.43 24.72 24.87 23.58 22.97 22.05 21.08 20.35 20.02 20 19.66 19.17 19.02 18.94 18.79 18.55 17.88 16.98 16.39 15.77 15.16 15.01 15 15.21 15.59 16.14 16.91398 18 -9999 -9999 -9999 -9999 -9999 -9999 -9999 -9999 -9999 -9999 -9999 -9999 -9999 -9999
-9999 -9999 -9999 -9999 -9999 -9999 -9999 -9999 -9999 -9999 -9999 -9999 -9999 -9999 -9999 -9999 -9999 -9999 -9999 -9999 -9999 -9999 -9999 36.04918 34.58 32.07 31.1 31.65 29.83 28.13 28.16 28.79 27.47 28.39 28.12 27.43 26.25 24.98 24.2 23.71 22.83 21.56 20.85 20.61 20.63 20.37 20.05 19.53 19.2 18.98 18.81 18.21 17.24 16.83 16.98 15.96 15.64 15.36 15.54 15.73 16.31 16.79 17.66 -9999 -9999 -9999 -9999 -9999 -9999 -9999 -9999 -9999 -9999 -9999 -9999 -9999 -9999
-9999 -9999 -9999 -9999 -9999 -9999 -9999 -9999 -9999 -9999 -9999 -9999 -9999 -9999 -9999 -9999 -9999 -9999 -9999 -9999 -9999 -9999 -9999 36.85714 35.96296 33.94 32.7 30.43 29.92 29.46 28.86 27.75 27.94 29.53 29.53 28.76 27.71 26.19 25.11 24.54 23.74 22.68 21.5 20.98 21.14 20.69 20.8 19.96 19.47 19.34 18.99 18.47 18.05 17.12 17.03 16.84 16.04 15.94 15.99 16.01 16.44 17.14 17.88542 18.66667 -9999 -9999 -9999 -9999 -9999 -9999 -9999 -9999 -9999 -9999 -9999 -9999 -9999
-9999 -9999 -9999 -9999 -9999 -9999 -9999 -9999 -9999 -9999 -9999 -9999 -9999 -9999 -9999 -9999 -9999 -9999 -9999 -9999 -9999 -9999 -9999 -9999 36.73077 35.04 32.09 30.51 27.59 27.09 28.22 29.09 29.12 30.14 29.56 29.68 28.36 26.66 25.18 25.32 24.37 23.7 23.01 22.19 21.68 21.27 20.95 21.41 20.25 19.92 19.1 18.96 18.51 17.97 17.12 17.07 16.58 16.31 16.3 16.57 16.91 17.22 17.77 18.71186 -9999 -9999 -9999 -9999 -9999 -9999 -9999 -9999 -9999 -9999 -9999 -9999 -9999
-9999 -9999 -9999 -9999 -9999 -9999 -9999 -9999 -9999 -9999 -9999 -9999 -9999 -9999 -9999 -9999 -9999 -9999 -9999 -9999 -9999 -9999 -9999 -9999 37.06123 34.01 34.7 33.51 30.31 27.55 27.53 29.4 29.36 30.15 30.49 30.22 28.98 27.32 25.27 25.03 25.12 24.33 23.97 23.72 22.91 22.65 21.86 22.51 22.09 20.21 19.21 19.05 19.31 19.37 17.88 17.29 17.91 16.96 16.92 16.96 16.97 17.51 17.89 18.6875 19.4 -9999 -9999 -9999 -9999 -9999 -9999 -9999 -9999 -9999 -9999 -9999 -9999
-9999 -9999 -9999 -9999 -9999 -9999 -9999 -9999 -9999 -9999 42.6 42.61538 -9999 -9999 -9999 39.95 40.55556 -9999 -9999 -9999 -9999 -9999 -9999 40 38.41177 37.33 36.88 35.2 33.68 32.69 30.7 29.88 30.91 30.77 31.47 28.78 28.58 27.59 27.07 24.53 25.16 25.1 24.19 23.81 23.84 23.79 23.57 23.36 23 22.06 20.13 19.5 19.19 19.96 18.49 19.1 19.84 17.74 17.09 17.04 17.09 17.42 18.18 18.5 19.37838 -9999 -9999 -9999 -9999 -9999 -9999 -9999 -9999 -9999 -9999 -9999 -9999
-9999 -9999 -9999 -9999 -9999 -9999 -9999 -9999 -9999 -9999 40.95774 41.65672 -9999 -9999 -9999 -9999 -9999 -9999 -9999 -9999 -9999 -9999 -9999 38.75 38.64615 38.45 37.41818 37.18085 36.53 35.91 36.04 35.18 33.86 33.85 33.19 31.57 29.4 25.21 25.68 25.58 23.81 25.9 24.21 23.17 23.3 24.4 24.57 23 22.08 22.93 21.84 20.15 19.94 20.63 20.78 20.41 23.81 20.93 17.96 17.76 17.55 17.74 18.4 19.16 20.13889 -9999 -9999 -9999 -9999 -9999 -9999 -9999 -9999 -9999 -9999 -9999 -9999
-9999 -9999 -9999 -9999 -9999 -9999 -9999 -9999 -9999 42.33333 39.13542 41.58621 -9999 -9999 -9999 -9999 -9999 -9999 -9999 -9999 -9999 42 40.41177 40.22222 -9999 -9999 -9999 38.33333 35.54 36.85 37.96 36.4 34.57 35.05 33.36 28.22 25.49 23.06 25.63 26.25 24.77 25.3 25.86 24.14 23.06 23.76 24.97 23.42 22.43 22.35 22.64 21.26 20.75 20.16 20.26 22.19 24.17 22.85 18.79 18.08 18.31 19.02 19.68 20.16 20.85 22 -9999 -9999 -9999 -9999 -9999 -9999 -9999 -9999 -9999 -9999 -9999
-9999 -9999 -9999 -9999 -9999 -9999 -9999 -9999 -9999 -9999 39.28916 39.79546 -9999 -9999 -9999 -9999 -9999 -9999 -9999 39.68 39.96202 41.12658 40.82895 40.82353 -9999 -9999 40 38.7907 37.75 39.31579 39.11 38.56 37.43 35.85 33.34 29.07 26.67 26.63 26.1 28.25 26.59 25.89 27.21 26.36 23.62 23.79 25.11 24.66 22.48 21.87 22.69 21.56 21.12 21.09 20.92 20.85 24.04 22.14 19.76 18.77 18.77 19.16 19.22 20.4 21.04 21.83928 -9999 -9999 -9999 -9999 -9999 -9999 -9999 -9999 -9999 -9999 -9999
-9999 -9999 -9999 -9999 -9999 -9999 44.53846 43.51765 43.58947 43.83019 41.42268 41.92982 -9999 -9999 -9999 -9999 -9999 -9999 -9999 41.33333 42.5 -9999 40.09091 41 -9999 -9999 -9999 -9999 -9999 40.1 40.3587 39.79 37.62 34.78 32.85 33.12 31.56 30.51 28.17 27.28 26.86 25.53 25.47 26.9 27.25 25.5 23.89 24.43 24.02 22.16 21.73 21.53 22.9 22.06 21.57 22.49 23.59 21.56 24.05 21.01 19.7 19.58 19.5 20.58 21.32 22.09678 23.13333 -9999 -9999 -9999 -9999 -9999 -9999 -9999 -9999 -9999 -9999
-9999 -9999 47 45.83333 44.96552 44.58823 43.8866 43.27 39.22 42.53 41.2 43.71622 44.33333 -9999 -9999 -9999 -9999 -9999 44.25 44.1 -9999 -9999 -9999 -9999 -9999 -9999 -9999 -9999 -9999 -9999 40.71429 39.7013 39.45 38.22 37.83 36.76 34.18 33.86 30.85 28.25 28.55 28.73 25.74 26.24 28.66 27.27 24.07 24.93 25.41 23.4 22.65 22.32 23.34 21.99 22.88 24.48 22.43 21.44 24.48 22.75 19.94 19.75 20.79 21.05 21.87 22.63 23.20482 23.83333 -9999 -9999 -9999 -9999 -9999 -9999 -9999 -9999 -9999
-9999 -9999 45.54237 45.55208 43.4 39.16 39.21 41.32 39.13 39.11 40.25 43.75 44.27083 -9999 -9999 -9999 -9999 -9999 -9999 -9999 -9999 -9999 -9999 -9999 -9999 -9999 -9999 -9999 -9999 -9999 -9999 40.71429 41.53947 41.02 40 38.62 35.85 35.72 33.13 30.14 29.62 29.29 27.16 27.6 29.62 30.29 27.07 26.75 27.45 26.82 23.64 22.66 23.18 25.72 24.71 22.24 21.87 21.98 23.41 22.39 21 20.64 21 20.87 21.71 22.6 23.02 24.15 24.9 -9999 -9999 -9999 -9999 -9999 -9999 -9999 -9999
-9999 47.42857 45.65263 42.69 37.57 33.29 36.38 39.2 42.66 40.65 40.18 42.22 44.57143 -9999 -9999 -9999 -9999 -9999 -9999 -9999 -9999 -9999 -9999 -9999 -9999 -9999 -9999 -9999 -9999 -9999 -9999 42.27778 43.1 41.52174 41.84 40.54 39.62 39.03 36.9 35.22 33.47 32.57 30.05 28.51 27.84 29.11 30.06 30.24 26.71 24.81 23.2 23.71 23.15 24.47 25.02 24.25 22.8 22.12 23.25 23.5 23.16 22.5 21.64 20.99 22.18 23.25 24.28 24.57 24.86517 25.35714 -9999 -9999 -9999 -9999 -9999 -9999 -9999
47.38462 45.97333 44.06 41.96 36.19 32.53 36.22 38.79 40.76 38.12 38.89 39.83 44.56364 -9999 -9999 -9999 -9999 -9999 -9999 -9999 -9999 44.66667 -9999 -9999 -9999 -9999 -9999 -9999 43.66667 43.44444 -9999 41.43478 41.48148 -9999 43.57143 43 42.84722 42.27 40.97 38.77 37.55 35.88 33.11 28.11 26.11 29.09 30.94 32.02 29.88 26.93 24.36 23.74 23.62 23.16 23.48 24.6 24.11 21.98 21.86 22.13 22.19 22.19 21.61 21.24 21.94 24 24.78 25.66 24.77 25.58 26 26.6 -9999 -9999 -9999 -9999 -9999
-9999 47.16129 45.44944 40.44 35.78 35.36 34.89 37.77 42.51 40.63 39.77 42.17 45.21053 -9999 -9999 -9999 -9999 -9999 -9999 -9999 -9999 44 -9999 -9999 -9999 -9999 -9999 -9999 -9999 -9999 -9999 46 -9999 -9999 -9999 -9999 -9999 44.11111 43.68085 41.81 39.16 37.04 34.01 29.98 30.04 32.02 32.71 32.9 32.27 31.08 27.2 24.92 24.09 23.58 23.37 23.94 24.11 23.82 23.79 23.41 23.11 22.7 22.61 23.69 22.8 25.39 26.19 25.54 25.23 25.01 25.65 26.39506 27.5 -9999 -9999 -9999 -9999
49.33333 46.87755 43.07 42.82 41.23 37.64 33.27 35.86 41.78 43.06 43.64 45.26 45.94737 -9999 -9999 -9999 -9999 -9999 -9999 -9999 -9999 -9999 -9999 -9999 -9999 -9999 -9999 -9999 -9999 -9999 -9999 -9999 -9999 -9999 -9999 -9999 -9999 -9999 46.16129 45.61 42.34 38.87 36.07 33.26 32.81 34.15 34.32 32.8 32.13 32.98 30.87 27.79 25.75 24.2 24.1 23.62 23.48 24.24 25.18 24.34 23.12 23.2 23.46 24.07 24.48 25.26 23.25 21.52 24.35 25.25 25.89 27 27.54255 27.88889 28.31579 -9999 -9999
-9999 47.625 47.50649 45.78 43.53 42.27 40.2 36.52 39.15 42.15 45.13 46.49 46.62264 -9999 -9999 -9999 -9999 -9999 -9999 -9999 -9999 -9999 -9999 -9999 -9999 -9999 -9999 -9999 -9999 -9999 -9999 -9999 -9999 -9999 -9999 -9999 -9999 -9999 -9999 47.49254 41.32 39.06 39.09 36.77 38.91 37.62 34.85 33.8 34.91 35.41 33.08 28.92 25.44 25.08 25.23 24.67 24.42 24.32 24.51 24.15 23.72 23.07 24.52 25.44 26.93 22.49 21.64 18.9 22.88 26.76 27.52 27.54 26.86 27.63 27.87654 30 -9999
-9999 -9999 48.32692 46.65 44.99 43.44 40.51 34.52 36.98 42.17 46.69697 46.92 46.33333 -9999 -9999 -9999 -9999 -9999 -9999 -9999 -9999 -9999 -9999 -9999 -9999 -9999 -9999 -9999 -9999 -9999 -9999 -9999 -9999 -9999 -9999 -9999 -9999 -9999 -9999 50.5 47.46667 45.45454 43.58163 41.38 40.06 39.56 38.57 38.37 38.11 35.65 34.06 31.03 27.98 28.06 27.23 25.46 25.25 25.28 26.09 26.41 26.84 26.42 24.09 24 26.77 26.55 22.28 19.52 24.49 24.66 25.64 25.41 26.39 27.06 28.13 29.3871 28.76471
-9999 49.15152 47.83333 48.71429 47.15 43.95 40.78 40.03 38.64 43.33 46.36585 -9999 -9999 -9999 -9999 -9999 -9999 -9999 -9999 -9999 -9999 -9999 -9999 -9999 -9999 -9999 -9999 -9999 -9999 -9999 -9999 -9999 -9999 -9999 -9999 -9999 -9999 -9999 -9999 -9999 -9999 -9999 47 45.47222 43.82 42.65 41.23 40.63 40.13 38.41 37.06 34.91 31.44 29.33 30.1 27.09 25.78 25.13 25.94 26.75 27.4 27.2 25.19 23.25 22.61 22.99 21.55 21.75 21.78 23.6 24.94 24.36 24.96 26.06 27.97 27.86 28.36
-9999 -9999 -9999 49.29546 46.39 44.82 44.54 40.26 36.59 42.7 46.36486 -9999 -9999 -9999 -9999 -9999 -9999 -9999 -9999 -9999 -9999 -9999 -9999 -9999 -9999 -9999 -9999 -9999 -9999 -9999 -9999 -9999 -9999 -9999 -9999 -9999 -9999 -9999 -9999 -9999 -9999 -9999 -9999 -9999 46.30986 45.24 44.25 43.37 41.87 40.08 38.49 36.45 33.57 30.66 32.96 28.98 28.15 26.82 25.2 29.18 27.21 25 23.39 22.86 22.1 21.62 21.9 22.05 23.65 22.68 22.54 22.92 24.72 27.42 25.35 26.46 28.42
