taller 1/variables/bioclim9.asc
ncols         720
nrows         300
xllcorner     -30.008325510658
yllcorner     30.991671412252
cellsize      0.083333337679505
NODATA_value  -9999
[rows 165 to 197 of 300, columns 600 to 674 of 720]
173.42 188.74 208.87 210.61 207 175.97 168.92 207.13 208.66 179.44 144.76 144.19 134.43 127.65 170.7 184.06 160.24 150.27 171.93 189.77 203.48 196.08 87.27 144.61 161.27 96.4 116.83 134.11 155.33 147.98 108.38 106.21 134.29 93.58 61.06 97.53 57.46 96.25 93.17 60.23 75.96 76.63 77.04 62.16 67.99 82.22 119.08 151.06 161.78 175.75 178.23 178.13 177.89 177.1 176.83 176.68 176.64 176.75 176.74 177.12 177.66 177.83 177.38 177.75 180.29 194.47 209.73 211.11 211.05 211.69 213.04 213.52 213.53 209.33 207.57
176.54 172.22 199.02 206.42 200.01 192.33 168.81 158.83 161.93 135.66 129.64 107.3 140.72 190 192.36 191.55 186.75 180.39 162.61 198.97 203.99 206.49 161.9 84.57 114.81 94.49 166.26 154.26 139.08 117.82 128.93 128.59 135.5 144.93 134.09 145.06 88.83 154.24 126.43 99.94 92.48 62.53 58.35 69.33 89.87 87.52 100.25 118.07 133.96 143.47 160.51 174.06 173.77 176.84 177.86 176.97 177.61 177.78 177.89 177.62 177.4 177.47 193.64 209.77 213.52 212.8 212.53 213.24 212.52 212.46 214.79 212.68 210.75 208.99 207.86
191.5 173.81 176.12 167.95 204.02 173.8 164.62 161.31 129.82 104.94 126.6 169.39 204.04 200.47 182.68 203 211.01 209.93 203.93 204.2 207.29 201.73 180.17 180.6 147.91 164.79 156.8 160.92 151.52 168.58 166.49 116.55 149.52 149.34 141.63 156.98 175.08 168.69 146.21 115.3 78.25 77.56 102.81 118.68 126.41 116.08 123.12 133.66 148.07 141.76 124.7 152.01 162.28 161.12 154.82 150.45 149.75 160.85 173.82 176.5 176.26 184.75 205.49 211.76 211.23 212.84 214.2 214.49 214.95 214.29 216 212.25 206.33 199.68 198.44
195.1 165.84 172.06 157.17 188.77 140.61 133.56 131.61 114.8 94.72 140.95 204.32 199.02 186.54 186.49 191.72 192.02 207.21 213.99 214.42 209.22 197.39 198.51 129.49 155.68 87.7 34.99 123.02 106.32 108.14 116.53 163.25 157.84 158.79 144.42 157.72 168.07 170.66 154.61 136.54 95.41 129.1 144.67 136.24 115.88 108.34 118.84 124.9 120.1 120.68 126.72 115.22 118.35 142.63 112.46 111.31 119.19 135.98 144.01 158.05 181.2 205.36 191.54 201.02 206.59 209.82 210.82 212.16 212.86 213.2 215.09 214.39 211.31 208.29 203.12
201.49 171.27 161.04 173.85 184.51 155.06 116.88 120.1 105.37 120.71 179.44 205.72 165.84 156.9 183.87 166.33 183.52 185.18 189 209.56 206.65 198.47 199.28 127.84 40.98 66.31 38.27 40.62 58.13 75.92 102.52 172.47 165.33 159.52 151.56 143.5 155.45 178.38 157.65 105.43 121.44 146.7 150.22 147.6 120.89 108.31 111.93 102.46 87.66 98.43 98.55 93.2 124.48 142.15 104.76 117.41 136.21 132.07 134.3 135.11 144.65 164.98 171.81 195.63 205.7 208.26 211.27 213.23 212.07 210.43 213.33 215.52 218.76 217.3 213.3
197.12 159.22 144.55 169.67 199 153.8 104.28 126.13 121.49 138.59 188.71 180.28 143.45 164.21 184.11 139.24 128.41 148.45 166.49 190.71 207.58 210.7 210.5 209.93 74.81 38.56 40.28 87.56 178.1 156.65 148.61 160.21 174.34 170.82 151.94 117.93 127.68 159.59 169.87 122.93 71.57 92.07 115.22 139.18 139.52 110.78 104.98 109.53 102.16 103.22 105.58 113.46 124.07 134.87 102.18 111.37 123.82 116.76 125.61 122.89 138.93 168.8 183.46 192.83 200.75 201.73 207.07 210.44 210.71 212.26 212.16 211.42 216.17 220.3 219.8
207.15 160.94 136.8 174.28 206.27 168.19 127.76 154.67 143.06 147.19 165.7 174.65 147.5 169.58 182.78 171.6 108.89 140.09 160.23 197.3 209.2 215.3 212.63 213.38 153.24 54.86 76.96 192.49 186.32 183.06 173.8 168.94 168.99 174.78 170.71 129.92 123.64 177.2 205.31 144.16 95.51 67.24 74.15 132.73 154.54 133.37 120.22 111.67 115.9 115.78 111.94 121.19 129.85 126.01 119.42 107.41 112.13 105.28 106.62 125.05 160.8 172.54 193.38 193.67 198.24 203.16 205 205.33 207.7 207.53 206.56 208.25 206.42 213.92 220.44
220.15 195.58 157.21 163.29 182.2 193.35 136.47 153.97 128.44 122.43 152.8 176.78 170.56 152.5 189.04 178.91 137.86 176.7 178.95 196.3 211.17 200.48 213.1 220.05 206.39 203.43 152.84 188.08 203.58 209.43 211.06 188.72 183.54 169.44 164.84 153.81 150.78 190.99 223.9 196.33 142.49 101.79 104.89 123.17 170.9 182.98 144.14 140.66 132.59 130.55 125.67 118.68 121.82 107.61 95.91 102.78 119.66 137.38 134.64 153.06 172.02 181.97 187.09 197.84 207.62 206.83 204.19 204.11 212.8 209.03 201.93 210.89 209.44 208.7 217.73
206.44 204.4 147.96 165.57 178.86 204.48 181.32 158.75 151.37 130.98 152.39 189.41 182.66 157.04 182.01 175.82 172.7 178.6 188.49 199.6 205.91 188.93 204.6 221.61 221.78 222.2 211.76 192.65 203.78 197.92 204.64 217.48 209.85 182.86 158.15 166.15 171.89 181.26 214.46 229.56 212.44 190.31 166.4 117.68 138.64 195.06 200.59 186.95 171.09 136.68 117.96 112.59 117.46 120.67 113.99 130.11 153.77 168.76 176.06 178.96 184.52 179.74 186.47 200.05 207.95 198.3 204.45 206.51 202.19 196.2 193.41 201.17 206.42 213.82 219.71
170.09 186.06 169.29 138.97 166.46 182.68 191.55 147.45 124.93 165.27 169.63 184.8 181.08 173.23 155.5 185.66 193.75 193 182.58 174.85 177.43 200.99 209.47 217.75 215.02 218.84 222.25 204.7 199.08 199.14 201.41 218.47 224.99 224.28 206.16 190.83 191.57 203.64 229.89 234.6 229.46 222.83 195.94 143.23 168.73 187.8 194.83 186.17 197.61 180.35 169.31 136.88 151.32 185.29 163.25 145.65 146.41 167.83 172.29 172.34 182.21 192.08 188.34 202.28 208.57 197.28 202.08 210.17 206.76 202.1 206.6 208.15 206.42 215.5 220.01
160.41 153.14 156.38 152.87 160.92 162.11 150.24 170.16 145.84 165.44 168.24 158.04 171.63 159.56 166.15 179.75 195.18 194.3 187.19 175.77 174.84 192.8 179.38 204.94 199.8 196.19 211.94 207.56 215.61 222.18 208.12 208.73 200.7 193.88 190.57 195.24 198.3 205.01 196.87 213.11 231.49 207.34 186 128.88 177.62 189.55 198.28 176.99 190.77 202.81 199.24 191.06 190.54 202.52 187.98 175.76 149.26 143.76 177.33 180.96 191.84 197.99 201.24 205.19 209.33 201.42 200.16 201.48 204.07 195.25 192.14 207.32 213.34 217.94 214.86
192.17 168.74 183.36 195.74 167.55 145.7 132.41 182.12 174.31 178.18 178.15 156.31 160.58 184.94 187.13 181.05 195.65 194.06 188.45 170.71 179.58 181.5 192.74 198.12 185.72 190.27 185.78 179.97 201.82 228.07 229.03 224.4 215.02 215.53 217.15 219.62 209.94 201.98 203.24 224.57 226.6 215.32 190.89 168.71 172.47 196 185.82 180.06 163.63 143.62 188.73 194.81 188.76 210.69 211.58 190.85 174.12 177.76 187.16 200.75 200.94 209.25 198.13 191.06 195.6 192.21 195.77 197.06 193.75 196.43 185.21 197.03 211.52 214.7 217.63
196.77 191.58 195.09 211.43 193.89 136.7 135.18 182.36 196.51 187.4 178.64 160.13 146.98 170.22 189.58 171.94 191.5 195.61 191.04 177.85 197.56 186.09 168.82 180.45 176.43 159.44 144.73 165.54 205.03 225.44 232.08 228.22 224.75 231.95 216.43 217.11 226.38 239.35 241.83 241.65 239.99 216.6 189.34 187.25 152.42 174.77 221.58 217.37 209.66 205.44 212.09 196.86 209.79 196.86 186.8 211.32 218.56 195.34 207.88 194.86 198.51 203.29 211.45 185.57 202.72 210.9 212.83 208.78 201.13 200.93 194.21 198.3 207.57 207.39 214.16
224.65 222.18 207.51 170.15 175.15 187.91 172.14 179.61 197.69 196.07 157.7 166.58 177.28 170.16 180.91 185.19 194.37 196.78 188.84 182.79 193.34 177.24 156.38 162.18 163.79 145.08 171.26 187.95 199.37 226.13 235.48 233.05 229.7 234.25 224.96 220.57 216.63 203.16 228.11 242.57 242.77 239.44 231.54 219.83 200.64 190.07 191.06 228.05 232.66 231.77 228.87 223.2 202.03 188.32 187.2 194.16 207.99 204.32 221.05 226.83 225.69 223.73 225.85 226.6 228.78 226.65 226.56 225.58 223.47 211.08 195.3 191.34 201.29 211.16 218.51
229.4 214.39 179.89 163.17 153.4 187.34 200.33 184.39 197.78 193.7 147.99 176.99 184.69 151.9 149.15 177.12 195.58 197.12 189.73 173.58 181.64 162.1 150.07 167.26 210.17 220.63 206.94 169.18 183.57 220.12 232.83 238.7 238.06 237.98 230.92 229.9 218.61 207.17 219.63 231.86 243.11 243.46 242.72 240.86 236.97 230.1 223.27 229.64 233.18 234.16 232.61 224.31 210.85 200.65 206.96 213 225.4 230.85 230.67 230.59 231.5532 231.939 231.15 230.21 230.71 230.23 229.91 229.59 224.94 214.19 201.85 207.05 212.32 217.41 219.84
222.86 222.24 211.77 188.38 153.04 174.34 187.5 176.29 198.32 177.98 152.25 185.03 187.78 159.59 127.73 147.4 192 198.04 196.62 188.86 161.24 120.08 168.64 210.78 228.67 228.87 206.27 169.67 186.17 225.92 237.75 241.98 238.35 237.17 235.4 232.58 219.06 207.82 213.47 220.74 232.81 242.16 243.21 243.19 242.07 240.7 236.96 227.12 207.05 192.84 221.23 231.64 224.2717 223.6923 229.4318 232.8557 232.63 232.39 232.5851 231.6232 232.1765 232.1111 231.8077 231.7097 231.4493 226.7245 221.67 226.68 219.55 213.25 220.25 219.17 221.33 221.91 226.21
212.97 208.87 217.3 187.26 167.64 148.19 161.47 169.2 188.88 172.29 142.25 184.02 188.12 182.38 138.58 151.58 191.72 197.83 195.95 185.77 161.5 157.05 168.89 189.71 213.21 227.87 230.27 214.9 224.12 230.59 237.87 243.18 243.43 242.07 241.79 235.97 227.45 218.03 207.79 200.93 206.62 222.49 228.3 234.13 237.57 239.78 237.13 211.73 193.33 208.11 218.64 228.2653 232.5 -9999 -9999 234 233.58 233.1818 233.1176 -9999 -9999 -9999 -9999 -9999 -9999 230.8333 218.35 224.4545 222.3559 222.4333 230.806 232.4507 231.36 230.35 231.71
214.09 200.89 216.19 200.79 172.81 129.7 162.15 171.58 183.18 188.14 156.89 179.58 177.93 185.92 151.29 149.55 175.41 196.91 195.92 188.64 179.61 199.63 201.31 196.83 219.22 233.76 239.9899 241.3131 241.65 240.93 240.66 244.81 241.1 240.21 237.06 236.45 241.45 234.12 223.92 218.23 216 221.41 219.18 202.77 214.8172 230.85 236.0263 231.9639 230.62 224.3535 226.3167 234.5625 -9999 -9999 235.75 226.9273 225.1273 234.1111 -9999 -9999 -9999 -9999 -9999 -9999 -9999 -9999 -9999 -9999 -9999 -9999 -9999 -9999 235.1607 234.52 232.09
220.8 173.01 189.04 179.84 183.4 178.27 176.72 168.35 184.84 192 181.45 176.54 172.62 168.37 169.44 162.19 157.82 177.36 183.52 192.87 202.32 203.53 189.78 172.36 213.18 235.84 241.17 242.8182 244.1 244.98 245.67 246.68 247.22 247.73 245.59 239.5 237.59 245.55 240.98 238.19 239.07 233.08 230.37 229.38 233.1053 -9999 -9999 -9999 227.1111 229 -9999 -9999 -9999 -9999 223.375 208.89 203.91 228.1 -9999 -9999 -9999 -9999 -9999 -9999 -9999 -9999 -9999 -9999 -9999 -9999 -9999 -9999 235.3158 233.19 226.04
217.68 197.4 154.68 183.28 152.14 159.83 167.8 159.7 183.31 184.39 163.69 187.49 176.13 159.04 181.64 178.98 157.27 161.93 193.11 201.4 202.56 195.58 164.79 138.06 188.64 231.21 241.1538 243.8676 244.8791 245.68 246.61 247.73 248.65 249.7245 250.25 245.0192 228.58 219.13 237.09 235.42 227.62 241.8 238.84 231.41 222.6526 237 -9999 -9999 -9999 -9999 -9999 -9999 -9999 -9999 231.5556 226.9672 219.209 224.95 -9999 -9999 -9999 -9999 -9999 -9999 -9999 -9999 -9999 -9999 -9999 -9999 -9999 -9999 234.5 233.459 232.6406
205.41 212.22 196.48 176.63 169.86 143.75 146.65 166.86 180.8 164.02 165.15 183.3 188.04 193.9 193.28 201.94 196.62 173.44 192.11 200.04 204.05 192.85 158.28 154.5 158.65 204.44 234.37 243.59 244.56 243.05 246.25 248.4483 249.1951 250 249.2 251 247.24 231.72 214.38 221.52 232.4 234.53 227.21 214.63 209.05 223.5495 230.6522 -9999 -9999 -9999 -9999 -9999 -9999 -9999 -9999 -9999 -9999 -9999 -9999 -9999 -9999 -9999 -9999 -9999 -9999 237 234.6129 235.7917 237 -9999 -9999 -9999 -9999 -9999 -9999
203.69 205.36 192.83 201.69 191.72 182.05 164.81 177.62 172.12 142.68 161.06 171.27 178.88 194.95 200.29 204.38 186.89 181.5 169.36 189.32 193.2 201.12 191.58 168.36 159.75 180.41 220.21 210.58 229.14 232.78 240.93 246.6 -9999 -9999 247.9231 246.1 242.32 239.94 234.07 220.12 216.43 211.35 203.14 214.91 215.49 229.3295 240.5714 -9999 241.5882 -9999 -9999 -9999 -9999 -9999 -9999 -9999 -9999 -9999 -9999 -9999 -9999 -9999 -9999 -9999 -9999 236.2308 210.6282 193.2604 225.8824 -9999 -9999 -9999 -9999 -9999 -9999
195.66 185.45 206.73 190.73 182.33 173.34 175.99 185.58 173.02 123.89 140.3 165.43 172.28 181.76 190.74 201.39 205.66 198.26 170.25 172.81 187.52 199.64 200.97 196.32 183.74 206.16 208.87 195.68 224.71 234.95 242.2 247.7636 -9999 -9999 252 249.8571 247.7821 243 235.22 233.69 234.73 218.69 222.94 235.06 235.4146 236.6667 239.9063 239.8571 235.6437 235.3962 237.5455 -9999 -9999 -9999 -9999 -9999 -9999 -9999 -9999 -9999 -9999 -9999 -9999 -9999 -9999 -9999 -9999 228.5 -9999 -9999 -9999 -9999 -9999 -9999 236
214.5 196.16 202.14 214.38 195.76 192.41 186.43 181.56 159.01 159.89 162.49 164.79 167.76 171.5 194.68 198.87 205.48 210.56 187.06 178.91 198.55 203.35 210.62 214.39 217.79 195.49 156.72 211.44 236.61 243.38 247.41 249.0476 -9999 -9999 -9999 -9999 250 249.0714 247.9848 247.1648 246.7359 241.983 243.4253 235.43 238.4324 -9999 -9999 -9999 228.4118 230.2895 225.038 235.8723 -9999 -9999 -9999 -9999 -9999 -9999 -9999 -9999 -9999 -9999 -9999 -9999 -9999 -9999 -9999 -9999 -9999 -9999 -9999 -9999 -9999 -9999 234.5
185.39 208.49 177.05 173.74 187.3 205.74 180.76 180.49 159.86 180.93 176.62 175.14 178.26 175.52 193.19 198.87 203.74 208.96 210.3 184.14 177.14 209.29 225.25 227.22 207.22 159.19 166.6 204.73 229.91 243.71 249.1605 -9999 -9999 -9999 -9999 -9999 -9999 -9999 -9999 249 249 -9999 -9999 245.1 241.6739 235.1351 234.2222 -9999 -9999 -9999 219.2222 211.9146 223.9667 -9999 -9999 -9999 -9999 -9999 -9999 -9999 -9999 -9999 -9999 -9999 -9999 -9999 -9999 -9999 225.5333 221.9672 232.2262 230.3108 236 -9999 -9999
201.41 218.73 198.87 176.63 178.01 159.62 202.34 202.84 199.04 196.97 164.38 138.71 155.89 168.51 186 194.17 205.44 213.26 212.31 204.32 196.16 212.46 218.92 195.78 188.96 190.17 187.88 164.23 152.43 200.81 240.7049 -9999 -9999 -9999 -9999 -9999 -9999 -9999 -9999 251 248.1351 246.6364 -9999 -9999 -9999 234.9464 219.9899 232 245 -9999 -9999 189.9167 209.1111 -9999 -9999 -9999 -9999 -9999 -9999 -9999 -9999 -9999 -9999 -9999 -9999 -9999 -9999 -9999 230.1707 227.3731 227.1111 234.2258 235.2 -9999 230.5882
188.33 182.82 222.61 192.39 183.05 179.54 187.23 205.9 203.77 173.05 181.11 164.18 164.27 158.15 180.03 197.92 209.8 212.33 215.89 207.69 201.76 210.44 206.91 190.76 198.34 219.6 214.21 173.85 129.38 168.64 230.8667 244.6364 -9999 -9999 -9999 -9999 -9999 -9999 -9999 -9999 246.3864 243.8571 241.4 248.8 -9999 238.8 234.2632 235.7778 243.08 -9999 -9999 -9999 -9999 -9999 -9999 -9999 -9999 -9999 -9999 -9999 -9999 238.875 236.0909 236 234.1176 234 -9999 -9999 -9999 -9999 -9999 -9999 -9999 -9999 232.5152
232.32 213.19 204.5 216.71 204.02 194.06 199.01 204.9 184.01 136.83 147.03 172.49 167.01 156.01 169.29 192.82 207.28 206.57 203.83 219.37 220.86 191.82 200.27 199.88 218.62 225 220.99 205.19 191.12 190.35 193.07 242.1616 251.1176 -9999 -9999 -9999 -9999 -9999 -9999 -9999 249 242.7143 240.9811 242.4096 244.7857 250 247.5 240.3125 249 -9999 -9999 -9999 -9999 -9999 -9999 -9999 -9999 -9999 -9999 -9999 233.28 230.72 233.59 233.8889 233.9231 234 -9999 -9999 -9999 -9999 -9999 -9999 230 230.3333 231.2021
237.8941 232.78 202.01 193.89 213.12 211.08 206.25 212.33 186.57 185.84 180.45 174.88 163.13 154.19 153.4 178.25 191.53 200.65 215.62 216.28 211.86 199.46 195.33 203.86 230.56 232.54 232.33 214.87 219.64 234.95 230.75 221.07 228.9787 237.6429 -9999 -9999 -9999 -9999 -9999 -9999 -9999 -9999 -9999 -9999 -9999 -9999 -9999 -9999 -9999 -9999 -9999 -9999 -9999 -9999 -9999 -9999 -9999 -9999 -9999 -9999 241.6842 236.2133 236.7018 232.8513 234.4737 -9999 -9999 -9999 -9999 -9999 -9999 227.2857 226.25 228.6154 228.53
239.7204 232.08 221.66 194.63 190.64 206.4 205.78 214.88 206.81 189.58 193.82 201.49 181.9 180.29 163.97 182.77 202.08 207.88 229.45 217.96 212.68 203.3 191.37 189.39 233.58 236.47 223.92 241.29 249.51 244.02 242.71 209.23 175.37 214.82 246.054 -9999 -9999 -9999 -9999 -9999 -9999 -9999 -9999 -9999 -9999 -9999 -9999 -9999 -9999 -9999 -9999 -9999 -9999 -9999 -9999 -9999 -9999 -9999 -9999 -9999 -9999 238.3333 233 234.1333 234.5714 -9999 -9999 -9999 -9999 -9999 -9999 -9999 225.1923 227.5 227.12
239.6812 230.375 211 217.28 217.21 218.27 226.67 224.68 208.93 209.34 196.64 199.19 196.68 152.03 159.92 157.41 176.15 200.96 224.66 233.55 237.08 225.35 219.19 216.94 233.55 235.62 241.91 247.47 251.81 251.8 250.18 239.5 235.79 240.93 248.0429 -9999 -9999 -9999 -9999 -9999 -9999 -9999 -9999 -9999 -9999 -9999 -9999 -9999 -9999 -9999 -9999 -9999 -9999 -9999 -9999 -9999 -9999 -9999 -9999 -9999 -9999 -9999 -9999 -9999 -9999 -9999 -9999 -9999 -9999 -9999 -9999 -9999 -9999 228 225.17
-9999 236.2857 232.4823 227.91 218.22 216.63 219.82 217.72 207.58 200.53 215.03 210.73 194 156.92 159.79 174.88 152.42 176.24 196.84 239.68 247.94 247.61 238.74 238.92 244.87 239.05 244.32 249.48 250.2 252.08 253.32 254.73 246.94 217.99 227.0102 253.1667 -9999 -9999 -9999 -9999 -9999 -9999 -9999 -9999 -9999 -9999 -9999 -9999 -9999 -9999 -9999 -9999 -9999 -9999 -9999 -9999 -9999 -9999 -9999 -9999 -9999 -9999 -9999 -9999 -9999 -9999 -9999 -9999 -9999 -9999 -9999 -9999 -9999 232.7586 224.96
-9999 244 242.4769 233.6526 235.34 224.6 199.39 212.89 213.31 189.42 207.96 202.71 203.39 195.33 150.31 179.64 170.71 164.88 179.78 242.9 250.58 252.07 252.11 251.7 251 245.9 241.08 248.97 248.67 248.8 249.95 253.11 256.11 247.86 229.92 226.1087 231.5094 250.5 -9999 -9999 -9999 -9999 -9999 -9999 -9999 -9999 -9999 -9999 -9999 -9999 248 -9999 -9999 -9999 -9999 -9999 -9999 -9999 -9999 237.6 235.2727 -9999 -9999 -9999 -9999 -9999 -9999 -9999 -9999 -9999 -9999 -9999 236 230.0341 228.44
