taller 1/variables/bioclim5.asc
ncols         720
nrows         300
xllcorner     -30.008325510658
yllcorner     30.991671412252
cellsize      0.083333337679505
NODATA_value  -9999
[rows 264 to 296 of 300, columns 370 to 443 of 720]
332.52 330.94 329.7 328.53 326.79 326.39 327.42 326.52 324.88 323.16 321.99 322.38 322.03 321.57 323.51 327.4 329.95 331.51 337.4 340.17 342.41 344.43 345.37 349.89 354.85 360.71 365.38 370.48 373.17 373.85 374.09 375.59 376.52 377.21 377.29 377.42 377.99 378.36 379.03 380.41 382.2 384.45 385.54 387.73 390.29 392.42 394.94 397.4 399.95 401.74 403.41 405.53 407.21 408.34 409.21 409.96 410.82 412.31 413.23 414.29 414.54 414.88 414.53 414.2 413.12 412.67 412.03 411.3 410.51 409.72 408.92 408.1 407.3 406.68
333.52 331.64 330.42 328.58 327.51 328.21 327.86 327.14 325.94 324.26 324.54 325.32 327.73 326.89 327.24 330.76 329.85 335.17 341.41 344.02 346.34 349.22 352.22 355.58 361.13 368.44 373.8 377.11 378.22 379.28 379.78 380.29 380.38 380.32 380.04 380.07 380.6 381.07 382.23 383.19 384.35 386.08 388.22 389.77 391.99 394.7 397.11 399.22 401.02 402.57 404.21 405.96 407.01 407.58 409.03 410.39 411.33 411.99 412.68 413.99 414.55 414.53 414.5 414.06 412.95 412.34 412.21 411.66 411.18 410.49 409.73 409.28 408.49 407.79
334.42 332.74 331.08 329.45 327.45 329.77 328.79 327.27 327.3 328.56 330.78 331.97 333.39 332.6 329.41 332.99 338.63 342.86 345.32 346.89 349.05 352.79 356.34 360.22 365.7 379.45 381.91 382.21 382.48 382.94 383.19 383.27 383.44 383.39 383.08 382.81 382.99 383.43 384.32 385.43 386.94 388.73 391.38 392.8 394.19 396.54 398.87 401.2 403.07 404.26 405.17 406.67 407.85 408.49 409.36 410.21 411.23 411.39 412.29 413.61 414.06 414.1 414 413.09 412.69 411.98 411.86 411.57 411.44 411.07 410.76 410.11 409.75 408.96
336.31 334.83 334.01 330.48 330.05 331.41 330.49 329.35 330.24 332.11 335.89 337.9 337.3 335.72 336.04 342.08 345.09 346.83 348.18 349.62 352.96 357.06 361.72 365.89 372.68 381.29 384.08 384.16 383.94 384.68 384.89 385.74 385.72 385.17 385.23 385 385.16 385.48 387.64 388.71 390.24 391.88 393.5 395.83 397.53 399.38 400.95 402.37 403.97 405.01 406.34 407.35 408.73 409.76 410.67 411.32 411.45 411.91 412.9 413.62 413.95 414.04 414.04 412.99 412.48 411.96 411.93 411.76 411.98 411.48 411.69 410.92 410.43 409.65
338.81 338.44 335.85 334.65 335.58 335.2 333.54 329.22 331.75 336.51 338.47 337.41 341.72 344.19 346.11 347.76 348.99 351.13 352.94 355.48 358.65 362.35 365.65 369.84 375.11 380.34 383.16 384.63 385.51 386.27 387.11 387.39 387.18 387.16 387.38 387.64 388.95 390.03 391.12 391.78 393.11 394.28 395.45 396.75 397.93 400.16 401.32 403.16 404.89 406.08 407.07 408.16 409.33 410.15 410.74 412.27 413.04 412.81 413.06 413.56 413.82 414.09 414.53 413.11 412.3 411.74 412.01 411.63 412.09 412.18 411.99 412 411.64 410.97
340.75 340.5 338.66 337.59 338.88 339.87 338.37 338.58 339.24 338.45 338.2 340.83 347.36 349.6 351.35 352.8 353.06 355.24 358.02 360.57 363.06 365.68 368.37 371.91 376.12 380.05 383.19 385.28 386.77 387.49 387.76 388.65 388.82 389.14 390.01 390.52 391.18 392.21 393.33 394.54 395.66 396.56 397.65 399.38 400.47 401.7 403.67 405.05 406.83 408.03 409.23 410 410.74 411.48 411.64 412.67 413.34 413.78 414.24 414.95 414.17 414.78 414.53 413.41 412.36 412.08 412 412.06 412.62 412.8 412.66 412.58 412.09 411.81
344.54 344.16 343.41 342.48 343.09 343.56 341.04 343.13 343.09 341.11 346.34 349.95 352.38 354.18 355.22 357.25 357.48 358.96 360.9 363.58 365.64 368.02 371.22 374.62 378.45 382.22 384.87 387.2 388.87 390.08 390.72 391.42 392.24 392.53 392.68 393.86 394.7 395.1 395.83 397.14 398.33 399.19 400.31 401.3 402.89 404.04 405.35 406.81 408 409.51 410.82 412.4 413.24 413.35 412.55 413.45 414.13 414.37 414.83 415.58 415.05 414.72 414.13 413.51 412.92 412.85 412.68 413 412.79 413.34 413.09 413.48 413.6 412.87
348.07 349.06 347.58 347.8 348.56 346.82 346.55 349.75 350.38 351.08 352.61 354.72 355.78 357.5 359.56 360.72 361.74 363.28 364.69 366.91 369.46 372.36 374.95 378.27 381.49 384.58 387.4 389.35 391.02 392.43 393.18 394.03 394.5 395.26 396.16 397.33 398.4 398.84 399.08 399.77 401.27 402.55 402.96 403.78 404.6 406.12 407.26 408.15 409.54 410.69 412.34 414.06 415.33 415.98 415.42 415.37 414.58 413.86 414.9 416.02 415.82 415.03 414.92 414.52 413.95 413.39 413.66 413.65 413.93 414 413.93 414.22 414.4 413.56
351.61 352.51 353.7 352.73 350.61 352.94 353.43 355.06 355.59 356.6 357.23 358.98 360.59 362.8 363.86 364.82 365.57 366.51 368.56 370.78 373.5 376.29 378.98 381.69 384.64 387.16 389.69 391.83 393.58 394.76 395.16 396.15 397.1 398 399.17 399.65 399.9 401.17 402.42 402.94 403.52 405.29 406.38 406.68 407.22 408.24 409.29 410.15 411.21 412.16 412.93 414.8 416.66 417.96 417.86 417.23 415.49 415.03 415.47 416.87 416.74 415.52 415.32 415.63 414.83 414.66 414.91 414.4 414.28 414.65 414.7 414.93 414.97 414.57
358.09 357.28 357.9 357.72 357.2 359.28 359.79 359.71 359.75 359.62 361.58 362.24 363.23 366.56 368.38 369.3 370.52 371.49 372.46 374.72 376.92 379.66 382.45 385.04 387.69 390.14 392.34 394.32 395.64 396.95 398.06 399.29 400.24 400.98 401.73 403.09 403.56 404.1 405.68 406.43 406.81 407.1 408.91 408.91 409.69 410.65 411.95 412.35 412.54 413.44 414.19 416.24 417.7 418.55 417.43 417.13 415.84 415.93 416 416.76 416.94 416.32 416.12 416.17 415.92 415.1 415.15 415.13 415.41 415.81 415.63 415.19 415.26 414.88
362.35 360.78 359.72 361.83 363.42 364.78 364.41 362.87 363.46 364.75 366.47 367.9 368.44 369.76 372.3 373.22 373.68 375.31 377.34 379.54 380.93 383.01 385.7 388.21 390.65 392.95 394.99 396.73 398.1 398.9 399.4 399.8 401 403.01 404.66 406.03 407.08 406.5 408.15 409.18 409.95 410.12 410.9 410.79 412 412.62 413.88 413.76 414.37 414.82 415.9 416.86 417.84 418.88 419.37 418.44 418.11 417.42 417.93 417.33 417.42 417.72 416.76 416.92 416.92 416.52 416.65 416.16 415.98 416.04 415.98 415.97 415.97 415.57
365.78 366.27 365.62 367.2 368.79 369.22 369.58 368.42 368.87 369.49 370.61 371.03 373.21 373.94 374.98 376.76 377.58 378.84 379.65 381.6 384.49 386.61 388.55 391.32 393.46 395.49 397.39 398.57 399.26 400.63 400.72 401.83 403.79 405.53 407.57 409.4 410.57 409.8 409.76 411.51 412.59 413.23 412.87 413.11 413.73 414.95 415.08 415.7 416.9 418.25 417.57 417.67 418.4 418.68 418.85 418.91 419.6 419.28 419.05 418.89 418.5 418.19 417.98 417.39 417.01 417 416.99 416.99 416.7 416.72 416.74 416.16 416 415.99
369.42 369.85 370.71 371.46 372.49 373.34 374 374.25 373.93 373.89 373.97 374.48 375.55 377.73 378.08 379.66 381.32 382.85 383.28 385.15 386.88 389.58 391.83 393.77 396.13 398.04 399.62 400.49 401.24 401.87 402.17 403.74 406.17 408.1 409.28 410.4 412.2 413.24 412.32 413.63 415.2 416.07 416 415.26 415.53 416.46 416.65 417.45 419.09 421.04 420.1 419.97 419.91 419.37 419.6 419.5 420.9 420.29 420.25 419.2 419.49 419.07 418.54 418.35 418.61 418.19 417.48 417.47 417.49 417.57 417.54 417.35 416.54 416.27
373.44 373.38 373.62 374.55 375.37 376.23 376.59 377.06 377.09 376.97 376.97 377.76 378.76 379.77 381.21 382.71 384.84 386.21 387.12 388.77 390.31 392.16 394.79 396.27 398.27 399.95 401.3 401.96 402.66 403.61 404.29 406.01 408.29 410.45 412.97 413.31 414.69 415.93 415.04 416.11 417.44 418.49 419.25 417.77 417.44 418.18 418.61 418.65 419 421.58 422.12 420.99 420.96 420.95 420.61 421.2 422.13 421.77 421.02 420.74 420.25 419.99 419.78 419.47 419.21 419.06 418.75 418.58 418.81 418.22 417.95 417.86 417.66 417.37
376.11 376.86 376.05 376.55 377.12 378.1 379.44 380.11 379.71 379.89 380.66 381.24 381.91 383.46 385.11 386.07 387.96 389.38 390.87 392.26 393.77 395.28 397.38 398.92 400.51 401.79 402.93 403.87 404.73 405.49 407 408.57 410.82 412.89 414.11 416.16 417.62 418.69 417.64 418.6 420.07 420.63 421.09 421.17 421.08 420.32 420.23 420.11 420.12 421.11 422.01 421.82 421.83 421.66 422.35 422.9 422.99 422.36 421.91 421.09 420.79 420.58 420.3 420.05 419.94 419.85 419.55 419.3 419.08 419 418.59 418.23 418.39 417.89
378.69 379.53 378.94 378.88 379.37 379.57 380.56 382.24 382.64 382.88 383.74 384.63 385.58 387.04 388.53 389.86 391.56 392.76 394.19 395.49 397.03 398.47 399.95 401.74 402.79 403.74 404.41 405.43 407.3 408.55 409 410.92 413.42 414.35 415.75 417.45 419.14 420.42 421.01 420.92 422.32 422.35 422.14 422.37 422.1 422.44 422.38 422.11 421.92 421.97 422.13 421.77 421.98 422.76 423.3 423.54 423.22 423.06 422.37 421.94 421.53 421.2 421.2 420.76 420.42 420.44 420.01 420.02 419.89 419.67 419.49 419.08 418.88 418.83
381.49 382.54 381.88 381.88 382.25 383.13 382.99 383.18 385.24 385.26 386.63 387.89 389.28 390.55 391.84 393.27 395.08 395.93 397.47 398.52 400.17 401.46 402.69 404.27 405.77 406.4 406.14 407.58 411.04 412.34 412.8 413.21 415.28 417.13 418.6 419.75 421.45 422.3 422.93 423.25 423.38 423.78 423.58 423.16 422.54 422.47 422.66 422.68 422.63 422.36 422.37 422.91 422.94 423.3 423.67 423.79 423.95 423.35 423.03 422.8 422.67 422.26 421.94 421.95 421.52 421.78 421.5 420.58 420.51 420.32 420.02 419.79 419.3 419.1
384.28 384.32 384.74 384.66 385.03 385.73 386.55 386.33 387.25 388.4 389.26 390.98 392.79 394.06 395 396.45 398.12 399.17 400.35 401.38 402.81 404.01 405.33 406.65 408.27 409.92 409.15 409.24 411.55 413.1 414.33 416.04 417.47 420.37 420.78 422.55 424.11 424.16 424.74 425.02 424.66 424.58 424.77 424.82 424.45 424.02 424.12 424.13 423.97 423.58 423.69 423.42 423.01 423.02 424.41 423.81 424.06 423.84 423.89 423.69 423.23 423.13 422.77 422.65 422.51 422.05 422 421.94 421.68 421.45 420.81 420.6 420.2 420
387.36 387.34 387.47 387.72 388.06 388.58 389.29 390.03 390.3 391.34 392.31 393.41 395.07 396.88 397.97 399.32 400.46 401.84 403.03 404.33 405.16 406.57 407.79 409.22 410.86 412.57 411.41 411.47 414.32 415.3 416.16 417.34 418.41 420.76 423.3 425.64 427.11 426.79 426.5 426.64 426.52 426.12 426.19 425.85 425.25 424.99 424.99 425.14 424.93 424.54 424.17 423.85 423.78 424.16 425.84 425.63 424.88 424.18 424.06 424.01 423.94 423.92 423.2 423.07 422.83 422.72 422.58 422.12 422.02 421.83 421.77 421.31 420.97 420.97
390.16 390.32 390.42 390.82 391.22 391.66 392.32 392.99 393.66 394.03 394.65 395.39 396.82 398.69 400.62 401.58 402.9 404.46 405.71 407 407.94 408.99 410.05 411.9 413.49 415.29 413.65 413.16 415.81 417.84 419.24 419.51 420.76 421.85 424.65 427.59 428.33 428.05 427.89 427.73 427.8 427.64 427.57 427.3 426.62 426.3 426.04 426 425.96 425.67 425.33 424.92 424.76 425.7 426.89 426.2 425.16 425.03 424.39 424.44 424.4 424.17 423.96 424.08 423.67 423.4 423.41 423.06 422.79 422.36 422.09 421.73 421.67 421.25
392.66 392.99 393.28 393.7 394.03 394.48 395.11 395.74 396.43 396.58 396.91 398.09 399.25 400.74 402.85 403.62 404.85 406.57 408.47 409.71 410.93 411.68 412.76 414.61 415.96 417.59 414.85 414.95 417.19 419.66 422.19 421.01 422.24 423.63 425.85 427.83 428.78 428.7 428.33 428.46 428.17 428.12 427.98 427.96 427.56 427.06 427.01 426.98 426.72 426.28 425.8 425.97 426.63 427.47 427.3 426.72 426.1 425.49 425.38 425.45 425.13 424.78 424.69 424.81 424.7 424.54 424 424.07 423.61 423.28 423.07 422.72 422.32 422.34
394.85 395.12 395.54 395.94 396.33 396.79 397.3 397.86 398.7 399.45 399.53 400.61 401.59 402.73 404.02 405.43 406.85 408.27 410.4 411.72 413.07 414.58 415.65 417.18 418.22 419.32 416.55 415.85 417.52 420.34 422.89 423.49 424.63 423.92 426.24 428.05 429.12 429.33 429.33 429.53 429.72 429.37 429.15 428.71 428.24 428.09 428.09 427.77 427.39 427.22 426.86 426.14 426.43 427.94 427.97 427.02 426.77 426.44 426.7 425.81 425.26 425.79 425.4 425.15 425.03 424.84 424.67 424.65 424.44 424.05 423.58 423.62 423.51 422.79
397.21 397.33 397.63 398.07 398.55 399.01 399.49 400.04 400.73 401.78 402.51 402.89 403.52 404.45 405.71 407.35 408.85 409.99 411.3 412.96 414.25 415.74 417.13 419.2 419.57 419.75 417.36 417.26 418.92 421.17 422.24 421.34 423.53 425.85 427.96 428.76 429.35 428.86 429.25 430.24 430.22 429.98 429.53 429.23 429.13 428.95 428.55 428.09 428.01 427.69 427.44 428.37 426.25 428.4 428.13 427.16 426.91 426.61 426.15 425.63 426.23 425.48 425.72 425.2 425.57 425.39 425.16 425.04 424.75 424.52 424.36 424 423.85 423.45
399.55 399.87 400.07 400.37 400.79 401.48 401.99 402.37 403.11 403.88 404.56 405.02 405.63 406.49 407.67 409.08 410.28 411.53 412.85 414.2 415.48 416.83 418.15 419.3 419.71 419.83 420.31 420.73 421.28 422.23 424.75 424.35 424.41 426.42 428.05 429.49 430.1 430.26 430.14 430.66 431 430.85 430.33 430.08 429.9 429.61 429.24 428.99 428.77 428.27 428.29 428.43 426.79 427.82 428.57 427.27 427 426.98 426.35 426.06 426.54 426.28 426.45 425.83 426.08 426.25 426.05 425.93 425.81 425.38 425.14 424.98 424.41 424.37
401.54 402.15 402.67 403.07 403.51 404.02 404.7 404.84 405.3 406.06 406.75 407.35 407.93 408.33 409.65 410.55 411.48 412.95 414.35 415.2 416.46 417.74 418.99 419.93 420.71 421.66 422.07 423.88 424.87 424.22 423.46 425.33 427.13 427.8 429.1 430.13 429.74 429.81 430.4 431.14 431.14 430.71 430.73 430.78 430.62 430.35 430.02 429.71 429.12 428.76 428.04 428.52 427.55 428.49 428.73 427.35 427.66 427.26 427.22 427.05 427.02 427.21 427.06 427.24 427.35 427.04 427.31 426.91 426.65 426.36 426.06 425.87 425.19 424.97
403.59 404.27 405.16 405.57 405.89 406.19 407.02 407.43 407.89 408.46 408.84 409.59 410.08 410.14 411.17 411.98 412.78 414.36 415.74 416.3 417.57 418.65 419.62 421.01 421.76 421.53 421.48 422.35 424.5 426.14 425.39 425.78 426.31 427.65 428.95 429.67 430.56 430.69 430.65 431.07 431.12 431.02 431.03 431.04 431.01 431.04 430.44 429.98 429.68 429.23 429.05 428.14 428.68 429.07 428.41 427.99 428.09 428.3 427.68 427.84 427.81 427.98 428 427.99 427.98 427.49 427.93 427.46 427.23 426.63 426.42 426.03 425.8 425.47
405.23 406.2 406.58 407.32 407.96 408.25 408.79 409.42 410.03 410.26 410.65 411.25 411.42 411.73 412.51 413.22 414.02 415.61 416.53 417.23 418.39 419.34 420.59 421.84 422.56 423.02 422.49 424.39 426.46 424.83 424.64 425.46 426.84 428.27 429.5 429.83 430.45 431.03 431.44 431.87 431.88 431.66 431.54 431.58 431.97 431.54 430.99 430.64 430.15 429.9 429.32 428.88 428.83 428.91 429.25 429.19 429.06 428.49 428.17 428.81 428.87 428.21 428.22 428.65 428.71 428.51 428.51 428.04 427.73 427.41 427.09 426.94 426.59 426.2
406.59 406.8 407.78 408.5 409.56 410.08 410.56 410.79 410.84 411.03 411.37 411.96 412.34 413.09 413.92 414.37 415.32 416.69 417.42 417.76 419.01 420.09 421.08 422.56 423.27 424.1 424.94 426.29 427.11 427.26 426.91 426.29 427.8 428.86 429.9 430.13 430.35 430.56 431.26 431.52 432.08 432 431.78 432.09 432.22 431.85 431.44 431.25 431.33 430.97 430.54 429.85 430.02 430.26 430.05 430.19 429.82 429.31 429.2 429.58 429.41 429.09 429.07 429.48 429.43 429.02 428.81 428.91 428.73 428.4 428.06 427.77 427.47 426.93
408.38 408.44 408.7 410.12 411.54 411.6 411.57 411.8 411.83 411.83 412.35 412.7 413.48 413.99 414.69 415.49 416.33 417.23 417.63 418.26 419.34 420.43 421.58 422.77 423.32 423.46 424.12 426.34 426.32 426.21 426.65 427.67 428.16 429.45 430.44 430.41 430.75 431.05 431.41 431.68 432.04 431.86 431.77 432.68 432.86 432.36 432.26 431.79 431.75 432.48 432 431.79 431.61 431.25 431.08 430.9 430.8 430.23 430.01 430.15 429.52 429.74 430.31 430.12 430.03 430.16 429.65 429.54 429.6 428.98 428.74 428.06 427.95 427.52
410.21 409.95 409.95 411.51 412.89 412.93 412.76 412.65 412.75 413.06 413.44 413.71 414.24 414.62 415.2 415.86 416.91 417.42 418 418.7 419.67 420.63 421.67 422.52 423.53 424.47 425.06 425.03 423.89 424.93 425.86 426.93 428.64 430.13 430.39 429.85 430.54 431.06 431.9 432 432.06 431.99 432.15 432.33 432.51 432.4 432.45 432.91 432.78 432.66 432.53 432.04 432.07 431.96 432.09 431.81 431.31 431.04 430.34 430.69 430.61 430.94 430.81 430.82 430.72 430.58 430.29 430.05 429.97 429.31 429.15 428.74 428.48 428.2
412.1 411.98 411.76 412.76 413.82 414.26 413.86 413.95 413.86 413.99 414.31 414.5 414.81 415.08 415.55 416.14 416.9 417.46 418.22 419.11 419.55 420.52 421.49 422.11 423.28 423.94 424.94 425.16 425.03 424.96 426.42 427.76 428.41 428.87 429.83 430.71 430.65 431.1 431.91 432.25 432.27 432.26 432.23 432.85 432.59 432.29 432.94 433.53 433.11 433.03 433.06 432.78 433.16 432.97 432.57 432.54 431.86 431.47 431.21 431.32 431.03 431.31 431.3 431.48 431.42 431.02 430.84 430.51 430.14 429.97 429.52 429.44 429.14 429
414.83 414.51 414.54 414.65 414.74 415.15 414.76 414.84 414.73 414.98 415.02 415.14 415.19 415.68 416.12 416.59 417.09 417.79 418.43 419.06 419.61 420.35 421.11 421.87 422.35 422.97 424.19 424.33 424.58 425.74 426.14 427.46 428.98 428.7 429.14 430.06 430.84 431.34 431.8 432.25 432.61 432.75 433.03 433 433 432.77 433.5 433.39 433.09 433 433.32 433.19 433.05 433.48 433.04 432.68 432.17 431.56 431.82 431.96 431.85 431.97 431.96 431.82 431.77 431.21 431.01 430.96 430.73 430.51 430.36 430.08 429.95 429.46
416.42 416.36 416.93 416.65 415.85 416.27 416.12 415.58 415.62 415.62 415.72 415.86 415.98 416.34 416.55 416.94 417.39 418.07 418.5 419.02 419.38 419.75 420.69 421.3 421.84 422.53 423.37 423.71 424.99 425.15 425.9 427.18 428.48 429.03 429.32 429.58 430.57 431.52 432 432.04 432.2 432.65 433.43 433.4 433.4 433.57 433.87 433.87 433.54 433.63 434.47 434.3 433.93 433.76 433.54 432.96 432.3 432.35 432.52 432.65 432.27 432.36 432.25 432.19 431.87 431.71 431.63 431.79 431.32 431.07 430.97 430.77 430 429.99
