taller 1/variables/bioclim14.asc
ncols         720
nrows         300
xllcorner     -30.008325510658
yllcorner     30.991671412252
cellsize      0.083333337679505
NODATA_value  -9999
[rows 68 to 101 of 300, columns 608 to 683 of 720]
28.18 28 28 28 28 28 27.93 27.64 27.35 27.04 27.45 27.63 27.15 27.08 27.24 27.03 27.11 27.08 26.99 26.64 26.49 26.04 26.02 26.07 26.28 26.86 26.81 26.39 26.37 26.84 27.26 28.38 29.29 29.87 29.72 29.71 30.13 30.39 30.73 31.01 31.25 31.45 31.48 31.55 31.82 31.96 31.81 31.84 31.19 31 30.99 30.37 29.93 29.29 28.94 28.32 28.04 28.04 27.8 27.12 27 27 27.09 27.46 27.76 28.46 28.6 28.59 28.95 29.1 29.74 30.31 30.97 31 31 31
28.08 28 28.09 28.48 28.61 28.55 28.57 28.47 28.31 28.11 27.89 28.03 28.01 27.88 28.02 27.85 27.92 27.63 27.54 27.58 27.33 26.75 26.04 26.16 26.62 26.85 27 27.1 27.15 27.11 27.86 28.34 29.35 30.55 30.83 30.92 30.93 31.27 31.61 31.86 32.02 32.12 32.12 32.05 32 32 32 31.69 31.05 31 30.9 30.35 30 29.64 29.02 28.87 28.06 28 28 27.49 27.08 27.26 27.96 28.56 28.63 28.56 28.51 28.38 29.47 29.43 30.32 30.99 31.28 31.61 31.18 31.16
28.18 28.62 28.91 29.14 29.71 29.73 29.67 29.47 29.09 28.48 28.46 28.37 28.42 28.56 28.07 28 28 27.99 27.7 27.27 27.12 27.01 26.92 26.64 26.84 26.98 27 27.01 27.4 27.82 28.33 28.92 29.56 30.72 32.29 32.27 32.2 32.26 32.57 32.81 33.07 33.02 32.99 32.79 32.27 32.01 32 31.85 31.07 31 30.96 30.41 30.02 29.98 29.41 29 28.89 28.26 28 27.99 28.03 28.56 28.98 28.62 28.22 28.23 28.55 29.19 29.97 30.44 31 31.33 31.91 31.92 31.97 31.99
28.91 29.02 29 29.28 30.16 30.25 30.13 29.6 29.74 30.66 30.31 30.38 29.91 29.69 29.37 29.01 28.55 29.27 28.92 28.48 28.13 27.65 27.52 27.38 27.12 27 27.07 27.49 28 28.45 28.99 29.6 30.1 30.96 32.42 33.6 34.03 34.17 34.73 34.31 34.12 34.06 33.75 33.15 33 32.61 32.07 32 31.82 31.34 31 30.8 30.18 30.07 30.16 29.67 29.54 29.36 28.7 28.16 28.31 28.86 28.56 28.65 28.47 28.81 28.93 29.56 29.97 30.19 30.68 31.07 31.78 32.15 32.34 32.66
30.01 30.22 29.96 30.68 31.38 31.76 31.65 30.76 31.43 32.32 31.54 31.8 31.83 31.19 30.53 29.82 30.15 29.95 30.55 30.41 29.26 28.63 28.18 28.14 27.93 27.53 27.47 27.98 28.22 28.83 29.27 29.93 30.67 31.37 32.31 33.9 34.75 35.35 36.05 36.06 35.16 34.86 34.22 33.96 33.31 33 32.35 32 31.65 31.01 31.49 31.8 31.7 31.27 31.28 30.74 30.23 29.73 29.14 28.7 28.99 28.91 28.64 28.69 28.74 28.94 29.02 29.31 29.82 30.21 30.93 31.45 32.02 32.4 33 33
30.05 30.13 30.96 32.01 31.59 32.72 32.87 32.35 31.36 31.94 33.27 32.14 31.53 31.24 31.9 32.41 32.1 31.65 31.25 30.77 30.98 30.72 29.95 29.98 29 28.26 28 28.01 28.61 29.05 29.96 30.68 31.46 32.08 32.91 33.97 35.02 35.4 36.27 36.98 36.47 35.34 34.53 34.07 33.44 33.03 32.62 32.12 31.96 31.17 31.24 31.45 31.73 31.48 31.13 30.61 30.32 30.01 29.54 29.02 28.89 28.84 28.69 28.68 28.66 28.95 29.37 29.93 30 30.47 31 31.67 32.06 32.73 33 33.23
30.7 32.25 32.93 32.03 32.98 33.33 33.14 32.66 32.77 31.74 32.24 31.96 32.44 33.72 32.8 32.19 33.32 32.87 31.39 31.85 31.2 30.3 30.27 29.84 29.54 28.68 28.35 29.01 29.64 29.94 30.48 31.08 31.82 32.67 33.31 34.02 35.16 36 36.67 37.61 37.63 36.7 35.16 34.48 34.08 33.19 32.93 32.86 32.75 33.21 32.17 31.8 31.81 31.82 31.18 30.72 30.15 29.88 29.91 29.24 29.02 29.06 29.06 29.14 29.25 29.57 29.9 30.03 30.48 30.77 31.06 31.82 32.01 32.11 32.53 32.79
31.33 34.05 33.83 32.58 33.87 33.56 33.03 33.13 32.7 32.48 32.86 32.81 32.57 32.66 33.27 33.26 32.71 33.61 32.75 33.14 33.37 32.03 32.79 31.74 31.3 29.23 29.3 30.03 30.57 30.96 31.64 32.33 32.72 33.35 34.12 34.85 35.07 36.13 36.26 37.07 37.39 36.97 35.99 35.4 35.49 34.76 34.09 33.98 33.75 33.29 32.72 32.49 31.98 31.39 31.09 30.91 30.38 29.6 29.37 29.29 29.15 29.05 29.52 29.98 29.97 30 30 30.25 30.94 31 31.25 31.64 31.92 32.19 32.45 32.51
30.41 33.73 35.99 34.68 36.52 36.05 35.55 37.32 37.53 34.44 33.93 34.72 34.26 33.96 33.65 33.24 33.38 33.71 34.13 33.71 34.52 34.99 33.94 34.39 32.71 30.55 30.43 31.01 31.75 32.26 32.49 32.86 33.23 33.96 34.56 35 35.22 36.01 36.01 36.61 37.11 37.18 36.21 35.68 35.64 34.94 34.12 33.21 33.76 32.82 32.63 31.9 31.9 31.3 30.99 30.77 30.06 29.84 29.12 29.01 28.92 29.01 29.69 29.99 29.94 29.94 30 30.32 30.96 31.03 31.27 31.82 31.99 32.02 32.24 32.48
33.85 35.89 38.5 38.93 37.65 38.41 39.64 40.05 40.48 38.21 36.95 38.07 36.72 37.96 37.45 36.02 35.38 34.75 34.54 34.83 35.39 36.01 36.45 36.22 34.84 33.37 33.07 32.45 32.5 32.9 33.02 33.46 33.99 34.29 34.74 35 35.27 36 36.01 36.21 37.12 37.19 35.96 35.4 35.09 34.75 34.14 33.49 33.54 32.94 32.2 31.65 31.53 31.34 30.92 30.39 30 29.68 29.21 29.04 29 29 29.58 30.25 30.09 30 30.09 30.38 30.76 31.04 31.4 31.29 31.59 31.86 32.05 32.11
34.44 40.4 43.69 41.91 41.28 41.83 40.88 40.46 39.88 39.93 39.97 39.56 38.32 39.33 39.5 39.8 39.2 38.02 36.85 35.96 35.42 35.81 37.77 36.53 36.38 36.97 37.35 35.54 34.24 34.11 34.26 34.66 34.78 35.14 35.27 35.46 35.87 36.01 36 36 36.28 35.65 35.39 34.67 34.3 33.87 33.74 33.44 33.08 32.95 32.66 31.5 31.48 31.42 31 30.42 30 30 29.45 29.42 29.51 29.83 29.98 30.05 30.71 30.68 30.37 30.86 30.97 31.04 31.34 31.9 31.78 31.63 31.59 31.64
36.98 35.73 37.93 40.22 41.57 39.09 40.07 37.57 37.37 36.95 37.03 36.49 38.57 40.74 40.97 41.95 40.79 39.78 39.99 38.52 38.78 37.43 38.03 38.65 39.58 38.83 38.47 37.11 37.58 38.33 36.83 36.73 35.92 35.88 35.91 36.22 36.5 36.52 36 36 36 35.09 35 34.53 34.38 33.59 33.37 32.35 32.36 32.28 32.55 31.39 31.55 31.57 31.01 30.72 30.01 30 29.91 29.79 29.75 30.06 30.01 30.03 30.55 31.14 30.82 31.03 31.02 31.06 31.49 31.29 31.57 31.83 31.87 31.77
34.38 35.06 36.73 40.79 40.63 38.91 37 35.71 36.1 35.71 36.58 35.91 36.88 38.01 38.88 40.15 41.88 41.77 44.36 42.38 42.14 39.64 39.66 40.61 40.74 40.75 38.78 38.83 39.77 40.79 40.55 40 39.19 37.84 37.26 37.01 37 36.89 36.54 36.23 36.09 35.56 34.99 34.3 34.3 33.31 33.07 32.27 32.07 31.73 32.04 31.93 31.19 31.47 31.01 30.95 30.18 30.04 30 29.91 29.98 30.66 30.99 30.97 30.73 31.03 31.2 31.15 31.14 31.01 31.38 31.52 31.56 31.83 31.47 31.86
41.79 39.65 35.65 38.24 41.55 44.34 42.5 36.31 36.21 34.63 35.65 35.6 36.18 38.48 38.19 39.7 41.12 43.02 43.95 45.39 44.63 44.25 44.7 43.03 41.36 41.53 41.02 42.01 41.55 41.72 41.88 40.81 41.52 42.39 40.96 38.68 37.66 37.02 37.13 37.1 36.23 35.95 35.39 34.93 34.45 33.79 32.54 32.06 31.34 31.3 31.51 31.59 31.02 31.45 31.17 30.99 30.64 30.95 30.7 30.36 30.45 30.97 31 31 31 30.95 31.61 31.65 31.61 31.46 31.09 31.38 31.78 31.73 31.29 30.94
40.03 38.74 36.39 37.79 35.47 36.44 37.92 35.68 36.61 35.29 35.46 36.06 37.01 37.74 38.68 38.26 39.76 40.66 42.43 43.56 45.52 47.04 47.98 46.82 46.32 45.34 43.63 42.47 42.21 43.51 45.22 44.33 44.12 41.18 40.3 39.61 39.01 38.62 37.95 37.2 37.02 36.91 36.26 35.18 34.16 33.58 33.14 32.19 31.4 31.19 31.43 31.02 30.76 31.56 31.29 31.03 30.8 31 31 31 30.81 30.83 31.13 31.27 31.45 31.09 31 31.67 31.7 31.99 31.59 31.24 31.6 31.7 31.34 31.22
34.24 34.48 40.3 37.39 35.5 34.04 33.61 34.65 37.11 36.96 35.25 37.52 36.03 36.86 38.42 38.34 39.52 40.43 40.83 42.12 42.96 43.32 44.03 43.37 45.04 46.87 46.06 44.94 43.05 43.77 45.79 46.91 45.83 44.52 42.46 42.87 41.6 40.24 38.82 38.29 38.15 37.61 36.45 35.21 34.43 33.95 33.41 32.7 31.69 31 30.46 30.47 30.59 31.35 31.26 31.28 31.04 30.95 31 31 30.97 30.64 31.09 31.04 31.81 31.53 31.24 31.15 31.72 31.94 31.58 31.23 31.74 31.32 31.13 31.24
30.06 30.81 35.09 35.01 37.31 35.17 34.41 34.05 40.87 43.99 37.74 34.64 35.65 36.86 37.47 38.39 39.61 42.38 43.69 42.04 41.51 41.37 42.9 42.76 44.23 44.06 46.51 46.36 44.51 44.95 46.04 46.05 45.04 44.16 46.62 46.14 44.66 42.87 40.57 39.66 38.46 37.58 36.59 36.21 35.16 35.25 34.52 33.09 31.43 31.21 31.3 31.18 30.57 30.56 30.72 31.36 31.34 30.87 31 31 31 30.83 30.99 31.3 31.81 32 31.54 31.5 31.26 31.84 31.35 31.39 31.32 31.39 31.03 31.19
35.75 37.19 36.4 34.82 35.3 36.43 34.49 32.17 36.01 39.64 40.33 35.06 34.35 36.04 37.25 40.84 43.79 44.8 44.87 44.74 42.39 40.95 42.61 43.14 45.77 47.09 47.66 48.16 46.63 45.69 46.93 46.01 45.89 44.5 45.77 47.28 46.23 45.07 42.95 41.32 40.19 39.12 37.58 37.56 36.98 35.98 34.09 32.68 31.93 31.32 31.1 31.27 31.01 30.83 30.57 30.62 30.85 30.5 31.03 31.07 31.02 30.84 30.96 31.18 31.67 31.95 31.75 31.99 31.27 31.06 31.04 31.2 31.44 31.3 31.02 30.97
37.07 34.06 37.6 40.55 40.2 37.53 35.02 31.48 32.57 34.78 40.89 37.65 34.04 35.71 36.37 37.73 38.7 39.73 41.42 43.96 47.12 42.73 41.49 43.65 44.45 48.92 48.46 44.66 45.27 43.57 46.22 47.77 45.96 46.8 46.92 46.72 48.05 45.99 46.22 45.06 42.31 42.19 39.2 38.87 37.35 35.53 34.31 33.32 32.57 31.99 31.39 31.41 31.27 31.03 30.85 30.47 30.93 31.09 30.81 30.7 31.1 31.29 30.84 31.08 31.44 31.74 31.61 31.88 31.42 31.09 30.7 30.97 31.2 30.98 30.85 30.9
39.48 36.23 33.66 32.15 33.14 33.51 31.37 30.22 31.42 33.83 39.39 34.43 34 35.21 36.37 37.44 38.61 39.91 41.35 43.22 43.9 43.85 44.51 42.48 41.66 42.14 43.05 44.44 44.25 45.05 46.38 46.17 45.74 46.6 47.78 47 48.11 48.06 51.07 48.46 45.39 42.95 42.15 39.66 38.16 36.27 35.63 34.19 33.39 32.82 32.22 31.98 31.62 31.23 30.99 30.81 30.98 31 30.81 30.55 30.92 30.85 30.94 31.58 31.05 31.36 31.32 31.61 31.57 31.21 30.84 30.37 31.06 30.76 30.71 30.89
31.52 32.07 30.49 29.48 29.07 29.69 29.64 29.57 31.28 38.01 34.01 33.43 33.99 34.8 36.22 37.43 38.67 40.23 41.57 42.79 42.84 43.67 43.35 44.66 44.44 45.81 45.95 41.53 43.2 45.67 50.85 49.28 44.9 44.84 46.71 48 49.18 48.96 49.98 49.29 46.54 48.8 43.68 43.95 41.3 38.56 36.52 35.61 34.89 33.86 33.02 32.54 32.04 31.68 31.21 30.97 30.8 30.45 30.71 30.89 30.88 30.92 30.68 30.9 30.44 30.58 31.37 31.02 31.22 30.97 30.79 29.98 30.14 30.12 30.22 29.57
27.62 27.05 27.44 28.44 28.81 29.41 29.45 29.49 33.81 36.02 34.46 33.47 34.26 34.97 35.97 37.33 38.54 39.87 41.07 41.76 41.81 41.4 40.96 40.54 41.74 42.67 42.53 42.34 41.11 43.33 44.14 45.37 47.39 45.59 45.29 47.97 49.33 49.26 49.77 49.6 48.29 49.89 47.18 44.53 41.89 42.17 39.64 36.4 35.21 34.9 33.31 32.21 31.22 31.07 30.89 30.61 30.84 30.54 30.72 30.51 30.69 30.85 30.99 31.02 30.81 30.75 30.41 30.49 30.2 30.45 30 29.63 29.33 29.63 29.81 29.83
26.36 26.61 27.7 28.49 29.31 29.67 29.15 32.49 36.79 33.99 33.75 33.3 35.32 35.41 35.72 37.01 38.15 39.32 40.2 40.81 41 40.61 40 39.47 39.53 39.44 41.12 44.23 45.52 46.51 43.07 42.21 45.82 47.41 45.39 46.44 46.37 49.34 48.84 50.72 47.46 47.14 44.85 45.37 47.17 44.32 40.22 39.15 38.36 35.81 34.53 32.72 31.97 31.43 30.66 30.27 30.07 30 30.2 30.45 30.51 30.57 30.97 31.72 31.67 31.54 31.17 30.85 30.58 30.7 29.89 29.59 29.56 29.58 30.01 29.95
26.19 26.97 27.49 28.19 28.74 28.68 28.99 33.39 35.81 34.79 33.54 33.05 33.36 34.48 35.4 36.5 37.53 38.58 39.38 39.93 40.05 40 39.58 39 38.87 38.57 38.85 40.31 41 42.3 43.45 41.38 44.53 45.7 45.08 45.85 47.75 49.33 47.22 46.06 47.16 48.23 48.5 46.44 45.08 45.1 42.32 40.6 41.17 37.73 35.25 34.27 32.99 32.23 31.06 30.17 30.01 30.01 29.6 29.29 29.34 29.68 29.93 30.1 30.26 29.84 29.4 29.49 29.26 29.67 29.62 29.68 29.37 29.31 29.38 29.41
25.76 26.35 27.23 27.77 27.91 28.55 29.59 33.68 32.91 31.95 31.61 32.15 33.08 34.07 35.03 36.05 36.99 37.89 38.69 39.06 39.31 39.3 39.01 38.63 38.02 38.01 38.23 38.46 38.58 39.25 41.46 44.69 41.73 42.76 44.92 46.02 46.85 45.74 46.86 45.1 47.97 50.18 49.57 44.73 41.3 42.07 41.96 42.15 44.43 41.24 37.4 36.18 35.18 33 31.19 31.21 30.99 30.92 30.26 30.28 29.48 30.57 30.08 29.16 28.69 28.63 28.66 28.56 28.69 28.78 28.78 28.66 28.45 28.55 28.88 28.83
26.03 26.08 27.2 27.16 28.28 28.98 29.34 30.97 31.16 30.53 31.22 32 32.93 33.76 34.65 35.5 36.32 37.2 37.93 38.22 38.68 38.78 38.26 38.01 38.13 37.69 37.52 37.98 38.87 39.81 41.43 42.14 41.56 42.99 44.06 44.27 44.68 44.16 43.99 44.8 45.96 46.21 48.14 44.47 45.52 45.68 45.84 43.41 41.61 41.56 40.05 37.79 36.09 33.62 33.8 32.57 31.22 31.03 30.45 30.16 30 30.09 29 28.43 28.41 27.87 27.59 27.28 27.44 27.79 28.26 28.56 28.72 28.51 28.26 27.97
27.22 26.24 26.85 27.24 28.13 28.02 28.37 29.01 30.42 30.54 31.25 32 32.66 33.37 34.15 35.03 35.93 36.74 37.22 37.78 37.96 38 37.75 37.24 37 36.9 36.94 37.1 38.17 38.72 40.68 43.69 41.84 43.06 44.01 44.05 43.69 43.55 43.18 43.28 43.97 43.74 44.45 42.39 45.33 44.76 49.78 46.68 41.13 39.83 37.78 36.6 35.48 36.64 36.64 33.9 33.07 31.18 30.23 29.67 29.4 28.95 28.92 28.52 28.42 27.86 27.73 27.31 27.7 27.47 27.47 27.65 27.87 27.94 28.04 27.83
28.73 26.95 27 27 27.55 28 28.43 29 29.91 30.36 31.01 31.87 32.34 33.08 33.96 34.7 35.46 36.26 36.98 37 37.04 37.24 36.99 36.64 36.15 36 36.02 36.45 37.28 38.9 41.45 43.97 44.05 43.68 43.88 44.06 43.72 43.33 42.49 41.92 41.94 42.76 41.62 42.99 41.65 42.92 44 47.63 43.88 42.13 39.78 36.77 35.74 37.69 39.49 35.05 34.98 32.66 30.56 29.16 28.49 28.15 28 27.32 27.51 27.67 27.64 26.68 26.69 26.63 26.91 27.08 27.11 27.33 27.37 27.63
27.26 27.3 27 27 27.59 28 28.38 29 29.63 30.07 30.96 31.62 32.08 32.99 33.67 34.34 35.2 35.97 36.32 36.66 36.58 36.83 36.32 35.97 35.42 35.06 35.06 35.58 36.58 37.91 40.24 42.63 43.63 45.44 46.16 45.71 44.37 43.5 42.23 41.19 40.62 42.02 41.48 46 45.98 47.81 46.13 46.58 43.89 43.56 40.25 39.5 39.31 36.51 37.61 38.52 36.62 33.99 31.73 29.32 28.38 27.65 27.09 26.81 26.59 26.32 26.68 26.48 25.85 25.95 26 26.44 26.49 26.76 26.8 26.84
27 27 27 27 27.75 28 28.31 29 29.27 30 30.72 31.19 32 32.7 33.35 34.06 34.93 35.37 35.97 36 36 36 35.97 35.28 34.9 34.21 33.97 34.64 35.98 37.57 39.35 41.6 42.75 45.04 46.14 47.29 46.36 45.59 42.42 41.22 40.45 40.33 40.24 41.97 42.63 43.8 42.55 44.87 46.23 45.38 44.4 40.9 40.56 39.62 36.32 35.96 35.42 33.63 33.56 31.02 29.34 27.06 25.89 25.45 25.76 26.24 25.98 25.75 26.08 25.62 25.34 25.7 26.09 26.11 26.55 26.66
27 27 27 27.12 27.97 28 28.12 29 29.01 29.89 30.33 31.01 31.75 32.32 33.02 33.93 34.68 35 35.17 35.45 35.52 35.69 35.41 35 34.28 33.99 33.06 33.98 35.54 37.35 39.15 41.51 44.54 45.33 45.69 45.19 46.04 43.93 42.13 41.04 39.96 39.33 38.72 38.7 40.44 40.26 42.01 42.51 42.51 42.55 46.83 42.15 42.5 39.54 38.31 37.19 35.86 35.32 35.01 33.69 30.6 27.79 25.7 25.04 24.79 25.5 26.4 25.56 25.1 25.23 25.19 24.96 25.2 25.57 25.94 26.23
27 27 27 27.5 28 28 28.05 29 29 29.58 30.22 31 31.61 32.11 33 33.67 34.08 34.74 35 35 35 35.01 35 34.98 34 34 33.81 34.4 35.55 37.44 39.3 40.61 42.35 44.43 45.01 44.84 44.32 43.63 43.69 42.6 42.84 39.42 38.07 37.8 37.78 38.41 39.8 39.61 41.69 43.45 45.89 43.71 42.57 41.52 39.84 38.98 37.85 34.55 32.09 33.53 33.64 30.54 25.84 24.85 24.58 24.41 24.71 25.2 25.33 24.86 25.12 24.68 24.72 24.66 25.04 25.84
27 27 27.15 27.94 28 28 28.01 28.97 29 29.56 30.12 30.7 31.05 31.88 32.55 33.21 33.91 34.05 34.56 34.87 35 35.03 35 35 34.08 34 34.16 35.31 36.55 39.49 40.26 40.67 41.08 42.19 43.65 44.32 43.24 41.93 41.75 41.43 41.04 41.51 40.76 39.49 39.38 39.35 40.98 43.59 42.01 43 45.73 42.68 41.47 40.56 40.47 36.91 36.43 36.25 33.08 30.42 31.2 30.89 27.33 25.35 24.89 24.28 24.35 24.31 24.16 24.08 24.16 24.87 24.4 24.49 24.68 25.06
27 27.11 27.86 28 28 28 28.18 29 29 29.29 29.93 30.01 30.66 31.42 32.06 32.98 33.26 33.94 34 34.01 34.18 34.17 34.86 35 34.64 34.15 35 36.01 38.29 38.43 38.52 38.94 39.65 41 41.69 41.93 41.41 40.49 39.68 38.64 38.56 40.5 42.3 42.91 38.8 39.53 43.21 47.76 45.33 45.42 47.71 43.55 40.99 41.21 38.48 37.05 35.4 33.48 32.12 31.17 29.9 28.27 27.59 26.23 25.18 24.11 23.69 23.77 24.29 24.22 23.65 24.3 25.94 25.46 24.85 24.31
