taller 1/variables/bioclim17.asc
ncols         720
nrows         300
xllcorner     -30.008325510658
yllcorner     30.991671412252
cellsize      0.083333337679505
NODATA_value  -9999
[rows 66 to 98 of 300, columns 518 to 591 of 720]
147.79 127.77 109.58 100.42 95.91 93.75 90.31 95.22 93.27 84.84 79.42 76.62 74.57 73.43 73.08 75.27 78.1 79.16 78.86 78.62 78.27 77.88 78.99 81.84 85.96 87.23 87.18 91.1 93.97 97.15 101.42 97.48 98 97.94 91.74 92.21 89.07 100.1 105.49 90.4 78.72 74.36 79.14 85.21 82.16 77.72 76.03 76.8 78.49 79.78 81.94 85.12 87.01 88.45 89.65 91.4 93.47 94.65 95.41 98.03 100.88 100.62 99.37 98.21 98.79 99.52 100.13 100.46 101.51 100.58 100.94 102.03 100.4 102.2
113.82 104.65 97.69 94.66 92.83 89.79 85.84 84.54 82.47 82.34 80.96 76.23 74.07 72.44 70.15 68.89 71.32 73.73 74.78 75.26 75.17 76.26 78.14 80.27 80.24 82.79 84.01 84.64 86.98 89.76 90.59 90.25 88.61 85.09 83.44 84.11 92.59 100.82 113.98 106.36 90.37 74.69 77.9 85.01 93.36 96.1 82.23 79.72 80.51 83.38 84.84 87.9 89.17 89.93 90.95 92.03 93.01 94.93 94.99 94.63 94.89 96.04 96.62 97.09 97.28 97.59 99.29 101.3 102.13 101.49 101.82 101.94 100.39 104.17
121.94 103.53 96.01 95.22 93.16 92.28 93.29 92.82 93.13 85.55 79.05 73.72 69.58 67.9 66.47 65.99 66.71 68.17 70.82 72.04 73.06 74.08 75.83 76.07 77.23 78.66 81.88 82.65 83.05 84.56 85.67 85.52 83.3 82.67 81.41 81.03 83.67 95.29 112.99 115.53 105.41 81.85 80.19 101.47 97.05 111.49 104.06 91.89 95.41 91.45 91.83 95.24 91.51 90.75 90.84 92.85 93.84 94.68 95.34 94.65 93.9 95.02 96.05 97.88 99.62 99.82 99.2 99.89 102.4 103.01 102.54 101.56 101.93 102.04
138.32 115.02 102.78 98.29 99.41 101.78 100.49 102.02 96.56 89.75 81 74.65 69.43 66.84 65.7 66.52 65.42 66.64 67.48 68.76 70.08 71.89 72.95 74.36 75.72 78.1 79.52 80.6 81.44 82.3 83.66 81.8 81.6 81.17 80.09 83.7 80.19 83.05 91.95 103.84 104.49 89.87 82.65 115.8 125.57 109.34 116.41 115.77 98.99 120.4 112.41 109.39 100.69 96.23 93.06 94.05 94.21 95.34 96.69 95.74 95.07 94.04 96.45 97.97 99.76 100.02 101.63 102.98 104.5 104.37 105.41 104.02 102.81 104.64
121.69 115.93 110.04 107.06 109.21 99.97 96.39 96.71 95.82 92.29 85.37 79.26 71.26 66.87 65.23 65.14 66.23 67.8 69.26 69.73 70.47 71.93 72.14 73.68 75.13 77.35 78.7 79.37 80.57 81.52 80.42 80.02 80.26 81.04 80.7 78.55 78.87 80.13 85.16 85.01 89.17 94.35 88.57 98.98 106.48 92.09 107.01 121.01 127.48 126.8 112.99 106.13 106.43 97.59 95.41 94.57 93.73 93.7 93.95 95.02 93.7 94.5 97.53 98.68 99.62 101.91 103.64 105.32 105.94 105.05 104.45 104.2 103.45 103.79
118.56 117.13 116.86 119.96 114.21 107.31 105.14 97.36 91.74 88.33 86.01 79.08 74.25 69.72 66.42 65.59 67.7 69.99 73.71 75.21 74.49 75.25 74.88 76.76 75.52 77.13 77.66 79.2 79.55 79.96 79.9 79.27 78.45 78.1 78.82 79.03 78.6 82.58 83.01 81.64 82.53 89.95 101.36 97.77 95.29 90.85 88.84 103.2 136.26 121.41 108.75 103.12 101.19 98.66 96.03 93.41 94.58 94.34 93.24 92.63 92.31 93.03 97.63 100.14 101.69 103.46 104.16 105.63 106.76 106.47 106.11 105.32 104.67 104.28
124.6 119.28 109.99 112.54 106.08 102.01 99.82 102.88 100.32 93.84 82.49 79.1 75.87 71.8 68.73 72.22 75.23 78.28 80.57 83.33 81 80.94 80.71 82.93 82.96 78.85 77.89 78.76 84.13 85.77 83.07 81.33 80.17 78.95 79.57 81.07 77.52 81.55 83.96 83.49 82.74 83.01 92.76 86.47 80.76 79.08 85.39 101.27 108.07 104.59 103.93 102.56 105.22 102.8 97.07 94.22 92.16 92.51 92.68 93.7 94.19 92.71 94.1 97.35 100.85 103.98 105.76 106.73 107.64 107.74 108.05 108.37 108.29 108.89
120.47 115.82 113.9 109.86 106.37 110.89 111.54 110.01 98.38 89.59 88.35 89.64 88.33 83.52 75.47 76.12 77.77 77.32 77.89 82.65 83.51 83.65 88.45 92.53 89.3 86.15 83.78 83.06 83.65 93.32 95.85 91.33 86.29 84.69 85.52 87.96 83.29 80.32 84.92 85.65 83.72 78.04 81.12 83.91 78.09 77.95 83.3 80.76 92.01 101.33 105.47 108.74 106.49 102.79 101.14 99 96.78 100.74 99.44 94.85 92.71 92.29 94.92 98.31 100.43 104.58 107.24 109.21 111.28 112.18 114.04 117 114.8 115.19
111.91 109.93 108.87 108.77 110.08 115.77 119.14 116.27 113.93 111.1 104.51 98.79 89.13 86.44 83.29 82.05 83.98 80.48 82.44 88.91 87.72 86.53 87.22 91.84 94.55 96.36 93.76 93.3 92.35 92.09 97.86 102.49 100.69 99.18 97.21 99.55 92.96 88.47 88.95 85.79 89.16 81.17 80.2 87.41 80.27 74.44 76.56 76.27 79.34 92.87 103.2 104.61 109.86 105.63 104.35 103.37 106.36 101.93 97.25 93.76 92.05 93.54 97.74 102.17 105.58 108.18 112.37 115.05 121.62 133.76 131.67 137.77 131.14 140.6
110.58 110.27 110.76 114.72 118.08 118.8 123.9 133.56 143.38 123.1 110.76 103.1 97.4 89.15 87.27 88.36 92.15 89.2 94.48 93.94 89.1 92.11 91.25 89.7 92.26 93.99 98.11 97.23 99.46 99.54 99.89 101.17 103.81 107.85 108.21 106.54 98.84 97.08 97.59 85.67 88.86 85.51 81.96 81.24 82.37 80.83 76.48 76.15 77.21 81.25 96.77 102.53 105.15 107.58 106.53 103.84 98.89 93.61 92.36 92.51 94.95 98.62 103.25 106.84 111.87 113.18 119.13 133.62 139.51 152.92 156.82 129.26 123.93 128.36
114.98 114.98 118.57 124.8 119.52 125.61 136.61 140.74 131.25 122.87 118.59 110.83 100.2 98.39 101.45 95.42 98.74 104.84 105.5 96.87 96.34 104.05 100.01 98.72 95.91 101.82 98.86 97.53 96.29 96.28 98.28 103.13 105.73 106 112.19 108.19 100.76 99.92 98.88 89.55 86.13 86.49 80.57 86.84 89.74 85.89 79.75 76.87 78.42 79.48 86.64 98.17 108.68 108.05 103.1 99.82 93.85 94.26 96.46 98.53 103.28 112.64 109.8 122.76 136.35 146.01 128.41 142.21 150.31 158.36 169.6 140.06 143.53 143.63
122.7 122.46 126.43 133.51 130.04 129.55 137.68 135.73 131.72 123.79 117.84 113.47 108.48 113.06 112.98 117.71 112.4 111.22 108.02 102.5 109.52 110.32 107.73 102.25 98.98 102.03 105.35 105.44 102.37 100.03 98.97 100.81 102.46 101.43 101.94 100.75 98.44 95.72 91.82 95.43 84.46 80.44 84.45 98.65 93.28 83.2 79.47 78.32 78.99 79.95 84.15 88.32 90.7 91.48 93.64 93.91 95.52 99.96 106.56 115.96 117.38 131.69 131.99 149.21 154.76 159.72 151.12 138.5 144.38 154.85 150.83 150.33 170.18 188.95
133.86 127.38 129.95 137.21 137.19 134.3 138.05 130.9 127.61 125.78 122.45 116.07 112.31 115.65 114.26 113.03 113.5 108.84 105.88 108.81 116.91 113.16 109.99 109.84 106.3 107.97 110.36 111.9 108.33 101.75 101.97 105.04 105.12 100.46 100.92 97.38 93.89 93.71 89.88 95.37 83.07 78.46 92.02 97.93 97.75 88.42 81.38 78.13 79.31 80.65 82.73 85.14 88.36 91.74 95.01 100.55 104.59 103.3 108.98 113.94 125.98 141.46 147.64 142.19 146.14 146.2 139.44 139.88 149.71 165.2 164.1 165.12 169.68 163.42
134.65 134.33 142.67 149.07 144.34 139.88 135.7 135.86 136.57 132.42 128.48 121.85 119.86 117.22 117.96 112.61 112.32 111.51 105.68 107 114.51 118.45 120.72 117.84 113.34 115.87 114.92 110.87 109.29 106.83 102.9 106.19 103.5 98.98 97.41 100.27 97.14 89.17 84.47 81.41 81.67 82.58 87.35 92.27 93.15 90.09 84.62 80.59 81.48 82.34 83.51 85.96 90.38 95.3 108.12 117.87 113.77 109.84 119.57 130.23 133.95 138.79 150.55 153.98 147.39 145.31 152.88 146.01 143.79 159.47 163.17 168.76 173.68 163.88
151.8 159.29 160.62 156.04 147.42 142.14 142.05 136.44 134.67 132.35 128.7 124.03 128.14 124.19 119.06 115.24 115.67 115.42 110.5 111.11 113.63 118.49 117.77 116.86 117.42 120.3 118.41 112.72 114.97 113.47 108.59 102.41 104.82 100.46 96.68 95.31 96.62 94.26 88.81 78.83 78.92 81.78 83.48 89.89 88.35 82.38 81.66 83.76 85.19 89.11 86.93 87.06 90.05 95.19 100.35 104.64 111.03 116.67 117.71 126.33 135.86 145.28 150.9 145.49 135.94 133.36 136.5 135.19 149.56 154.82 157.28 167.06 172.94 174
199.55 206.72 194.54 168.85 163.48 161.67 164.59 155.54 145.14 144.69 140.8 133.74 126.98 130.66 126.46 121.4 122.34 115.87 113.19 113.22 113.42 117.64 113.31 115.06 118.4 121.77 120.26 111.95 115.2 116.11 114.63 104.86 101.39 99.55 97.27 94.11 93.89 94.28 87.21 84.66 77.85 73.55 76.87 79.47 79.97 82.01 85.48 91.32 92.59 93.51 97.05 94.85 91.94 97.87 103.18 106.38 111.3 119.36 122.34 128.32 126.71 129.7 125.56 124.5 122.8 132.56 130.29 131.09 137.75 168.84 192.02 174.98 149.34 140.32
194.43 222.25 212.47 200.32 192.62 202.93 183.61 170.64 161.19 155.2 147.93 143.09 135.54 129.65 129.64 127.7 130.36 121.58 117.4 115.91 115.9 117.36 116.52 119.76 122.98 121.22 115.16 109.76 112.71 112.15 111.92 106.03 101.98 102.86 98.67 95.3 91.16 87.82 84.34 84.89 80.69 75.44 74.97 77.24 80.76 85.91 89.52 90.57 98.15 101.7 96.38 92.73 94.47 99.61 103.67 109.11 113.02 113.46 119.98 133.73 128.96 118.09 118.62 120.23 135.63 138.93 139.61 172.34 163.35 145.45 140.7 152.34 152.13 151.6
182.59 185.98 229.92 232.42 232.49 228.66 210.97 197.76 192.98 170.79 163.23 155.81 145.55 136.08 129.94 127.25 132.21 129.54 123.41 119.71 118.45 119.46 122.85 127.38 128.92 124.11 114.8 112.59 110.25 110.22 109.18 104.71 101.29 100.77 98.49 95.05 92.07 88.57 88.25 82.55 80.52 79.58 79.69 82.84 85.97 86.76 89.27 91.56 94.57 96.91 93.35 94.02 99.43 100.1 102.45 106.87 116.81 121.82 122.01 122.48 113.3 113.75 124.84 130.01 137.01 146.23 167.69 169.81 143.02 136.73 157.17 173.16 186.25 154.51
181.05 198.72 217.41 233.15 242.15 227.04 214.96 211.73 206.36 193.01 193.26 175.95 167.82 153.06 141.47 132.63 135.38 134.92 129.31 124.53 122.29 122.17 126.54 127.96 127.14 119 116.1 113.43 111.98 108.43 107.43 105.46 103.37 100.52 96.2 94.24 90.45 89.99 87.35 84.95 83.63 83.39 85.34 88.56 88.46 88.86 90.78 92.13 94.09 94.54 94.96 98.37 102.83 107.27 111.77 123.49 125.04 118.46 112.94 107.59 117.31 130.04 142.67 151.6 154.49 157.09 156.31 146.3 137.06 155.65 170.27 189.82 181.42 161.35
193.22 187.99 189 199.84 205.93 212.42 221.45 210.06 201.96 205.78 213.36 195.62 175.39 175.64 153.12 145.86 141.16 136.67 133.04 130.76 126.62 125.4 128.18 129.2 125.72 118.59 121.13 114.84 113.97 110.21 109.17 108.52 105.54 103.31 98.26 95.21 92.14 91.62 90.82 89.54 88.61 90.22 89.51 89.02 90.74 93.77 94.26 95.27 96.12 99.37 104.12 109.12 113.1 124.08 125.77 115.89 117.3 107.39 106.6 121.5 122.29 133.56 140.35 140.21 154.12 129.11 143.13 140.49 142.33 165.23 186.32 175.31 176.13 176.16
184.84 185.07 182.25 183.03 191.25 198.7 215.37 221.3 232.02 207.56 206.29 194.49 183.58 170.99 171.29 162.07 153.08 152.73 143.09 138.57 134.52 128.93 129.83 128.81 127.28 122.29 126.54 120.33 118.58 116.85 114.06 111.1 108.85 102.52 97.91 96.21 94.61 93.74 93.17 92.73 94.1 95.25 95.3 94.19 94.35 96.11 97.35 98.83 103.24 107.24 114.84 115.01 116.46 116.66 112.3 109.74 105.03 114.39 131.75 116.54 110.75 118.49 127.16 138.12 127.02 121.13 133.13 147.77 153.6 178.31 165.16 148.27 141.91 136.25
178 180.13 185.88 183.99 188.26 204.58 209.77 205.94 204.45 218.31 203.33 197.67 199.08 186.21 177.79 170.18 162.44 166.67 172.11 163.66 145.88 140.82 139.41 134.8 131.56 128.98 126.95 124.77 117.2 113.31 112.79 110.68 103.89 100.94 100.03 100.26 98.27 97.42 97.43 97.91 102.55 102.06 100.59 99.67 99.32 100.07 101.59 104.9 107.98 108.3 107.83 112.08 115.76 115.46 110.31 106.32 105.51 123.31 131.86 114.93 110.42 111.27 118.27 122.09 118.46 134 155.35 148.54 153.13 163.76 164.9 134.96 134.32 136.73
180.21 185.5 185.13 188.76 190.49 195.77 210.15 212.2 206.92 198.35 200.93 213.13 206.6 192.68 177.83 177.09 173.75 185.96 187.29 176.95 160.61 151.68 144.2 138.4 133.36 129.2 127.06 120.69 120.1 112.09 107.7 111.81 105.81 104.56 104.25 103.27 104.25 106.14 107.21 107.39 106.1 104.57 103.39 104.49 103.59 104.27 106.29 108.99 110.68 111.47 110.27 113.38 117.29 114.51 108.03 104.59 107.49 121.75 116.27 109.87 108.83 108.78 114.84 116.22 132.23 167.25 151.9 127.83 129.91 137.09 142.45 127.9 128.42 131.02
189.22 193.18 195.15 196.29 201.69 204.52 207.64 211.42 211.17 197.05 195.13 200.67 207.58 204.54 189.1 178.36 177.06 190.44 185.56 185.2 176.9 163.06 154.28 146.19 146.84 139.44 135.75 128.43 127.39 116.62 110.05 113.39 107.7 106.48 107.59 108.34 110.01 110.29 112.42 110.57 108.87 108.81 110.08 108.29 107.92 107.84 110.59 114.43 115.52 114.97 121.08 115.45 113.02 108.73 105.71 104.19 111.87 108.4 107.8 106.8 108.67 118.2 120.86 130.7 139.57 140.26 133.07 124.04 136.3 143.67 132.96 133.18 136.38 129.71
197.39 195.45 195.08 198.3 205.75 213.3 219.5 206.72 203.76 196.89 197.43 198.01 201.01 203.54 195.68 175.41 165.95 172.8 173.52 173.38 174.24 171.65 161.11 163.08 156.53 149.87 139.6 128.89 119.81 109.97 104.98 106.15 105.69 106.53 108.68 108.62 108.6 111.78 113.68 114.73 112.66 110.99 111.72 110.92 109.56 111.12 114.46 119.23 121.87 127.11 122.71 112.14 109.72 107.26 105.14 104.9 109.23 105.98 106.89 105.45 118.36 122.91 118.74 120.9 138.7 133.73 125.55 139.21 149.44 142.02 142.19 130.36 143.3 150.77
201.64 200.07 201.63 207.71 208.18 207.53 211.34 205.84 203.2 195.9 177.28 174.27 183.68 185.88 170.39 155.56 154.71 157.33 160.9 159.63 162.81 168.26 173.59 168.03 158.53 143.43 134.21 122.68 117.76 109.99 106.97 104.62 103.96 104.95 105.81 107.53 109.4 113.05 113.39 114.88 112.72 111.7 111.09 110.58 110.7 112.7 116.62 123.03 130.84 126.01 115.62 111.93 108.3 106.19 104.27 106 106.81 105.76 104.7 111.02 110.96 108.3 108.87 117.31 122.26 125.22 132.01 131.14 137.54 131.26 127.06 130.12 137.75 134.44
205 209.91 216.37 218.77 221.09 216.51 213.83 208.35 203.32 189.22 176.1 167.55 164.25 154.21 151.58 147.27 144.43 143.29 147.84 144.89 148.2 147.9 151.75 151.24 136.82 128.59 123.2 123.61 123.66 112.07 108.17 108.26 107.37 107.79 108.67 113.57 119.9 120.36 115.85 113.92 112.93 111.52 111 111.1 111.49 112.54 117.13 128.81 124.4 113.53 112.17 108.58 106.62 104.95 103.56 103.73 103.94 104.79 105.68 103.77 106.32 105.89 107.12 111.04 109.79 113.15 114.6 120.89 125.48 119.19 118.34 122.86 129.52 124.05
219.06 224.11 230.27 231.71 232.3 232.71 222.08 215.84 205.78 191.94 182.36 171.06 163.43 157.37 152.67 144.93 140.59 135.36 131.47 129.62 132.13 132.98 129.92 124.71 116.15 115.93 113.37 112.76 111.76 110.86 110.51 110.87 112 113.67 117.89 119.89 119.56 117.98 115.63 113.41 112.43 110.73 110.7 110.97 111.14 111.98 117.54 119.82 111.33 109.79 108.46 106.56 104.63 103.67 102.65 101.43 100.71 101.64 101.97 102.23 102.37 104.19 106.61 107.74 107.01 108.23 110.57 112.07 110.69 112.49 119.65 123.79 120.97 111.87
232.65 244.93 250.7 248.49 251.33 249.73 237.26 224.9 211.12 197.3 189 179.71 169.37 164.97 158.71 150.1 148.43 144.69 139.84 135.24 130.48 125.32 121.97 119.46 118.01 115.06 115.22 114.99 115.93 116.72 123.54 121.78 123.54 125.22 124.94 123.17 122.06 115.57 113.23 112.57 112.36 110.86 111.4 110.89 110.63 113.41 111.45 110.02 108.6 108.09 107.11 105.19 103.64 102.13 101.02 100.28 99.88 99.38 99.58 100.18 100.21 102.05 105.73 106.91 105.93 105.97 107.46 108.49 107.27 108.44 113.65 109.9 106.08 103.54
234.04 250.21 258.07 255.87 250.75 247.59 238.91 227.84 219.07 208.05 198.89 187.88 177.11 171.06 162.69 161.4 161.05 150.69 144.11 141.86 142.6 140.56 134.26 129.11 127.94 134.3 131.29 128.73 132.31 125.84 131.7 129.25 132.24 129.4 124.51 124.2 119.83 114.27 110.99 110.83 110.17 109.77 109.39 109.11 108.38 108.68 107.22 106.86 106.46 105.56 104.61 103.24 101.93 100.71 99.63 98.77 98.14 97.96 97.58 98.59 99.37 100.69 105.23 106.26 104.95 104.78 105.65 106.1 108.11 113 110.35 104.68 103.06 103.37
238.43 251.37 262.63 263.61 260.7 259.84 258.11 242.31 237.85 226.1 219.51 197.28 198.9 194.22 178.03 180.84 180.3 171 168.33 153.83 151.9 154.42 151.16 146.96 144.93 151.79 148.13 146.83 139.88 144.1 147.26 145.56 143.59 135.26 126.05 119.1 114.45 110.43 109.96 108.93 108.37 113.92 110.49 105.11 105.85 106.54 105.66 104.8 104.4 103.86 102.74 101.36 100.07 99.09 98.32 97.82 97.24 97 96.85 96.53 97.67 99.13 101.65 105.96 105.22 104.37 105 105.25 121.13 133.15 115.94 106.85 104.15 103.71
243.34 256.19 265.02 273.4 268.54 282.77 275.61 252.58 273.46 246.56 249.17 228.18 209.78 207.46 207.93 189.43 183.48 182.97 166.79 171.81 171 168.45 163.7 176.62 177.57 163.18 172.15 162.55 149.18 141.91 145.53 145.59 135.26 131.68 134.85 121.59 113.06 109.89 108.57 110.71 109.59 105.24 101.12 101.18 101.48 102.03 102.59 101.77 101.96 101.57 100.59 99.53 98.53 97.64 97 96.67 96.55 96.13 95.96 96 96.67 99.99 102.06 102.17 103.62 104.35 105.42 108.25 113.7 113.35 108.07 108.98 107.36 106.83
249.5 263.62 265.76 278.12 280.03 289.65 291.22 271.72 277.42 258.61 262.35 240.66 233.13 242.45 243.17 218.1 209.45 187.62 196.74 182.55 181.08 174.35 196.92 188.38 193.24 169.82 168.1 175.7 171.2 178.63 153.68 172.29 156.06 136.82 126.9 112.8 109.87 111.27 107.1 104.39 102.59 101.51 98.64 98.51 98.71 98.97 98.83 99.12 98.89 98.9 98.45 97.56 96.55 95.27 94.93 95.3 95.08 95 95.08 95.73 96.74 97.86 99.12 100.55 101.28 102.51 102.28 107.75 108.3 108.09 106.66 100.64 100.5 102.58
