taller 1/variables/bioclim6.asc
ncols         720
nrows         300
xllcorner     -30.008325510658
yllcorner     30.991671412252
cellsize      0.083333337679505
NODATA_value  -9999
[rows 68 to 101 of 300, columns 532 to 607 of 720]
-40.89 -39.43 -39.1 -39.67 -41.86 -42.37 -43.19 -44.06 -46 -46.62 -48.12 -50.21 -53.26 -54.55 -55.63 -57.47 -59.05 -59.94 -59.21 -60.09 -60.17 -60.39 -62.46 -68.33 -75.2 -76.26 -72.57 -61.09 -59.81 -69.91 -67.45 -74.08 -69.58 -61.79 -62.81 -59.17 -58.02 -58.93 -55.12 -53.16 -51.71 -51.81 -51.57 -51.49 -51.69 -51.53 -51.34 -52.71 -54.29 -56.03 -57.79 -58.65 -59.36 -60.81 -63.29 -65.02 -65.59 -65.36 -65.77 -66.13 -67.17 -68.43 -70.53 -72.96 -75.31 -75.94 -74.6 -74.39 -73.94 -75.59 -76.04 -77.73 -77.43 -77.05 -77.69 -78.33
-43.2 -41.84 -38.81 -38.33 -38.87 -39.58 -40.86 -42.05 -43.36 -44.59 -46.65 -49.28 -51.06 -52.71 -54.2 -55.48 -57.16 -57.04 -57.54 -58.28 -58.19 -60.99 -59.54 -61.45 -66.23 -71.36 -71.78 -64.71 -60.76 -76.35 -80.34 -72.99 -76.12 -75.12 -65.39 -76.49 -71.37 -68.51 -61.73 -57.52 -54.23 -53.92 -53.36 -53.35 -54.14 -53.36 -53.25 -52.98 -55.25 -56.89 -58.56 -59.51 -61.38 -62.93 -64.83 -65.81 -67.23 -66.69 -66.15 -67.49 -68.56 -70.24 -73.11 -74.05 -74.43 -76.12 -74.84 -73.41 -73.69 -73.66 -74.46 -75.1 -75.87 -76.92 -76.83 -76.37
-43.22 -39.65 -39.12 -39.81 -40.24 -40.61 -41.28 -42.21 -43.07 -44.34 -45.91 -48.34 -50.04 -51.05 -52.82 -54.38 -54.45 -55.13 -55.94 -57.21 -57.74 -57.21 -57.89 -58.93 -62.08 -62.15 -64.41 -66.89 -63.58 -68.59 -71.53 -64.06 -71.38 -77.85 -80.86 -79.98 -71.57 -66.79 -65.87 -58.88 -56.48 -55.13 -53.88 -53.48 -53.2 -54.01 -53.55 -54.44 -56.78 -58.07 -59.23 -61.05 -62.56 -64.09 -65.29 -65.81 -66.16 -66.55 -66.42 -66.73 -67.66 -69.28 -69.74 -69.63 -69.49 -68.91 -69.4 -70.52 -71.88 -73.16 -73.68 -74.27 -74.81 -75.31 -75.51 -75.71
-42.26 -37.97 -38.99 -40.72 -43.89 -44.84 -44.31 -44.72 -44.91 -46.5 -46.05 -47.35 -48.7 -50.59 -51.33 -52.29 -53 -53.49 -54.12 -54.51 -55.82 -56.53 -56.81 -59.57 -60.2 -59.66 -60.36 -64.23 -69.79 -67.86 -65.93 -63.05 -61.24 -68.56 -85.31 -77.18 -69.38 -65.15 -62.79 -60.01 -57.44 -55.08 -55.3 -54.9 -53.85 -53.43 -53.46 -54.43 -57.88 -59.61 -60.63 -61.92 -62.85 -64.4 -65.81 -66.31 -66.6 -66.45 -66.8 -67.2 -66.78 -66.55 -67.23 -68.39 -67.86 -67.19 -68.37 -69.32 -70.22 -71.35 -72.43 -73.56 -74.57 -75.1 -75.56 -76.18
-40.48 -42.15 -43.73 -45.86 -47.67 -49.61 -48.19 -48.32 -48.3 -50.24 -50.57 -47.97 -47.87 -49.14 -53.53 -55.36 -54.48 -54.16 -54.11 -54.37 -55.34 -56.86 -55.32 -58.31 -60.16 -60.16 -59.8 -59.97 -65.46 -61.55 -57.58 -55.73 -58.99 -67.51 -70.52 -67.79 -66.6 -65.13 -65.6 -62.98 -58.48 -56.32 -54.54 -54.49 -54.45 -55.22 -55.92 -55.62 -56.43 -58.29 -60.17 -62.19 -63.63 -64.84 -65.61 -66.45 -67.33 -67.99 -68.22 -68.91 -68.66 -68.53 -69.74 -69.16 -68.41 -68.43 -70.95 -72.7 -74.54 -75.51 -74.52 -74.29 -76.43 -77.85 -78.42 -78.7
-43.55 -43.17 -43.86 -43.49 -43.93 -47.37 -48.15 -48.65 -52.16 -55.04 -53.49 -51.95 -50.95 -50.95 -52.07 -58.71 -60.5 -58.96 -57.07 -56.77 -57.98 -59.96 -58.03 -56.91 -60.03 -60.88 -60.09 -56.57 -58.28 -59.76 -55.57 -54.93 -57.52 -54.86 -61.2 -65.86 -67.42 -68.48 -66.28 -63.04 -61.32 -59.54 -57.86 -59.95 -59.3 -56.58 -55.86 -56.26 -57.45 -59.06 -60.26 -62.74 -64.31 -65.37 -67.21 -68.39 -69.76 -71.56 -70.96 -71.94 -72.25 -71.74 -71.07 -72.85 -72.51 -71.46 -73.88 -73.01 -74.54 -75.38 -75.7 -76.66 -78.39 -80.28 -81.06 -80.57
-46.28 -45.21 -46.31 -44.11 -45.63 -49.91 -49.42 -49.16 -49.98 -53.14 -55.21 -56.86 -55.92 -56.28 -56.43 -57.07 -60.73 -63.56 -63.49 -63.35 -63.15 -65.14 -62.65 -60.9 -61.81 -60.52 -62.8 -58.14 -57.47 -61.73 -56.75 -52.33 -52.81 -51.22 -52.48 -60.52 -65.95 -66.09 -68.26 -64.84 -63.25 -62.17 -63.59 -61.02 -58.1 -56.19 -55.56 -57.14 -59.18 -61.28 -63.01 -64.25 -66.31 -68.05 -71.69 -77.1 -76.64 -79.69 -77.75 -82.13 -82.21 -82.21 -76.55 -75.16 -78.04 -81.76 -81.11 -79.26 -83.11 -81.23 -79.54 -81.63 -83.49 -83.98 -83.7 -81.46
-45.89 -46.7 -49.32 -47.72 -51.18 -51.34 -49.07 -51.2 -51.12 -50.9 -52.66 -54.18 -57.1 -57.33 -59.31 -60.21 -60.87 -62.16 -63.98 -66.71 -67.69 -67.69 -64.85 -64.91 -65.74 -59.95 -62.19 -60.48 -58.3 -57.56 -57.88 -56.13 -52.47 -51.01 -50.68 -52.36 -61.86 -64.45 -65.18 -65.82 -64.37 -62.29 -59.33 -55.86 -55.06 -55.36 -57.36 -59.53 -61.68 -63.56 -65.9 -66.07 -68.95 -75.51 -78.25 -83.67 -85.29 -75.77 -74.27 -77.07 -80.97 -82.55 -81.69 -80.12 -79.58 -82.71 -82.07 -81.98 -82.48 -84.69 -88.02 -87.89 -85.23 -87.79 -87.44 -83.6
-51.29 -48.36 -50.59 -54.28 -55.13 -51.17 -51.41 -56.18 -54.62 -54.49 -53.67 -57.13 -56.35 -56.15 -56.25 -57.04 -59.13 -62.28 -64.22 -64.92 -68.61 -67.77 -65.1 -65.44 -65.67 -61.61 -60.24 -60.77 -57.34 -60.72 -62.16 -59.14 -54.31 -51.05 -51.01 -50.41 -54.72 -61.22 -66.87 -65.62 -61.97 -59.84 -55.97 -55.65 -57.26 -58.77 -61.37 -65.97 -64.6 -70.26 -75.95 -79.42 -72.58 -78.36 -81.87 -85.2 -89.41 -79.41 -81.61 -82.75 -83.13 -91.71 -90.55 -92.69 -87.22 -82.42 -81.17 -84.25 -85.12 -86.65 -91.15 -91.66 -90.33 -88.99 -85.68 -83.97
-54.97 -57.47 -55.43 -55.62 -54.42 -52.31 -56.68 -57.85 -57.27 -55.1 -54.01 -56.41 -58.63 -59.2 -58.36 -57.85 -58.11 -60.2 -61.78 -61.84 -62.86 -63.27 -62.96 -62.55 -61.27 -63.99 -58.73 -56.84 -59.24 -66.46 -63.58 -57.1 -53.57 -51.71 -50.91 -50.21 -52.12 -54.17 -55.05 -55.05 -55.97 -55.75 -56.29 -58.68 -62.31 -67.1 -67.79 -73.58 -73.5 -80.57 -82.69 -84.45 -81.33 -76.31 -79.1 -83.65 -82.54 -83.01 -90.58 -96.26 -91.78 -88.84 -92.58 -87.52 -86.81 -88.28 -86.73 -87.4 -91.43 -95.96 -95.46 -92.23 -87.66 -86.69 -85.31 -83.92
-53.8 -53.71 -54.62 -52.88 -52.09 -54.19 -58.8 -57.74 -56.75 -57.6 -56.49 -58.32 -60.09 -61.38 -60.31 -57.68 -58.61 -61.15 -62.1 -60.65 -61.44 -60.39 -59.47 -60.49 -59.26 -63.16 -57.37 -55.26 -62.7 -65.47 -65.27 -59.59 -54.3 -50.83 -50.19 -50.03 -50.3 -51.29 -52.85 -54.62 -56.25 -59.23 -61.06 -60.11 -63.2 -65.78 -71.07 -77.4 -79.84 -77.74 -79.24 -79.19 -76.41 -76.79 -80.82 -87.2 -87.23 -88.28 -90.61 -89.63 -89.66 -87.83 -85.69 -84.54 -85.22 -86.3 -86.15 -86.26 -86.75 -87.19 -87.71 -89.3 -90.83 -88.99 -94.15 -94.87
-53.23 -51.46 -52.03 -52.41 -50.05 -51.76 -56.42 -58.98 -60.74 -60.2 -58.76 -60.93 -61.24 -59.96 -59.91 -59.13 -57.92 -60.52 -59.96 -58.62 -58.63 -60.88 -60.16 -56.81 -55.13 -54.42 -55.93 -56.98 -59.84 -62.24 -62.27 -60.01 -55.37 -51.49 -50.84 -49.87 -49.75 -50.75 -53.3 -55.96 -63.24 -67.99 -65.55 -63.05 -68.01 -72.84 -74.25 -76.12 -80.69 -81.98 -79.33 -78.64 -81.71 -79.13 -78.3 -84.94 -87.08 -89.79 -92.02 -89.89 -87.73 -89.34 -86.13 -85.61 -87.81 -89.57 -89.71 -91.49 -91.1 -91.88 -92.72 -90.05 -88.46 -90.16 -93.3 -92.53
-52.11 -51.1 -52.26 -52.84 -51.15 -52.33 -54.42 -57.94 -58.48 -58.61 -59.6 -61.72 -61.74 -59.73 -61.67 -61.48 -59.62 -57.14 -59.31 -57.8 -56.81 -57.04 -58.74 -58.22 -56.42 -51.7 -53.38 -56 -57.09 -60.15 -58.81 -54 -52.06 -52.24 -52.2 -53.58 -50.86 -50.41 -51.8 -54.72 -57.43 -59.81 -63.19 -65.98 -66.5 -70.48 -74.66 -78.39 -80.49 -78.34 -74.39 -73.26 -74.85 -74.52 -81.01 -83.49 -85.29 -89.29 -91.88 -92.81 -87.5 -86.5 -88.59 -91.4 -96.35 -96.04 -96.5 -96.56 -98.04 -97.18 -99.51 -97.19 -95.45 -93.03 -91.03 -89.94
-53.44 -52.15 -53.66 -51.45 -51.21 -52.2 -53.03 -55.93 -54.62 -56.58 -59.18 -61.4 -61.35 -57.97 -60.5 -61.85 -61.61 -57.19 -55.94 -55.73 -55.35 -54.68 -55.67 -56.72 -53.7 -53.74 -50.92 -49.82 -53.05 -53.69 -52.62 -52.19 -53.07 -55.66 -55.52 -54.94 -56.44 -54.17 -51.67 -55.25 -58.23 -59.76 -62.49 -66.77 -68.15 -70.97 -69.88 -71.2 -69.26 -68.92 -68.19 -72.86 -72.05 -72.79 -75.92 -88.05 -96.1 -91.75 -84.44 -82.7 -86.89 -90.1 -92.62 -98.18 -108.52 -108.29 -108.62 -106.77 -112.28 -110.35 -112.38 -99.58 -92.33 -89.5 -92.14 -97.9
-53.17 -53.32 -55.6 -52.46 -51.48 -51.77 -52.98 -54.83 -55.21 -57.56 -60.28 -60.3 -57.9 -55.75 -57.82 -58.32 -58.93 -56.67 -54.95 -56.04 -54.25 -53.22 -51.89 -50.94 -49.82 -51.52 -50.55 -48.07 -48.82 -49.67 -50.57 -52.42 -53.57 -53.23 -57.1 -58.57 -54.15 -51.08 -51.82 -54.91 -57.25 -60.23 -62.59 -62.8 -66.12 -72.71 -70.41 -65.1 -65.52 -66.25 -73.73 -75.59 -76.13 -88.67 -85.95 -79.72 -79.41 -84.72 -85.9 -86.92 -88.57 -85.4 -84.34 -86.51 -91.13 -93.96 -94.25 -96.19 -101.48 -101.32 -96.92 -92.95 -90.93 -90.48 -93.78 -97.39
-51.4 -51.67 -54.97 -55.02 -53.19 -52.55 -52.81 -54.49 -57.34 -60.25 -61.89 -60.47 -56.42 -56.07 -55.53 -56 -55.98 -53.98 -52.69 -53.18 -52.41 -50.89 -49.74 -48.62 -49.84 -47.16 -46.8 -47.18 -47.54 -49.76 -50.9 -50.14 -50.8 -51.19 -52.25 -52.97 -49.86 -50.15 -53.53 -53.59 -55.08 -58.08 -63.73 -66.41 -66.36 -66.52 -61.76 -62.2 -68.01 -70.66 -74.18 -78.55 -87.1 -88 -78.64 -76.93 -85.77 -91.95 -96.22 -88.17 -88.77 -89 -89.53 -92.14 -90.09 -89.12 -91.02 -93.33 -94.35 -94.25 -93.7 -91.36 -90.18 -90.03 -89.56 -88.36
-54.74 -52.25 -54.92 -56.19 -54.88 -53.74 -53.78 -54.64 -58.03 -59.8 -60.17 -56.79 -56.05 -55.21 -55.09 -53.89 -53.64 -52.89 -52.01 -50.83 -48.62 -48 -46.08 -46.46 -45.47 -44.95 -44.89 -45.55 -47.4 -49.53 -48.74 -48.11 -48.43 -48.29 -48.84 -48.9 -49.01 -51.14 -53.94 -56.67 -59.48 -66.24 -67.26 -63.67 -60.6 -57.61 -63.14 -69.95 -75.91 -79.9 -81.49 -82.54 -82.87 -79.48 -76.53 -84.27 -90.5 -96.94 -95.1 -90.45 -98.46 -101.96 -107.21 -106.28 -102.6 -96.31 -99.85 -99.34 -100.11 -97.8 -98.27 -93.63 -91.05 -87.54 -83.95 -82.29
-58.36 -56.84 -56.1 -55.47 -55.2 -55.59 -54.93 -55.52 -57.84 -59.35 -58.63 -55.74 -57.79 -54.97 -54.88 -53.18 -53.3 -53.37 -51.52 -50.39 -47.36 -45.74 -44.16 -44.35 -44.43 -44.04 -44.18 -46.01 -46.05 -45.32 -46.09 -47.7 -47.04 -47.32 -47.49 -49.57 -52.78 -56.15 -58.89 -65.81 -66.53 -61.04 -61.89 -56.2 -56.34 -64.79 -65.37 -71.17 -74.7 -74.73 -81.1 -70.37 -77.41 -77.01 -78.76 -88.14 -95.3 -92.7 -93.81 -94.51 -97.09 -90.46 -90.31 -91.94 -94 -92.22 -91.81 -92.12 -95.52 -101.33 -98.29 -96.01 -93.3 -94.71 -91.41 -86.23
-64.49 -62.46 -60.31 -61.56 -58.81 -58.08 -57.67 -56.23 -58.05 -58.28 -58.46 -56.57 -59.94 -57.17 -56.46 -55.85 -54.76 -53.27 -52 -47.74 -44.73 -43.53 -42.51 -42.37 -42.57 -42.47 -43.95 -45.28 -45.6 -44.49 -44.23 -45.02 -45.43 -46.42 -49.2 -52.11 -57.57 -58.12 -59.39 -59.69 -57.36 -56.03 -53.22 -59.47 -69.2 -61.41 -58.38 -63.05 -67.79 -73.38 -68.41 -66.04 -72.58 -79.8 -83.03 -92.26 -88.79 -84.14 -82.89 -82.1 -83.02 -88.32 -86.34 -83.99 -85.29 -89.18 -96.28 -95.61 -92.79 -92.07 -97.69 -88.7 -83.88 -87.55 -92 -91.5
-65.7 -64.6 -63.36 -66.51 -70.23 -68.32 -62.12 -61.26 -62.04 -60.73 -60.07 -59.37 -59.16 -58.73 -54.79 -52.66 -52.53 -51.3 -46.57 -44.3 -43.66 -43.53 -41.83 -41.15 -41.32 -42.34 -46.04 -45.93 -45.04 -44.45 -43.84 -44.24 -45.01 -47.13 -49.49 -50.01 -50.2 -53.92 -57.08 -57.43 -54.97 -52.73 -52.6 -63.99 -68.92 -59.86 -57.33 -58.33 -62.44 -65.03 -63.36 -71.78 -82.09 -79.91 -82.59 -87.3 -88.66 -78.7 -79.77 -82.11 -87.45 -93.62 -90.71 -89.68 -88.71 -91.73 -87.7 -86.87 -85.21 -80.34 -85.22 -82.37 -79.28 -80.45 -80.76 -88.1
-64.74 -66.32 -66.99 -73.35 -75.44 -73.15 -68.08 -65.66 -63.64 -62.03 -60.63 -59.26 -58.62 -55.5 -55.66 -50.88 -48.08 -50.67 -46.25 -44.72 -44.02 -42.86 -43.07 -44.07 -44.73 -45.22 -44.61 -43.9 -43.31 -44.17 -43.45 -43.49 -44.65 -46.39 -47.82 -49.16 -49.29 -52.78 -56.58 -55.52 -52.27 -50.19 -53.04 -62.54 -59.64 -56.04 -55.8 -56.05 -60 -61.15 -70.02 -85.86 -80.27 -69.75 -71.65 -76.28 -79.88 -74.81 -76.26 -78.96 -82.63 -90.2 -87.7 -90.44 -90.45 -83.76 -80.72 -80.68 -82.07 -77.33 -73.91 -74.93 -75.47 -79.45 -76.96 -75.64
-68.48 -66.29 -67.63 -74.61 -74.59 -76.09 -74.46 -70.21 -67.89 -65.45 -66.99 -64.19 -62.85 -59.45 -59.15 -52.73 -48.5 -50.49 -46.19 -44.36 -44.11 -43.7 -44.28 -43.56 -44.74 -43.21 -42.38 -43.01 -44.68 -43.5 -43.1 -42.76 -44.18 -46.37 -47.72 -49.06 -55.49 -52.65 -52.41 -50.8 -49.84 -49.29 -55.26 -53.96 -54.02 -53.58 -55.28 -61.17 -63.01 -68.72 -73.44 -74 -70.93 -66.96 -74.32 -78.7 -74.8 -76.27 -78.87 -77.4 -77.91 -77.23 -82.67 -84.5 -79.42 -80.92 -77.02 -75.6 -74.9 -73.75 -70.21 -69.26 -70.29 -74.75 -77.34 -72.59
-70.32 -64.56 -62.79 -67.66 -69.74 -71.47 -73.42 -73.8 -70.73 -73.19 -71.38 -69.24 -64.88 -59.54 -54.44 -47.88 -43.68 -44.19 -43.25 -42.82 -43.07 -41.52 -39.78 -41.14 -41.9 -42.82 -41.65 -41.22 -42.66 -42.43 -41.42 -42.31 -43.9 -46.41 -50.47 -57.25 -55.18 -49.17 -49.19 -48.87 -48.66 -49.44 -53.19 -51.97 -53.05 -52.33 -60.7 -63.31 -61.36 -62.71 -72.55 -70.19 -66.22 -74.14 -79.67 -77.19 -78.38 -73.69 -81.19 -85.54 -81.42 -81.15 -72.09 -72.72 -69.14 -68.61 -69.95 -69.13 -72.19 -68.25 -68.69 -66.51 -67.26 -71.06 -70.4 -68.14
-59.63 -55.37 -57.5 -60.76 -64.54 -65.93 -68.87 -72.75 -76.16 -75.16 -72.3 -65.96 -61.6 -55.53 -52.78 -47.48 -44.49 -42.39 -41.07 -40.26 -39.21 -38.81 -38.37 -39.09 -37.71 -39.34 -39.02 -39.89 -40.3 -40.67 -40.93 -41.89 -44.09 -48.71 -58.34 -55.54 -48.87 -48.49 -47.66 -47.76 -47.54 -49.89 -51.42 -51.65 -51.09 -55.62 -55.77 -54.33 -54.93 -59.99 -62.83 -64.9 -69.08 -69.2 -73.23 -70.81 -69.44 -72.49 -77.97 -77.66 -74.62 -75.22 -71.4 -64.88 -64.19 -64.87 -65.43 -67.16 -65.44 -65.87 -64.71 -64.35 -65.6 -68.02 -66.46 -65.39
-50.52 -51.24 -52.27 -53.84 -58.54 -59.01 -62.54 -63.93 -66.94 -68.09 -62.04 -58.3 -55.47 -56.37 -56.52 -48.78 -45.34 -44.51 -42.84 -41.7 -40.66 -42.55 -46.03 -43.8 -37.35 -36.33 -37.22 -38.51 -39.47 -40.42 -41.24 -42.17 -44.86 -55.68 -52.84 -45.79 -46.8 -46.27 -46.56 -46.76 -47.04 -48.15 -49.46 -50.78 -52 -50.59 -52.66 -52.27 -53.11 -55.61 -54.82 -56.89 -57.97 -62.17 -65.54 -62.63 -63.2 -67.28 -72.54 -71.19 -66.5 -64.63 -64.09 -62.27 -62.45 -63.08 -65.67 -65.71 -64.53 -63.42 -63.2 -63.09 -62.83 -64.76 -64.41 -62.16
-51.06 -49.93 -50.38 -50.13 -50.15 -50.82 -54.42 -56.55 -56.31 -54.44 -50.4 -51.27 -50.35 -50.1 -49.08 -48.44 -47.52 -46.8 -46.25 -46.46 -47.99 -47.99 -45.51 -41.3 -37.52 -36.99 -37.36 -38.09 -39.12 -40.05 -41.1 -42.51 -46.6 -49.34 -44.29 -44.52 -45.15 -45.02 -45.98 -46 -46.23 -46.95 -47.61 -48.69 -49.31 -49.74 -49.84 -50.75 -52.2 -52.53 -51.61 -52.58 -54.32 -55.58 -54.91 -56.86 -62.64 -66.58 -66.27 -62.17 -60.2 -60.17 -60.8 -60.81 -62.93 -65.73 -68.49 -65.66 -64.52 -65.28 -64.61 -63.49 -66.07 -66.25 -65.82 -64.28
-54.45 -52.75 -54.74 -55.56 -55.26 -54.6 -53.88 -52.65 -52.52 -52.5 -52.5 -51.34 -52.34 -52.46 -52.75 -53.11 -57.06 -55.13 -55.67 -55.75 -54.6 -51.85 -49.2 -41.16 -38.28 -38.25 -39.08 -39.01 -40.68 -41.25 -41.92 -44.76 -43.78 -43.61 -44 -44.6 -45 -45.01 -45.71 -46 -46 -46.05 -46.5 -47.14 -47.6 -48.31 -48.39 -49.39 -51.37 -51.57 -50.27 -49.74 -50.64 -51.54 -51.08 -52.51 -57.11 -55.78 -54.95 -54.99 -55.55 -56.23 -56.76 -59.25 -60.27 -63.77 -68.18 -65.39 -63.24 -66.86 -66.19 -65.92 -67.27 -73.45 -76.47 -69.78
-57.31 -58.94 -61.73 -59.11 -58.18 -59.05 -61.5 -62.28 -60.59 -59.31 -59.5 -63.71 -62.97 -61.8 -64 -59.94 -62.91 -61.33 -62.68 -59.94 -55.33 -53.83 -48.97 -42.98 -39.19 -39.49 -40.08 -40.31 -40.76 -41.74 -42.05 -43.16 -42.82 -43.5 -44.1 -44.92 -45 -45 -45.04 -45.56 -45.91 -46.12 -46.41 -46.67 -46.93 -47.39 -47.53 -48.21 -50.38 -50.3 -48.5 -47.81 -48.07 -48.28 -49.85 -54.2 -53.17 -50.5 -51.06 -53.45 -54.17 -56.35 -56.55 -60.33 -60.29 -60.33 -60.58 -61.73 -62.29 -60.03 -62.69 -64.72 -70.04 -74.33 -73.72 -72.85
-64.58 -68.82 -71.36 -69.97 -70.72 -66.38 -67.58 -70.43 -70.25 -69.75 -69.64 -73.69 -72.53 -72.38 -68.97 -71.17 -72.7 -71.83 -70.56 -65.06 -58.08 -51.68 -46.89 -42.9 -41.35 -41.08 -41.43 -46.37 -44.45 -41.18 -42.18 -43.24 -43.54 -43.59 -44.27 -45 -45.08 -45.05 -45 -45.04 -45.04 -45.21 -45.34 -45.44 -45.91 -46.23 -46.66 -46.82 -47.22 -49.45 -47.51 -46.01 -46.13 -46.04 -57.73 -66.56 -55.46 -50.31 -50.25 -52.09 -54.21 -55.7 -59.86 -59.91 -56.83 -60.78 -66.94 -65.81 -60.16 -58.67 -60.16 -61.83 -61.57 -65.16 -63.73 -61.77
-77.46 -73.14 -73.18 -75.48 -71.51 -75.3 -76.66 -77.76 -77.11 -83.07 -84.16 -79.86 -83.91 -80.5 -75.11 -71.63 -73.25 -73.24 -67.02 -63.92 -65.54 -55.83 -48.46 -45.25 -43.74 -45.72 -45.3 -42.31 -40 -40.59 -41.36 -42.16 -43.09 -43.42 -44.26 -45 -45.01 -45.05 -45.04 -45 -45 -45 -45 -45.04 -45.24 -45.42 -45.56 -46.83 -46.83 -45.54 -45.17 -44.66 -44.75 -46.2 -50.34 -50.71 -47.59 -50.17 -51.04 -53.03 -51.29 -54.72 -53.33 -52.31 -55.09 -65.63 -67.93 -68.7 -69.44 -62.9 -57.14 -57.63 -57.91 -58.1 -57.68 -57.06
-90.59 -84.8 -84.54 -78.78 -84.15 -80.76 -82.07 -80.8 -90.01 -88.48 -91.08 -83.5 -83.48 -86.76 -85.21 -88.38 -78.2 -85.48 -78.63 -68.86 -61.76 -51.03 -48.37 -49.34 -45.82 -43.69 -42.56 -42.26 -40.44 -40.91 -41.32 -41.96 -42.52 -43.21 -44 -44.58 -44.94 -45 -45 -45 -45 -45 -44.81 -44.86 -44.61 -44.43 -44.17 -44.32 -43.64 -42.7 -42.35 -41.51 -40.56 -43.88 -44.11 -44.32 -44.43 -41.5 -44.08 -48.58 -48.45 -50.21 -50 -49.77 -51.73 -53.76 -53.37 -55.71 -54.9 -53.88 -54.46 -54.66 -54.87 -54.87 -54.82 -54.73
-83.54 -92.21 -87.18 -77.13 -78.65 -83.38 -86.88 -86.54 -83.35 -92.35 -87.24 -86.73 -90.76 -87.96 -90.79 -91.26 -94.77 -79.33 -76.31 -65.94 -58.61 -55.24 -55.05 -59.68 -54.12 -50.93 -47.68 -44.16 -41.05 -41.36 -41.92 -42.5 -42.51 -43.04 -43.72 -44 -44.09 -44.29 -44.27 -44.25 -44.65 -44.89 -44.85 -44.72 -44.6 -44.24 -43.56 -43.03 -46.36 -49.79 -48.6 -42.4 -42.04 -42.53 -52.91 -51.25 -46.36 -38.23 -40.73 -44.55 -46 -48.54 -47.84 -47.44 -48.94 -49.94 -50.2 -50.25 -51.13 -51.53 -52.28 -53.02 -53.29 -53.41 -53.4 -53.77
-90.75 -89.7 -88.61 -90.25 -87.73 -81.07 -93.02 -95.73 -98.13 -97.88 -101.65 -94.65 -92.99 -90.07 -85.74 -83.78 -82.5 -87 -83.03 -75.6 -69.55 -63.04 -67.24 -63.52 -57.08 -53.85 -50.47 -44.9 -43.4 -42.47 -42.66 -42.54 -42.56 -43 -43.37 -44 -44 -44.02 -44.02 -44.73 -44.51 -44.73 -44.7 -44.44 -43.91 -43.66 -43.98 -43.57 -43.86 -49.33 -44.37 -42.68 -41.78 -41.77 -44.65 -39.44 -35.95 -35.64 -40.73 -44.76 -46.08 -46.57 -46.02 -46.12 -46.45 -47.75 -48.35 -48.77 -49.22 -50.11 -50.96 -51.45 -51.72 -51.99 -52.72 -52.57
-91.34 -88.28 -96.79 -98.95 -101.47 -94.07 -90.99 -99.65 -94.73 -91.41 -86.18 -86.51 -85.98 -83.06 -80.04 -82.63 -89.53 -89.01 -93.63 -92.32 -77.7 -68.27 -66.52 -62.23 -56.65 -50.59 -48.43 -48.48 -47.15 -44.94 -44.11 -43.31 -43.05 -43.03 -43.21 -44 -44 -43.87 -44.19 -45.44 -47.66 -45.56 -44.32 -44.71 -44.44 -44.78 -44.76 -43.57 -43.42 -46.2 -43.67 -41.57 -39.39 -37.87 -44.83 -42.96 -34.32 -34.15 -38.8 -42.79 -45.06 -46.19 -45.47 -45.25 -45.93 -46.26 -46.98 -47.97 -48.48 -49.12 -49.6 -49.98 -50.5 -51.33 -51.1 -51.75
