taller 1/variables/bioclim9.asc
ncols         720
nrows         300
xllcorner     -30.008325510658
yllcorner     30.991671412252
cellsize      0.083333337679505
NODATA_value  -9999
[rows 231 to 263 of 300, columns 450 to 524 of 720]
247.96 246.46 244.36 243.84 243.13 244.74 239.98 246.34 245.44 243.12 245.65 243.64 246.42 242.63 245.28 245.24 245.11 251.45 259.39 256.8 260.99 257.98 257.33 255.91 251.45 256.53 256.41 253.43 252.66 251.72 250.54 251.05 252.68 251.92 248.1529 250.7674 250.3 248.9 245.75 249.96 252.36 253.8254 -9999 -9999 -9999 -9999 -9999 -9999 -9999 -9999 -9999 -9999 -9999 -9999 239 -9999 -9999 -9999 -9999 -9999 -9999 -9999 -9999 -9999 -9999 -9999 -9999 -9999 -9999 -9999 -9999 -9999 -9999 -9999 -9999
245.28 247.04 245.56 245.09 240.13 241.41 241.66 243.36 244.05 241.02 231.06 233.22 239.91 247.7 255.05 255.05 261.55 264.43 264.74 264.81 262.92 260.48 261.51 259.88 260.4 258.48 256.95 255.1 252.25 252.54 253.77 253.33 252.19 251.51 246.22 247.58 248.86 247.61 246.47 249.44 251.9425 253.5 -9999 -9999 -9999 -9999 -9999 -9999 -9999 -9999 -9999 -9999 -9999 -9999 -9999 -9999 -9999 -9999 -9999 -9999 -9999 -9999 -9999 -9999 -9999 -9999 -9999 -9999 -9999 -9999 -9999 -9999 -9999 -9999 -9999
234.92 237.5 247.59 241.66 227 225.67 236.55 241 234.05 220.79 235.55 248.86 251.54 256.29 259.42 264.01 265.71 266.71 265.97 259.78 251.6 256.21 260.86 262.54 257.2 256.65 258.05 256.03 253.42 254.33 254.88 252.51 248.05 247.93 244.46 244.14 247.11 246.29 245.55 248.19 250.9211 -9999 -9999 -9999 -9999 -9999 -9999 -9999 -9999 -9999 -9999 -9999 -9999 -9999 -9999 -9999 -9999 -9999 -9999 -9999 -9999 -9999 -9999 -9999 -9999 -9999 -9999 -9999 -9999 -9999 -9999 -9999 -9999 -9999 -9999
254.18 251.87 249.58 247.1 237.52 228.75 231.38 232.13 228.81 234.13 250.57 255.92 259.89 261.7 263.82 266.17 265.55 264.81 256.55 246.72 247.89 255.98 252.44 259.95 253.84 254.4 257.22 256.48 255.27 256.51 256.58 255.38 253.77 249.61 246.98 247.65 248.14 246.33 248.4935 249.5208 250.5 -9999 -9999 -9999 -9999 -9999 -9999 -9999 -9999 -9999 -9999 -9999 -9999 -9999 -9999 -9999 -9999 -9999 -9999 -9999 -9999 -9999 -9999 -9999 -9999 -9999 -9999 -9999 -9999 -9999 -9999 -9999 -9999 -9999 -9999
244.54 242.6 237.58 234.15 218.81 215.87 212.79 221.28 230.8 234.45 233.27 240.42 250.7 254.05 261.3 262.23 259.5 264 259.97 247.14 252.84 250.82 254.84 260.31 258.31 256.68 257.22 257.54 257.49 256.08 253.76 245.61 254.07 253.85 251.6 250.12 250.1515 249.1429 -9999 -9999 -9999 -9999 -9999 -9999 -9999 -9999 -9999 -9999 -9999 -9999 -9999 -9999 -9999 -9999 -9999 -9999 -9999 -9999 -9999 -9999 -9999 -9999 -9999 -9999 -9999 -9999 -9999 -9999 -9999 -9999 -9999 -9999 -9999 -9999 -9999
216.28 221.6 221.43 221.3 218.21 228.17 231.33 229.11 231.6 232.1 229.51 234.29 246.41 260.68 260.48 254.53 254.94 261.24 259.73 254.87 254.61 257.33 256.88 253.99 254.09 251.74 249.99 253.82 254.81 253.45 250.61 251.73 249.78 252.24 251.45 251.3232 251 -9999 -9999 -9999 -9999 -9999 -9999 -9999 -9999 -9999 -9999 -9999 -9999 -9999 -9999 -9999 -9999 -9999 -9999 -9999 -9999 -9999 -9999 -9999 -9999 -9999 -9999 -9999 -9999 -9999 -9999 -9999 -9999 -9999 -9999 -9999 -9999 -9999 -9999
209.39 215.15 218.45 217.66 222.23 223.87 223.95 228.21 226.58 233.27 238.53 245.08 255.09 260.69 253.33 247.38 255.37 257.73 259.63 259.14 253.96 256.69 253.95 249.06 245.46 246.17 248.45 248.95 247.97 247.13 254.39 254.68 253.97 250.9 250.73 250.9524 -9999 -9999 -9999 -9999 -9999 -9999 -9999 -9999 -9999 -9999 -9999 -9999 -9999 -9999 -9999 -9999 -9999 -9999 -9999 -9999 -9999 -9999 -9999 -9999 -9999 -9999 -9999 -9999 -9999 -9999 -9999 -9999 -9999 -9999 -9999 -9999 -9999 -9999 -9999
226.81 223.03 222 219.54 222.84 222.8 225.05 235.47 239.06 244.56 251.47 257.46 259.07 257.78 256.92 253.67 254.43 255.64 253.35 254.75 248.92 249.74 254.94 245.93 243.28 245.6 246.83 249.52 253.57 254.99 257.21 256.93 253.86 253.55 252.07 250.369 -9999 -9999 -9999 -9999 -9999 -9999 -9999 -9999 -9999 -9999 -9999 -9999 -9999 -9999 -9999 -9999 -9999 -9999 -9999 -9999 -9999 -9999 -9999 -9999 -9999 -9999 -9999 -9999 -9999 -9999 -9999 -9999 -9999 -9999 -9999 -9999 -9999 -9999 -9999
224.62 220.86 221.24 226.76 227.37 229.59 237.1 243.01 247.25 246.21 253.55 258.63 255.37 256.04 253.72 253.66 253.29 252.71 256.63 253.14 243.88 246.47 252.04 250.76 243.15 236.64 253.13 255.92 256.93 257.9 258.5 257.9 256.01 254.24 252.07 249.48 247.32 -9999 -9999 -9999 -9999 -9999 -9999 -9999 -9999 -9999 -9999 -9999 -9999 -9999 -9999 -9999 -9999 -9999 -9999 -9999 -9999 -9999 -9999 -9999 -9999 -9999 -9999 -9999 -9999 -9999 -9999 -9999 -9999 -9999 -9999 -9999 -9999 -9999 -9999
226.8 222.62 229.33 233.17 234.53 238.83 242.65 243.05 251.57 255.53 257.8 258.31 253.61 249.2 251.98 252.82 253.97 249.36 247.07 246.24 241.17 237.92 241.9 246.29 238.93 248.49 255.22 251.75 257.73 260.06 259.98 258.64 256.96 254.39 252.09 248.62 245.6049 245.3333 -9999 -9999 -9999 -9999 -9999 -9999 -9999 -9999 -9999 -9999 -9999 -9999 -9999 -9999 -9999 -9999 -9999 -9999 -9999 -9999 -9999 -9999 -9999 -9999 -9999 -9999 -9999 -9999 -9999 -9999 -9999 -9999 -9999 -9999 -9999 -9999 -9999
221.39 225.14 229.66 232.35 235.38 237.57 243.71 249.02 250.3 254.89 256.42 255.3 255.01 249.84 249.12 246.59 243.64 241.85 235.91 230.23 237.43 241.41 236.36 237.76 247.47 252.32 251.87 253.87 260.8 261.55 261.38 259.87 258.18 256.28 252.37 248.2 246.24 246.1452 -9999 -9999 -9999 -9999 -9999 -9999 -9999 -9999 -9999 -9999 -9999 -9999 -9999 -9999 -9999 -9999 -9999 -9999 -9999 -9999 -9999 -9999 -9999 -9999 -9999 -9999 242.125 -9999 -9999 -9999 -9999 -9999 -9999 -9999 -9999 -9999 -9999
211.44 224.11 230.3 233.99 238.41 237.47 241.02 247.15 249.68 252.12 250.13 248.21 256.01 257.1 252.34 241.74 243.17 244.06 245.65 235.23 236.84 241.62 241.28 243.92 251.25 251.9 248.51 258.8 262.87 263.33 262.76 261.92 260.38 257.78 253.42 250.71 248.7 247.49 246.3115 244.84 244.7778 -9999 246 -9999 -9999 -9999 -9999 -9999 -9999 -9999 -9999 -9999 -9999 -9999 -9999 -9999 -9999 -9999 -9999 -9999 -9999 -9999 -9999 -9999 -9999 -9999 -9999 -9999 -9999 -9999 -9999 -9999 -9999 -9999 -9999
218.1 225.88 233.27 235.6 237.31 242.89 237.17 240.29 247.39 246.62 243.49 248.06 255.3 257.53 253.4 249.96 246.04 249.34 251.87 243.88 238.19 241.68 247.59 251.34 253.68 257.67 251.69 257.53 261.99 263.19 262.95 263.97 262.15 258.47 255.76 253.1 251.03 248.59 246.09 245.19 246.2326 247.7273 -9999 -9999 -9999 -9999 -9999 -9999 -9999 -9999 -9999 -9999 -9999 -9999 -9999 -9999 -9999 -9999 -9999 -9999 -9999 -9999 -9999 -9999 -9999 -9999 -9999 -9999 -9999 -9999 -9999 -9999 -9999 -9999 -9999
220.07 227.38 232.54 230.99 231.96 242.86 246.4 232.58 241.03 239.71 241.7 250.25 254.45 254.53 252.82 250.35 243.07 240.56 250.52 253.63 243.23 247.76 251.4 252.19 254.49 256.93 260.06 260.39 261.9 262.63 263.02 264.13 263.01 260.73 258.92 256.91 253.71 251.44 249.14 247.53 248.24 248.83 248.8519 -9999 -9999 -9999 -9999 -9999 -9999 -9999 -9999 -9999 -9999 -9999 -9999 -9999 -9999 -9999 -9999 -9999 -9999 -9999 -9999 -9999 -9999 -9999 -9999 -9999 -9999 -9999 -9999 -9999 -9999 -9999 -9999
224.77 227.41 218.21 220.41 235.58 241.57 250.29 236.86 228.57 238.66 245.66 249.02 249.66 244.35 240.53 244.57 242.27 242.56 250.62 256.57 256.8 257.08 257.21 256.59 255.5 256.18 261.22 262.12 262.5 262.68 262.99 263.64 263.22 262.43 261.05 259.44 257.08 255.53 253.01 251.71 251.62 251.44 250.9067 252 -9999 -9999 -9999 -9999 -9999 -9999 -9999 -9999 -9999 -9999 -9999 -9999 -9999 -9999 -9999 -9999 240.3333 241.85 -9999 -9999 -9999 -9999 -9999 -9999 -9999 -9999 -9999 -9999 -9999 -9999 -9999
225.49 221.23 215.35 220.15 232.16 241.29 250.91 251.32 246.46 243.83 246.72 249.98 248.03 241.28 244.03 244.97 246.51 245.21 243.43 254.17 253.11 249.78 258.76 259.35 260.79 259.71 257.67 261.69 262.58 262.63 262.87 262.73 262.24 262.58 261.99 261.69 261.18 259.75 258.13 256.51 255.13 253.99 253.027 -9999 -9999 -9999 -9999 -9999 -9999 -9999 -9999 -9999 -9999 -9999 -9999 -9999 -9999 -9999 -9999 -9999 -9999 -9999 -9999 -9999 -9999 -9999 -9999 -9999 -9999 -9999 -9999 -9999 -9999 -9999 -9999
218.86 215.93 222.56 224.62 223.4 218.78 223.83 234.59 246.13 243.93 244.1 250.81 258.59 257.86 253.45 244.76 243.67 248.55 254.23 253.57 247.52 256.58 260.91 261.54 259.97 260.4 260.71 260.63 263.19 262.8 262.8 262.17 262.33 263.05 263.04 262.77 263.57 263.07 262.73 260.87 257.86 255.81 255.0476 -9999 -9999 -9999 -9999 -9999 -9999 -9999 -9999 -9999 -9999 -9999 -9999 -9999 -9999 -9999 -9999 -9999 -9999 -9999 -9999 -9999 -9999 -9999 -9999 -9999 -9999 -9999 -9999 -9999 -9999 -9999 -9999
217.8 217.78 225.64 226.7 218.93 216.92 227.96 236.01 239.63 237.31 239.31 247.3 253.15 258.82 259.81 244.95 247.19 255.49 258.77 256.14 258.25 262.25 262.46 261.6 260.97 260.79 257.12 259.66 261.09 262.36 262.76 262.21 262.52 262.89 262.05 261.26 263.43 265.61 266.42 262.75 259.79 257.84 255.9588 254.697 -9999 -9999 -9999 -9999 -9999 -9999 -9999 -9999 -9999 -9999 -9999 -9999 -9999 -9999 -9999 -9999 -9999 -9999 -9999 -9999 -9999 -9999 -9999 -9999 -9999 -9999 -9999 -9999 -9999 -9999 -9999
220.12 222.45 228.78 229.51 228.69 233.03 234.19 238.35 243.54 236.39 236.44 240.76 243.51 243.96 246.93 261.56 261.28 259.66 259.48 261.62 263.43 263.95 264.16 263.68 261.29 259.14 257.19 260.55 259.75 261.61 262.18 260.79 260.5 260.35 260.36 261.78 263.31 265.06 265.22 263.11 260.5 258.01 256.15 254.8864 -9999 -9999 -9999 -9999 -9999 -9999 -9999 -9999 -9999 -9999 -9999 -9999 -9999 -9999 -9999 -9999 -9999 -9999 -9999 -9999 -9999 -9999 -9999 -9999 -9999 -9999 -9999 -9999 -9999 -9999 -9999
230.62 232.65 233.42 236.4 231.51 229.67 227.14 235.6 247.04 243.76 241.88 243.41 249.29 247.69 256.73 258.6 251.95 250.91 262.14 262.1 263.4 263.91 264.32 263.76 260.55 259.32 258.34 260.78 259.53 260.18 260.24 258.14 257.82 257.52 259.36 261.16 261.76 261.66 262.03 261.11 258.92 257.39 256.6667 -9999 -9999 -9999 -9999 -9999 -9999 -9999 -9999 -9999 -9999 -9999 -9999 -9999 -9999 -9999 -9999 -9999 -9999 -9999 -9999 -9999 -9999 -9999 -9999 -9999 -9999 -9999 -9999 -9999 -9999 -9999 -9999
230.51 230.88 241.61 240.31 240.3 240.52 240.17 243.89 248.9 252.63 254.28 255.76 256.87 257.81 257.96 255.51 254.18 259.33 260.44 263.78 265.01 265.08 264.22 263.12 261.91 260.48 260.43 258.44 255.6 257.58 258.28 257.64 257.6 257.41 257.52 257.98 258.31 258.11 257.95 257.77 257.4 256.5417 255.931 -9999 -9999 -9999 -9999 -9999 -9999 -9999 -9999 -9999 -9999 -9999 -9999 -9999 -9999 -9999 -9999 -9999 -9999 -9999 -9999 -9999 -9999 -9999 -9999 -9999 -9999 -9999 -9999 -9999 -9999 -9999 -9999
239 236.88 246.02 246.09 244.07 244.8 240.4 247.78 253.62 252.33 256.47 260.63 260.58 261.25 260.66 260.16 262.95 263.38 261.94 264.02 265.67 265.38 261.03 260.68 260.48 258.38 257.79 257.01 258.34 258.29 258.06 256.01 255.21 254.48 254.68 254.79 254.11 254.23 254.52 255.52 255.93 255.6667 -9999 -9999 -9999 -9999 -9999 -9999 -9999 -9999 -9999 -9999 -9999 -9999 -9999 -9999 -9999 -9999 -9999 -9999 -9999 -9999 -9999 -9999 -9999 -9999 -9999 -9999 -9999 -9999 -9999 -9999 -9999 -9999 -9999
252.05 252.64 253.2 253.27 252.32 251.85 256.35 256.25 257.62 262.5 261.35 263.35 265.29 266.1 265.99 267.03 265.92 263.15 264.18 266.71 267.06 265.85 264.91 264.2 260.96 257.14 259.69 259.84 259.07 258.08 256.13 253.75 252.16 251.52 251.27 251.14 250.92 251.86 252.69 253.64 254.1264 254.625 -9999 -9999 -9999 251 -9999 -9999 -9999 -9999 -9999 -9999 -9999 -9999 -9999 -9999 -9999 -9999 -9999 -9999 -9999 -9999 -9999 -9999 -9999 -9999 -9999 -9999 -9999 -9999 -9999 -9999 -9999 -9999 -9999
254.15 257.92 254.97 253.85 250.46 249.94 256.92 261.52 264.44 266.43 265.02 266.97 269.12 270.54 270.79 269.59 266.82 269.62 268.58 268.42 265.94 265.13 263.89 262.89 262.41 260.1 261.01 260.31 259.05 257.3 253.95 251.96 250.95 249.4 248.85 248.6 248.52 249.45 250.8 251.9759 253.0476 -9999 -9999 -9999 251.2222 251.0152 -9999 -9999 -9999 -9999 -9999 -9999 -9999 -9999 -9999 -9999 -9999 -9999 -9999 -9999 -9999 -9999 -9999 -9999 -9999 -9999 -9999 -9999 -9999 -9999 -9999 -9999 -9999 -9999 -9999
275.43 271.74 258.66 255.43 255.59 257.32 260.05 263.83 263.92 265.57 270.63 272.08 273.09 274.59 274.37 275.1 274.81 270.91 270.87 267.93 263.98 265.62 267.03 266.81 265.23 262.18 261.82 260.13 258.62 256.86 254.49 251.78 250.64 248.78 247.35 246.48 246.16 247.77 249.4545 250.4211 -9999 251 251 250.8636 250.7907 250 -9999 -9999 -9999 -9999 -9999 -9999 -9999 -9999 -9999 -9999 -9999 -9999 -9999 -9999 -9999 -9999 -9999 -9999 -9999 -9999 -9999 -9999 -9999 -9999 -9999 -9999 -9999 -9999 -9999
285.6 282.74 279.42 276.69 273.05 268.07 268.59 269.53 264.66 269.42 269.97 275.52 275.5 277.72 278.91 278.3 277.03 275.64 274.94 271.6 267.23 268.35 267.82 266.86 265.35 262.78 260.29 259.58 257.89 256.03 255.08 252.5 250.31 248.71 247 245.57 245.51 247.0694 248.7273 -9999 -9999 -9999 250.8333 251 -9999 -9999 -9999 -9999 -9999 -9999 -9999 -9999 -9999 -9999 -9999 -9999 -9999 -9999 -9999 -9999 -9999 -9999 -9999 -9999 -9999 -9999 -9999 -9999 -9999 -9999 -9999 -9999 -9999 -9999 -9999
288.83 285.3 282.07 276.13 272.96 274.97 276.44 271.05 275.88 279 278.86 282.51 272.84 275.77 280.21 281.48 280.48 279.12 277.33 274.13 269.56 267.11 265.55 265.74 263.68 259.76 260.66 259.68 258.71 257.4 255.56 253.66 251.38 249.63 248.17 247.069 246.5926 247.125 -9999 -9999 -9999 -9999 -9999 -9999 -9999 -9999 -9999 -9999 -9999 -9999 -9999 -9999 -9999 -9999 -9999 -9999 -9999 -9999 -9999 -9999 -9999 -9999 -9999 -9999 -9999 -9999 -9999 -9999 -9999 -9999 -9999 -9999 -9999 -9999 -9999
292.63 286.24 280.76 276.09 281.67 283.79 283.73 280.78 283.87 286.87 287.49 287 284.29 289.36 284.06 285.06 282.88 279.83 276.39 272.26 263.43 261.99 272.97 271.2 267.87 267.95 266.48 263.81 260.93 258.03 255.79 254.77 252.98 251.05 249.4744 248.4444 -9999 -9999 -9999 -9999 -9999 -9999 -9999 -9999 -9999 -9999 -9999 -9999 -9999 -9999 -9999 -9999 -9999 -9999 -9999 -9999 -9999 -9999 -9999 -9999 -9999 -9999 -9999 -9999 -9999 -9999 -9999 -9999 -9999 -9999 -9999 -9999 -9999 -9999 -9999
301.94 301 297.75 293.86 294.6 288.49 284.92 280.6 284.35 286.59 291.01 288.75 292.61 295.65 292.64 289.56 283.51 272.44 266.11 269.79 270.36 272.4 274.42 273.63 271.7 270.5 268.07 264.89 261.65 258.09 256.57 254.8081 253.7746 252.3333 250.6667 -9999 -9999 -9999 -9999 -9999 -9999 -9999 -9999 -9999 -9999 -9999 -9999 -9999 -9999 -9999 -9999 -9999 -9999 -9999 -9999 -9999 -9999 -9999 -9999 -9999 -9999 -9999 -9999 -9999 -9999 -9999 -9999 -9999 -9999 -9999 -9999 -9999 -9999 -9999 -9999
305.74 305.62 306.2 305.62 304.07 304.09 305.33 304.51 302.4 300.65 300.34 299.73 298.93 295.76 292.55 289.39 289.61 288.07 283.12 280.25 276.85 274.22 276.7 274.68 274.05 271.04 268.07 264.55 262.06 259.7 258.05 256.3929 -9999 -9999 -9999 -9999 -9999 -9999 -9999 -9999 -9999 -9999 -9999 -9999 -9999 -9999 -9999 -9999 -9999 -9999 -9999 -9999 -9999 -9999 -9999 -9999 -9999 -9999 -9999 -9999 -9999 -9999 -9999 -9999 -9999 -9999 -9999 -9999 -9999 -9999 -9999 -9999 -9999 -9999 -9999
308.19 308.11 308.39 308.34 307.93 307.85 308.06 307.34 305.74 304.74 304.18 303.2 301.01 296.76 290.55 291.24 286.92 276.99 277.9 285.07 285.02 283.72 281.88 278.9 275.42 272.29 269.48 266.6 264.01 261.45 259.7164 -9999 -9999 -9999 -9999 -9999 -9999 -9999 -9999 -9999 -9999 -9999 -9999 -9999 -9999 -9999 -9999 -9999 -9999 -9999 -9999 -9999 -9999 -9999 -9999 -9999 -9999 -9999 -9999 -9999 -9999 -9999 -9999 -9999 -9999 -9999 -9999 -9999 -9999 -9999 -9999 -9999 -9999 -9999 -9999
310.92 310.97 310.48 310.23 310.14 309.87 309.43 308.61 307.62 304.85 301.67 298.1 297.58 296.24 294.31 291.56 287.88 286.94 286.19 285.37 284.16 280.65 280.32 277.35 275.41 272.56 270.91 267.92 264.04 261.93 260.9245 -9999 -9999 -9999 -9999 -9999 -9999 -9999 -9999 -9999 -9999 -9999 -9999 -9999 -9999 -9999 -9999 -9999 -9999 -9999 -9999 -9999 -9999 -9999 -9999 -9999 -9999 -9999 -9999 -9999 -9999 -9999 -9999 -9999 -9999 -9999 -9999 -9999 -9999 -9999 -9999 -9999 -9999 -9999 -9999
311.68 311.49 310.51 311.04 310.83 310.11 309.65 309.04 306.94 304.67 306.53 307.13 306.47 305.29 302.7 302.06 300.88 298.05 296.5 293.87 291.19 287.25 285.06 282.22 279.56 276.75 272.8 269.53 265.97 263.1 261.3333 -9999 -9999 -9999 -9999 -9999 -9999 -9999 -9999 -9999 -9999 -9999 -9999 -9999 -9999 -9999 -9999 -9999 -9999 -9999 -9999 -9999 -9999 -9999 -9999 -9999 -9999 -9999 -9999 -9999 -9999 -9999 -9999 -9999 -9999 -9999 -9999 -9999 -9999 -9999 -9999 -9999 -9999 -9999 -9999
