taller 1/variables/bioclim19.asc
ncols         720
nrows         300
xllcorner     -30.008325510658
yllcorner     30.991671412252
cellsize      0.083333337679505
NODATA_value  -9999
[rows 132 to 164 of 300, columns 592 to 665 of 720]
156.93 154.52 152.3 150.76 150.66 151 151.41 152.01 152.71 153.22 153.76 154.04 152.38 150.25 147.89 146.13 144.7 144.23 144 143.68 142.73 141.96 140.43 137.18 137.21 137.31 137.26 137.31 139.22 152.23 166.39 149.35 143.09 141.55 150.3 141.79 136.81 150.62 156.13 141.79 136.71 133.91 127.36 123.31 120.27 117.75 116.79 116.86 116.52 115.81 113.13 115.2 113.39 113.24 111.84 111.93 109.47 107.96 105.04 103.83 106.97 109.23 110.66 110.3 108.94 106.87 106.2 107.05 109.43 109.21 109.18 107.84 107.27 106.5
161.43 159.21 157.26 155.91 155.34 155.46 155.72 156.27 157.09 157.91 158.6 158.98 158.04 154.11 150.73 148.75 146.88 145.35 144.25 143.84 142.83 142.41 140.01 138.07 137.32 138.68 140.43 142.08 144.22 148.48 147.1 141.29 143.04 152.48 166.75 158.54 139.62 151.91 142.47 140.65 138.41 130.66 125.9 125.1 124.39 121.93 118.72 117.02 117.4 117.77 114.76 116.32 114.6 114.75 112.83 112.46 110.78 110.91 108.4 105.51 108.67 110.25 110.58 110.02 109.59 109.25 106.35 107.37 108.39 108.4 108.61 108.08 107.63 106.53
166.23 164.23 162.38 161.14 160.34 160.21 160.37 160.7 161.36 162.16 163.03 163.55 162.53 162.08 159.63 152.43 149.14 147.24 145.43 143.96 142.12 140.53 140 139.04 139.8 140.6 138.5 143.12 150.27 151.29 147.66 151.6 154.89 158.04 162.26 153.74 138.45 139.15 138.73 138.07 134.72 129.27 127.12 124.47 124.81 123.31 121.68 119.14 118.83 118.02 116.04 117.18 116.72 116.42 113.64 113.01 112.44 111.7 110.26 106.95 109.82 111.22 110.66 110.53 110.01 110.58 109.16 107.82 107.27 107.56 107.88 108.13 108.75 108.9
171.35 169.35 167.68 166.41 165.52 165 165.03 164.96 165.26 165.8 166.41 166.98 170.56 169.13 164.04 158.08 152.36 149.03 146.48 144.71 143.35 141.76 140.59 140.06 140.92 140.17 137.68 135.86 142.31 143.26 138.56 143.15 144.58 150.95 147.34 141.99 131.66 133.07 134.01 130.15 127.88 130.21 128.77 127.11 124.9 123.87 123.34 120.96 118.43 118.71 117.43 117.81 117.65 117.23 115.97 114.13 114.57 113.46 111.87 108.83 111.26 112.3 111.85 110.79 110.8 110.47 110.65 110.06 109.41 108.94 108.68 108.6 108.84 109.14
176.51 174.73 173.14 171.59 170.51 169.82 169.68 169.03 168.95 168.99 169.59 171.49 172.35 171.3 166.73 161.04 156.91 153.42 150.69 147.1 144.29 142.8 141.9 140 142.19 140.97 139.47 140.64 146.16 144.12 142.88 140.25 142.57 152.63 147.19 139.22 141.22 138.9 129.88 126.84 125.1 129.36 130.77 129.08 127.28 125.37 123.6 122.7 121.47 118.81 118.42 120.08 117.84 118.63 117.56 115.55 115.95 115.01 113.4 110.65 112.09 112.98 112.75 112.13 111.35 111.04 111.06 111 110.96 110.91 110.82 110.65 110.59 110.85
181.72 179.68 177.88 176.48 175.33 174.48 173.83 173.04 172.39 171.75 170.74 171.16 170.08 168.88 166.78 161.57 158.71 155.61 151.72 148.34 145.27 143.27 143.47 141.29 141.42 142.2 141.54 142.54 145.46 145.12 148.18 149.13 138.74 144.46 137.95 142.54 139.46 133.66 127.99 126.66 126.5 127.59 130.48 130.82 130.09 128.93 127.03 125.59 123.17 121.37 119.57 120.8 119.53 119.48 118.73 117.7 115.92 116.44 114.99 112.47 113.54 113.92 113.51 112.94 112.31 112.25 112.16 111.75 111.49 111.82 111.86 112.18 112.56 112.81
185.35 184.5 182.66 180.97 179.56 178.53 177.48 176.3 175.14 174.15 173.02 170.92 169.82 168.02 165.95 162.11 158.14 155.48 152.15 149.91 146.85 143.95 143.57 143.04 142.28 143.12 144.33 145.34 141.56 144.44 146.38 150.56 147.54 138.2 139.12 141.19 137.52 130.45 128.69 128.88 128.19 127.33 128.11 130.62 129.6 131.05 129.14 127.88 126.03 124.15 122.39 120.15 119.86 119.68 119.99 118.97 118.01 117.1 116.52 114.26 114.8 115.25 115.22 114.55 113.42 113.14 113.65 113.73 113.53 113.24 113.69 113.63 113.98 114.31
188.57 188.37 187.25 185.5 183.02 181.73 180.66 179.41 178.38 176.32 174.41 173.1 170.86 168.06 165.37 161.26 157.26 154.27 151.47 148.83 147.28 144.29 143.52 143.89 143.06 142.09 146.52 152.96 151.59 150.59 149.22 147.34 144.68 142.66 140.32 141.66 135.27 133.07 128.55 128.65 128.28 128.13 128.91 129.64 130.39 131.1 130.47 129.13 127.82 126.19 124.19 123.26 120.86 120.74 121.62 120.51 119.79 118.32 117.95 116.48 116.09 116.61 116.3 115.7 114.94 114.66 114.91 114.81 114.74 114.62 114.65 115.07 115.55 115.98
193.55 189.26 189.05 186.85 186.25 185.47 184.41 182.8 180.71 178.62 176.08 173.52 171 168.95 166.81 162.36 158.03 154.79 151.67 150.28 148.12 144.39 143.85 144.48 143.67 142.45 147.25 148.18 148.29 151.74 154.53 150.28 148.65 140.37 145.93 140.6 136.6 135.31 130.15 128.06 128.8 129.94 129.05 128.19 129.91 131.22 130.9 130.39 129.04 127.52 126.61 125.29 124.24 121.46 121.91 122.51 121.31 120.47 119 117.94 117.01 117.14 117.18 117.2 116.15 115.23 115 115 115 115.07 115.31 115.96 116.58 117.16
204.07 196.86 190.07 186.86 186.57 185.69 184.96 183.81 182.41 179.92 177.55 174.41 171.82 169.47 166.9 162.55 158.47 155.35 152.83 150.52 147.59 144.77 144.51 143.11 144.4 148.97 149.13 148.86 149.91 147.74 153.29 155.19 150.7 149.99 149.34 144.24 137.91 135.25 131.2 129.2 128.74 129.19 128.58 129.2 129.98 130.23 130.05 130.62 130.3 128.74 127.62 126.57 125.94 124.02 121.91 123.54 123.05 122.28 121.35 120.31 118.96 117.68 118.25 118.05 117.98 117.59 116.32 116.18 116.17 116.53 116.63 117.07 117.89 118.1
201.4 204.49 198.41 189.95 187.52 185.09 185.26 183.46 181.87 180.68 178.54 176.28 172.64 169.81 171.96 166.32 161.37 156.25 152.81 149.92 147.93 145.64 145.03 144.95 143.14 145.18 147.34 155.21 167.75 164.47 162.05 155.44 148 145.65 143.42 142.02 137.58 134.69 133.55 131.37 131.24 131.65 130.33 129.21 129.81 130 129.74 129.64 130.42 128.8 128.06 127.16 127.43 126.87 124.46 124.15 124.59 123.91 123.56 122.88 120.79 119.53 118.46 118.85 118.36 118.06 118 117.77 117.44 117.83 117.7 117.84 118.1 119.6
202.36 199.89 203.12 203.32 195.32 189.92 190.39 188.44 184.39 182.63 180.54 177.56 173.71 169.86 168.36 163.79 158.94 156.64 152.03 149.57 151.03 150.47 145.46 142.92 143.42 144.79 149.16 155.28 160.65 165.73 160.42 150.38 143.86 141.63 139.81 138.16 136.42 136.91 135.83 135.06 132.87 130.8 129.32 129.76 130.27 130.49 130.55 130.79 130.3 129.32 128.1 127.64 127.4 127.55 125.69 124.39 125 124.51 124 123.7 122.54 120.39 119.3 118.85 119.33 118.91 118.75 118.5 118.31 118.01 117.81 118.82 119.2 119.97
211 208.58 210.24 206.39 199.83 191.16 193.76 192.22 189.6 185.26 183.28 179.59 174.9 171.01 169.53 163.02 157.22 154.63 153.72 153.4 152.69 149.12 145.59 144.08 142.32 143.57 149.02 154.1 161.59 161.01 155.69 146.45 139.49 138.54 139.36 135.23 136.78 138.22 136.52 135.95 134.2 131.23 129.68 130.97 131 131 131.85 131.98 131.78 131.25 130.07 128.81 128.48 127.97 126.28 125.86 125.86 125.12 124.3 124 123.17 121.81 120.16 119 120.2 119.95 119.43 119.21 119.43 119.66 119.92 119.77 119.88 120.35
210.44 208.29 201.04 199.91 197.76 198.23 199.15 199.48 195.95 191.45 186.57 182.5 177.23 171.28 165.83 161.64 161.14 154.02 160.66 160.03 153.94 148.31 147.56 148.87 142.81 143.39 144.67 148.94 155.64 153.67 145.76 141.07 142.13 141.32 138.04 135.15 139.4 137.92 136.41 135.65 135.13 133.87 130.53 130.93 131.02 131.81 133.16 134.13 133.57 132.2 131.03 129.49 128.69 128 126.77 126.45 126.18 125.05 124.84 123.95 122.94 122 121.59 119.72 119.5 120.96 120.61 120.1 119.82 119.37 120.34 120.67 120.76 120.85
226.59 218.3 208.58 200.51 202.28 202.05 200.42 201.96 199.74 196.84 190.94 186.18 182.35 174.56 167.16 160.91 160.59 154.94 156.47 163.19 155.55 150.13 150.7 148.53 143.95 143.77 144.23 147.78 151.91 148.68 153.42 148.42 145.34 142.38 140.37 136.96 141.6 139.5 136.92 135.89 135.05 135.13 133.96 132.45 132.09 133.46 134.56 136.54 136.42 134.1 133.73 132.12 130.19 128.2 127.32 126 125.63 124.82 124.42 123.29 122.83 121.82 121.27 120.9 120.14 119.61 120.46 120.56 120.39 120.4 120.5 121.05 121.35 121.34
229.64 227.03 217.76 206.88 199.15 200.18 202.35 202.8 201.51 201.27 194.73 190.44 186.22 180.89 171.49 163.69 157.48 154.72 154.06 159.75 154.59 151.17 149.76 147.12 144.47 144.4 145.14 148.25 150.52 145.77 148.26 149.21 151.7 148.6 146.97 136.82 144.2 146.7 140.12 136.6 136.61 135.81 135.26 134.59 133.81 134.27 135.99 136.48 136.17 135.25 135.62 134.86 132.55 130.15 129.79 130.9 127.58 125.18 124.69 124.42 124.21 122.25 121.38 121 121 121.49 121.42 121.27 119.17 119.3 119.81 120.92 121 121.1
251.33 242.22 233.41 217.8 211 209.57 207.51 206.3 204.83 204.49 200.63 196.09 197.21 194.78 181.2 181.68 170.92 168.65 158.79 155.59 153.06 150.67 149.54 148.02 146.84 146.76 144.41 143.33 144.84 147.76 152.85 153.76 149.57 145.36 139.81 137.39 144.02 148.02 145.61 140.88 140.07 135.97 135.46 135.45 135.33 136.22 136.88 136.73 136.57 136 135.67 134.33 132.41 130.98 130.62 131.5 129.93 128.43 127.41 125.9 124.05 125.18 124.94 122.45 122.06 123.62 122.41 125.1 122.48 121.21 120.3 122.59 123.07 123.06
250.49 249.59 243.5 235.6 223.36 218.32 215.52 214.94 213.65 209.35 206.19 204.01 202.52 199.22 194.44 182.63 186.41 189.96 179.24 170.06 160.65 154.14 151.27 149.48 147.63 147.05 145.45 143.43 141.7 143.55 148.03 150.8 150.54 145.92 140.24 138.49 142.62 150.17 150.63 144.75 139.3 138.19 139.02 137.33 136.02 136.09 136.64 136.96 136.25 135.91 134.99 135.02 133.97 132.39 131.19 131.35 129.76 127.85 126.19 125.33 126.04 125.51 123.68 123.34 124.67 124.19 123.35 121.79 123.28 123.93 123.19 125.64 125.41 124.15
255.55 249.43 241.9 250.3 236.79 229.77 224.9 222.4 222.38 217.67 213.46 215.59 207.57 209.74 195.64 185.46 185.38 197.16 189.65 172.98 163.37 157.15 154.16 153.26 156.83 158.6 149.01 145.43 142.99 140.76 142.94 145.33 143.68 141.42 144.03 143.23 140.89 142.63 154.36 163.07 153.48 149.66 144.12 139.73 138.06 137.59 136.33 136.33 137.47 137.84 137.07 136.62 135.95 133.92 132.13 130.84 129.87 128.43 125.64 126.24 125.92 124.78 123.37 124.94 126.44 125.71 123.63 122 121.84 123.2 124.09 124.22 124.95 124.8
268.71 257.54 254.95 266.39 255.29 241.27 236.78 232.16 229.05 226.95 225.35 226.52 217.52 214.68 200.17 190.51 192.52 199.66 201.12 180.97 169.12 161.36 159.98 160.57 163.31 168.11 158.04 152.59 146.64 140.93 141.38 142.66 142.04 144.7 145.43 146.84 143.47 141.05 145.85 163.7 167.62 169.34 144.54 139.54 137.3 135.03 135.23 136.67 138.19 136.77 138.74 138.77 136.72 135.4 133.27 131.37 129.58 126.58 126.33 127.03 125.34 124.17 125.14 126.55 127.34 126.79 124.21 123.01 123 122.88 123.79 125.39 125.14 126.66
282.73 272.74 263.8 265.31 267.08 253.2 247.91 242.28 238.27 234.65 231.78 229.58 232.21 216.53 205.44 196.43 195.36 216.38 206.69 187.58 176.74 174.27 164.94 157.03 153.49 151.34 149.17 146.91 143.61 140.82 139.44 140.03 139.46 140.07 137.85 142.21 142.83 138.86 139.13 143.18 157.68 168.77 155.02 138.81 138.23 136.43 136.39 137.15 138.06 139.36 139.38 140.53 137.6 135.52 135.52 133.14 129.03 127.43 127.82 127.77 125.65 126.99 127.75 127.89 128.23 126.31 124.46 122.94 122.82 124.13 124.96 125.56 127.4 128.14
286.49 286.52 276.16 274.15 278.59 270.3 258.29 253.42 248.23 243.04 238.92 233.37 226.77 218.94 211.06 205.35 196.95 196.49 198.99 191.81 183.46 175.14 165.61 159.52 154.79 152.18 153.27 148.18 142.75 140.04 139.45 141.38 138.4 145.29 150.21 140.76 137.89 136.08 133.23 138.62 145.29 146.17 154.75 161.94 166.21 145.31 137.4 137.5 140.19 143.54 142.4 140.02 138 137.35 134.95 131.6 129.09 128.73 126.52 127.16 126.48 127.55 127.73 128.73 125.33 123.61 126.47 130.33 131.72 130.95 127.86 126.83 126.38 127.01
300.71 289.84 285.73 289.68 284.08 290.77 269.75 262.88 257.61 252.31 246.97 240.8 234.25 226.26 218.12 215.5 207.25 195.78 197.32 209.27 197.07 186.94 171.13 160.91 159.9 156.43 157.58 151.24 143.19 139.48 137.41 135.83 141.87 138.74 148.33 156.83 138.82 136.35 132.08 129.19 137.02 142.23 141.8 144.87 156.49 158.96 161.49 151.66 141.6 144.35 142.96 138.27 134.78 132.75 131.06 130.14 130.65 128.41 127.79 126.31 127.31 128.13 128.67 129.6 126.32 128.06 130.18 131.27 130.71 129.33 130.1 132.36 131.99 131.17
305.32 305.33 297.74 307.42 306.81 307.77 289.11 273.19 267.12 261.64 255.61 249.5 242.13 234.46 227.27 224.72 215.58 201.7 197.57 200.97 207.26 182.61 174.07 165.03 163.6 168.88 160.09 146.42 141.37 138.32 136.53 133.43 132.4 135.66 135.02 134.59 135.83 133.75 142.89 134.66 130.16 131.93 132.58 133.81 140.13 143.9 145.4 148.08 136.89 140.64 143.39 138.13 134.59 132.72 131.37 133.76 133.68 130.82 129.62 129.14 128.48 127.71 131.19 131.94 128.45 132.15 131.77 132.15 127.74 128.59 132.65 134.97 134.24 134.42
309.93 309.15 320.39 312.99 307.93 308.74 306.79 288.57 276.99 271.59 264.02 257.08 249.96 242.87 235.19 225.18 217.38 205.87 200.38 202.51 203.6 183.31 172.24 167.34 164.46 168.33 158.89 147.16 141.02 137.15 134.42 132.03 129.96 130.37 136.16 137.02 136.2 140.9 141.01 136.52 135.42 129.93 131.35 132.31 132.92 134.27 134.27 135.42 133.07 141.18 147.05 137.89 129.72 129.18 130.65 131.58 129.14 132.86 133.28 136.75 135.66 135.8 133.4 130.83 128.97 130.9 130.1 129.19 127.63 127.91 132.06 136.82 137.64 137.23
332.97 322.71 328.5 309.21 304.32 305.07 318.04 302.56 286.4 279.18 272.7 267.03 264.15 258.47 253.25 237.01 222.15 210.01 199.53 193.84 189.43 181.9 171.79 171.77 169.63 164.3 152.1 145.85 144.31 137.39 134.35 135.94 133.96 131.74 145 153.18 150.05 145.35 147.59 141.69 134.91 132.91 128.56 127.33 125.94 125.11 127.11 130.17 128.21 133.02 134.74 139.41 138.72 130.19 138.17 132.89 131.95 136.73 135.12 139.87 137.1 145.98 142.9 136.14 133.31 134.48 135.38 137.73 137.35 135.84 139.15 136.83 140.97 144.37
386.28 355.75 338.76 321.34 313.85 319.99 323.9 302.58 293.6 289.47 285.17 280.08 271.14 259.23 245.67 233.13 224.16 214.12 205.05 195.11 186.09 180.19 174.62 172.96 168.77 161.58 153.18 149.37 148.69 141.36 147.17 155.42 139.76 131.7 146.53 159.03 160.33 138.58 133.99 132.26 136.77 133.69 131.12 130.34 125.84 122.72 119.84 119.36 119.82 123.07 129.36 136.31 140.47 137.23 144.16 144.88 145.01 152.46 153.93 160.38 159.33 154.66 150.83 152.17 151.36 147.88 149.74 147.65 153.98 153.75 155.67 151.55 151.12 157.54
419.52 378.93 339.57 325.43 327.02 333.97 322.38 309.26 300.78 297.06 291.47 286.75 279.43 265.65 251.45 238.08 226.89 217.32 207.73 200.7 187.57 180.11 178.77 177.31 174.57 163.17 160.35 155.71 153.38 149.52 138.35 141.47 129.23 125.89 136.75 154.6 153.07 158.72 143.65 140.66 137.65 130.52 124.81 125.19 126.74 126.04 120.81 116.57 116.44 118.07 120.38 123.11 125.88 128.83 133.73 135.85 140.63 133.74 135.01 140.22 149.63 146.45 134.34 132.4 147.51 163.68 175.13 169.67 163.35 164.07 148.16 145.54 149.27 162.12
417.49 373.62 340.64 334.24 332.33 330.69 322.49 326.19 309.45 305.75 299.37 294.77 286.68 271.68 257.02 242.76 230.48 220.95 209.59 200.7 189.21 180.72 176.9 175.59 171.82 164.19 152.53 147.51 147.4 154.36 151.14 138.29 125.82 136.61 149.3 166.56 156.33 158.38 139.53 132.95 129.92 127.45 128.47 122.07 123.25 124.72 140.17 150.68 121.42 120.61 122.96 122.64 124.86 128.58 133.07 130.33 128.93 138.83 146.24 152.45 149.49 153.15 147.73 131.61 125.58 126.46 133.03 137.19 138.24 134.89 135.09 136.27 137.13 141.04
487.62 382.7 341.9 356.46 338.06 336.67 336.2 322.74 315.47 313.61 303.84 303.25 292 276.67 261.37 246.39 233.41 222.65 216.12 203.91 191.04 181.19 174.81 175.44 168.99 160.2 150.96 139.85 137.95 141.57 130.45 125.67 131.6 140.12 162.64 159.76 151.48 144.64 134.58 131.78 126.89 125.2 121.18 120.74 126.02 127.13 143.04 179.27 140.93 135.1 131 131.92 129.91 133.74 137.89 129.78 129 135.25 132.06 134.62 133.9 139.53 135.22 133.17 129.81 125.99 125.52 134.06 145.06 146.91 145.11 142.58 143.49 142.11
479.47 421.77 415.59 386.59 348.79 339.27 336.86 338.49 331.07 321.29 315.45 314.92 298.91 281.77 265.57 250.94 237.92 224.66 218.51 211.03 193.37 181.59 174.35 174.11 163.54 150.58 146.35 142.2 134.43 128.5 126.15 129.33 142.45 151.91 150.71 158.89 154.49 136.77 127.73 128.57 128.93 126.13 119.89 117.88 118.51 120.7 132.4 136.72 137.71 141.79 131.83 130.98 130.81 126.46 130.57 128.38 127.32 130.11 126.9 127.31 126.37 124.38 122.39 121.91 121.93 122.99 125.12 133.11 136.01 139.36 142.85 145.88 145.01 145.99
549.31 501.91 392.46 376.5 353.7 373.92 342.87 343.47 350.67 372.07 333.52 317.51 303.67 285.58 268.71 252.33 238.49 224.74 213.76 220.09 206.19 185.12 173.18 163.87 155.22 149.79 150.79 144.63 131.47 133.76 128.8 128.91 134.42 137.01 147.97 162.23 151.8 139.94 132.15 121.65 116.4 126.38 131.63 123.54 120.63 119.84 128.1 134.71 132.35 133.34 131.43 135.5 130.69 128.25 129.41 133.15 123.7 124.08 127.12 123.69 123.05 122.58 120.93 120.39 120.25 120.97 121.77 124.18 127.02 130.57 133.15 138.34 140.6 141.18
602.22 585.95 477.78 380.98 402.31 414.01 372.24 400.7 394.69 363.66 336.2 320.24 302.96 287.99 271.39 254.8 239.05 226.58 230.31 236.51 222.39 197.5 173.92 167.76 161.65 165.55 157.79 148.1 128.79 128.98 123.91 135.12 144.1 143.01 148.83 140.7 135.9 131.29 131.82 126.5 114.95 112.77 114.95 116.75 115.65 116.41 123.61 142 156.03 152.05 146.96 152.28 140.07 134.11 126.58 131.03 126.14 122.16 121.08 121.14 120.95 119.58 119.52 119.25 119.12 120.1 121.35 122.87 125.54 128.02 131.45 137.22 141.35 140.45
