taller 1/variables/bioclim1.asc
ncols         720
nrows         300
xllcorner     -30.008325510658
yllcorner     30.991671412252
cellsize      0.083333337679505
NODATA_value  -9999
[rows 264 to 296 of 300, columns 296 to 369 of 720]
177.55 176.8 175.39 173.73 173.36 174.11 177.82 172.22 174.37 172.72 164.72 156.54 144.78 132.56 138 140.66 150.92 160.61 156.99 153.79 155.24 165.74 173.72 165.82 164.07 157.26 138.27 127.92 122.53 125.5 130.37 130.55 135.98 141.83 143.99 145.42 146.84 147.69 151.72 151.97 151.81 149.94 148.02 146.78 146.62 146.06 145.78 145.69 145.51 145.3 145.58 145.66 146.16 146.49 147.21 148.15 148.92 149.69 150.84 153.81 153.45 151.92 153.06 153.89 153.66 153.9 153.44 152.69 152.41 152.89 152.9 151.96 151.32 150.72
165.5 164.9 165.59 166.44 164.93 158.2 164.88 166.92 171.53 159.26 151.47 145.94 138.29 142.1 129.71 130.02 139.81 133.21 141.53 134.43 143.67 155.34 166.54 156.61 141.92 139.68 126.19 125.29 129.11 132.41 134.09 135.97 139.19 144.58 146.28 147.31 148.06 149.35 152.57 151.85 151.5 150.07 150.03 149.56 149.16 148.77 148.78 149.03 148.66 148.74 148.93 149.16 149.4 149.81 150.19 150.73 151.33 151.8 152.81 153.93 152.71 154.04 155.51 155.05 154.52 153.98 152.34 149.66 149.77 151.45 151.78 152.01 151.21 149.66
159.95 157.1 154.27 151.41 141.41 140.67 147.55 152.23 165.42 157.01 153.96 156.91 154.59 123.94 102.67 110.18 117.84 125.15 143.47 129.9 139.4 164.23 162.88 153.05 142.5 134.7 130.68 131.43 133.3 137.17 140.48 142.76 145.07 147.11 147.98 148.72 149.27 149.59 152.83 151.85 150.68 150.74 152.39 153.98 154.61 155.41 153.02 152.46 151.6 151.69 152.23 152.71 152.27 152.56 152.39 152.85 153.13 153.62 154.62 155.39 155.64 156.62 157.11 156.27 155.58 154.65 152.97 150.36 147.82 148.64 149.56 149.22 148.71 146.77
147.52 143.15 136.37 132.11 118.36 122.23 131.86 130.12 145.92 158.83 157.12 143.21 125.99 121.04 92.37 82.43 109.54 127.35 115.49 126.47 160.16 164.81 160.58 152.72 144.52 139.2 135.27 136.06 136.48 140.14 142.7 145.08 146.85 148.26 149.15 149.84 150.78 152.14 153.62 152.66 152.18 152.47 153.84 155.94 155.63 156.65 157.7 157.14 154.62 155.93 157 157.45 155.84 155.03 154.86 155.13 155.12 155.76 156.2 156.47 154.84 158.21 158.34 157.69 156.41 155.3 153.6 151.9 149.84 147.54 146.42 146.73 145.03 144.56
137.42 133.68 128.03 116.64 114.41 119.59 125.33 120.96 130.59 156.88 156.51 129.35 106.22 109.08 95.78 100.85 108 102.18 94.37 142.79 160.91 160.89 155.37 150.36 145.41 140.99 138.06 138.32 139.79 142.36 144.65 146.61 147.94 149.06 150.11 151.29 152.65 152.94 152.56 153.29 153.68 153.91 155.15 155.29 155.78 155.31 155.66 156.49 156.02 157.37 156.67 156.96 158.72 157.3 156.45 156.7 157.38 157.63 157.91 157.35 151.01 158.79 159.22 157.5 156.15 154.63 153.8 153.05 152.05 149.5 147.44 147.65 146.6 145.93
133.07 124.77 113.71 108.26 108.91 111.25 116.41 117.02 128.71 148.84 139.64 136.34 116.06 108.71 86.01 89.56 83.79 83.91 122.64 148.99 159.61 156.97 151.58 147.38 144.2 140.35 138.34 139.88 141.76 143.52 145.68 147.83 149.2 150.4 151.63 152.46 153.91 153.33 153.61 154.19 154.77 155.13 155.44 155.53 156.07 156.52 156.56 156.49 156.9 156.68 157.03 157.21 158.34 157.88 158.01 158.2 158.53 159.04 159.55 154.95 154.56 160.47 160.09 157.28 155.08 154.55 154.01 153.09 151.17 150.73 150.12 149.35 147.49 142.64
146.41 136.19 110 104.48 109.52 118.57 121.85 124.94 119.43 105.32 120.08 133.11 126.12 107.14 87.59 89.85 116.29 128.58 143.67 153.85 157.45 153.5 148.85 144.86 141.18 138.77 137.35 139.45 141.71 143.51 145.89 147.95 149.02 150.42 152.46 153.13 154.55 153.96 154.24 155.13 155.8 156.09 156.31 156.48 157.19 157.44 157.79 157.72 157.97 158.23 158.46 158.58 159.06 159.18 157.04 156.34 159.54 160.68 161.17 160.79 160.76 160.93 159.62 157.76 156.17 155.01 153.17 152.44 151.9 151.86 151.35 150.12 147.53 146.84
136.37 106.06 101.83 109.43 117.91 124.76 115.42 105.95 99.1 115.4 124.4 127.85 121.43 112.15 104.89 108.24 135.8 146.68 152.23 155.78 155.09 151.5 147.83 142.48 140.38 138.14 137.9 139.71 140.74 143.76 146.45 146.6 148.94 151.54 152.8 153.83 154.96 154.7 154.81 155.67 156.35 156.94 157.41 157.87 158.27 158.72 159.09 159.17 159.3 159.5 160.02 160.09 159.65 155.59 157.89 160.06 160.98 161.65 162.31 162.17 159.89 160.19 159.45 158.74 157.39 155.28 154.32 153.07 152.05 150.21 149.34 148.32 149.44 149.96
115.44 104.77 104.31 111.97 113.29 105.46 98.49 105.18 112.47 120.71 122.69 127.14 124.58 122.01 115.84 122.2 148.7 154.39 156.42 156.89 154.83 151.32 146.35 141.03 139.34 138.89 138.16 138.59 141.37 144.78 146.7 148.5 150.42 151.86 153.48 154.66 155.2 155.77 155.74 155.94 156.82 157.78 158.31 158.82 158.97 159.17 160.13 160.45 160.41 160.71 160.83 159.83 156.7 157.42 160.86 160.92 161.13 161.33 162.31 161.49 161.48 161.11 156.89 156.81 158.68 157.11 155.07 155.94 154.28 150.45 154.46 154.88 156.05 153
105.39 101.37 106.45 104.07 96.99 89.98 99.14 106.5 122.77 126.01 127.37 133.88 134.38 138.76 140.72 149.86 155.84 159.18 159 157.47 155.2 150.81 145.54 140.12 137.35 135.95 138.31 138.44 142.45 144.59 146.08 148.53 149.56 152.03 154.14 154.88 155.1 155.59 156.07 156.01 156.28 157.01 158.55 159.82 159.92 159.98 160.55 161 161.38 161.45 160.73 160.22 152.78 159.46 161 160.97 160.47 160.41 161.92 162.33 162.53 160.42 154.38 160.68 156.56 150.28 151.94 157.62 158.17 158.45 162.15 161.82 155.61 155.65
116.86 107.98 100.57 102.62 99.67 102.59 112.94 123.23 130.11 129.33 131.05 139.12 144.86 149.8 150.79 157 160.08 160.84 158.89 157.12 155.87 152.78 146.67 140.04 135.06 133.83 135.93 138.47 142.52 141.91 142.76 147.51 149.19 152.47 154.66 154.99 154.92 154.63 155.22 154.49 155.03 156.62 159.51 160.74 160.74 160.66 160.61 161.15 161.86 161.53 160.73 154.86 157.48 160.58 160.68 160.65 161.17 161 162.04 160.23 161.63 162.75 164.68 163.15 160.13 154.1 159.41 159.47 162.75 162.31 164.73 163.92 155.29 165.17
117.06 106.95 99.93 96.34 105.44 122.14 128.89 134.38 134.62 131.38 131.72 133.26 146.84 153.92 157.92 162.35 162.6 160.72 158.81 156.94 154.37 151.93 147.96 140.86 137.51 136.36 135.67 138.54 141.37 138.27 143.51 144.49 149.13 154.47 154.75 154.22 153.43 154.23 152.53 151.17 154.07 158.98 161.02 161.01 160.88 160.79 160.7 161.4 161.8 162.04 160.1 157.74 160.42 160.66 160.37 160.02 158.19 161.5 159.71 155.34 163.48 162.92 166.57 167.69 166.67 165.84 159.54 159.49 165.66 164.41 169.7 168.85 170.93 170.82
108.1 108.77 104.57 115.2 129.98 136.94 139.93 141.86 140.56 135.49 136.55 150.15 155.68 157.85 163.06 163.57 161.37 160.18 157.67 156.4 154.22 150.92 147 142.69 137.9 135.43 133.03 135.36 140.8 145.08 144.23 147.35 153.74 156.25 153.93 151.92 151.32 152.88 153.34 155.62 157.66 160.53 161.32 160.87 161.39 161.46 161.91 161.76 162.25 161.77 159.84 159.59 160.29 159.9 158.74 150.1 156.68 161.78 144.37 163.41 168.55 161.2 169.88 171.27 170.26 167.64 161.55 165.37 172.61 170.39 173.39 175.41 174.76 174.45
127.82 109.63 116 129.5 138.49 143.27 144.77 147.45 150.29 146.59 149.71 160.18 163.56 161.66 162.61 162 159.8 158.83 156.48 154.24 151.95 147.34 141.92 140.73 140.29 138.29 134.22 142.05 147.84 148.99 150.02 151.95 156.73 158.18 154.14 149.81 151.34 154.22 158.7 161.13 161.93 162.2 165.52 166.79 167.94 167.48 165.68 161.6 160.6 158.98 159.3 159.65 159.78 161.03 154.72 152.11 166.8 156.52 152.18 171.23 170.72 168.43 165.94 164.19 172.52 160.75 171.9 177.1 178.97 178.74 177.86 177.11 176.17 176.59
132.47 123.43 127.3 134.69 140.65 142.43 146.42 150.48 150.03 147.46 159.84 161.73 161.36 159.18 158.77 158.88 157.45 155.87 153.48 149.36 145.36 144.29 140.84 139.2 140.42 143.35 147.38 154.11 155.01 155.79 157.52 158.12 160.41 160.44 158.68 156.34 157.44 159.95 163.48 165.26 166.94 168.63 171.3 172.34 170.99 169.19 164.31 157.84 153.83 159.58 162.56 160.74 162.99 161.91 162.12 163.65 171.26 168.47 174.63 175.35 170.75 168.97 163.56 171.03 169.3 168.04 178.39 181.66 180.52 177.5 177.23 179 178.37 178.29
125.65 130.43 134.14 137.82 140.59 141.82 146.12 146.84 144.38 150.15 153.93 154.33 154.06 154.52 153.8 154.13 151.1 150.03 148.74 145.71 140.94 140.93 137.7 139.92 148.77 155.54 159.21 159.54 161.89 160.75 159.72 162.33 162.54 161.99 161.68 160.83 159.1 159.96 166.18 169.65 169.44 168.71 170.14 170.96 170.12 167.21 161.84 152.76 162.36 165.53 167.36 162.32 162.47 167.91 169.59 172.39 170.62 154.75 165.33 177.11 174.75 169.75 173.32 181.85 183.51 181.25 183.21 183.53 180.75 180.34 181.11 181.61 181.23 180.55
129.87 129.36 129.29 132.3 134.72 131.52 132.84 131.71 125.82 131.47 129.62 121.02 127.44 137.89 137.14 138.22 131.97 132.54 134.97 131.91 134.7 141.75 139.8 150.37 155.04 159.29 162.77 165.88 166.84 165.03 160.86 161.07 162.85 163.23 164.08 163.66 166.84 167.06 169.8 171.44 168.89 172.16 167.7 164.97 170.53 172 169.06 167.73 169.09 169.86 170.42 163.65 165.46 167.72 166.41 170.2 155.14 158.1 171.15 179.11 170.79 176.03 182.04 182.83 186.21 185.26 185.6 184.73 183.49 183.08 183.13 183.59 183.5 183.19
116.62 123.13 122.2 126.42 102.32 84.2 90.47 90.69 101.76 127.48 135.19 126.5 124.83 127.65 126.74 124.51 122.2 118.15 139.05 127 133.61 144.62 154.32 157.8 161.04 166.17 166.75 169.68 170.51 169.59 170 173.68 175.5 176.13 177.41 178.41 179.3 179.93 179.81 178.78 176.45 175.5 175.92 175.36 175.84 175.09 174.47 174.01 171.93 172.94 169.37 168.58 166.13 163.69 155.97 163.22 178.06 182.53 185.09 178.31 179.4 184.84 185.33 186.98 188.2 188.86 187.7 187.15 185.29 184.88 184.78 185.06 185.06 185.43
106.19 107.7 120.22 98.06 70.64 75.44 87.07 122.74 133.18 140.85 144.62 142.9 130.19 131.28 140.22 132.7 129.2 144.42 151.5 152.73 157.26 154.01 161.25 166.13 166.87 169.6 172.91 174.4 173.68 171.22 172.56 175.86 177.81 178.98 179.84 180.71 181.55 181.75 181.84 181.69 179.36 176.76 177.58 178.07 177.03 171.59 176.75 175.09 176.35 171.26 156.07 169.9 176.36 155.99 171.34 180.14 171.73 183.07 189.28 185.16 185.32 186.09 187.25 189.58 190.06 190.62 190.58 188.71 187.03 186.91 186.65 187.32 187.46 187.8
91.94 95.82 104.66 105.01 106.64 110.1 122.51 138.24 150 152.63 152.19 146.43 144.6 149.05 156.75 159.28 161.16 161.64 163.54 165.12 166.6 167.54 170.77 171 170.79 171.03 171.38 173.56 168.31 170.49 175.42 173.93 174.93 179.46 180.64 182.46 183.48 183.8 184 183.35 174.6 167.23 172.14 177.09 176.71 170.4 172.59 181.44 183.13 178.16 154.6 176.82 179.98 177.54 182.73 173.37 179.59 191.17 190.19 187.34 188.6 188.78 187.23 189.84 191.4 190.83 192.41 192.79 189.88 188.98 188.95 189.29 189.71 190.06
96.87 98.06 113.34 131.35 136.74 135.28 145.96 146.38 153.43 161.37 163.03 162.97 164.85 163 161.7 164.51 167.05 167.75 168.01 164.65 168.85 173.45 174.55 174.31 174.3 175.02 179.43 174.8 164.7 176.67 182.18 179.46 176.71 178.61 181.29 185.34 185.49 185.48 184.92 181.71 169.18 164.45 173.57 177.12 178.61 180.06 178.56 182.24 178.97 182.16 172.96 168.24 187.37 186.22 182.7 183.77 189.8 191.89 192.71 191.69 190.47 188.69 187.4 189.29 191.9 193.5 194.17 194.75 192.29 191.1 191.18 191.35 191.86 192.27
93.2 108.18 116.38 116.07 120.21 141.15 148.98 149.18 150.99 146.19 162.48 169.83 160.15 155.03 160.04 166.89 167.8 171.95 174.51 173.81 173.42 170.55 168.42 172.17 172.61 176.75 179.84 181.02 181.22 187.16 187.07 186.63 186.4 185.41 185.5 185.88 184.76 182.31 178.61 175.09 169.89 167.93 171 171.77 172.41 178.28 180.7 182.05 190.65 190.8 189.44 190.11 190.98 187.75 189.85 189.84 192.73 195.26 194.42 191.7 190.01 189.84 190.05 190.3 191.42 193.08 194.98 195.96 194.69 192.83 192.96 193.32 193.69 194.03
112.21 121.26 111.31 117.2 129.27 153.8 141.88 133.62 132.64 137.83 150.39 164.63 159.44 149.69 152.49 161.59 173.62 178.29 180.39 176.47 172.07 169.92 175.78 180.64 183.42 184.26 185.34 187.55 186.72 190 186.39 186.93 185.67 186.83 188.17 188.46 187.51 186.1 176.6 173.04 168.6 164.75 161.27 164.12 171.85 176.72 175.41 180.85 190.69 193.85 194.52 193.06 193.87 193.77 194.4 195.3 196.33 196.99 195.19 193.01 191.19 191.82 192.42 192.61 193.11 193.45 193.81 195.2 197.37 196.18 195.2 195.3 195.56 196.11
108.36 137.31 146.09 137.07 154.91 160.63 149.41 136.25 140.37 148.61 169.8 171.69 167.54 175.4 178.19 181.5 179.65 179.49 181.72 178.36 178.77 182.98 187.37 189.23 190.8 191.36 192.41 192.82 192.89 192.48 190.45 189.62 190.76 190.98 190.04 189.45 189.59 188.06 185.37 185.36 181.84 181.21 187.42 183.66 186.66 190.15 192.65 194.74 196.26 197.69 193.97 192.86 195.75 195.67 194.99 196.74 197.4 198.1 196.24 193.87 193.44 193.96 194.5 194.69 194.93 195.29 195.58 195.76 195.98 197.33 198.05 197.94 197.36 197.57
121.37 140.77 134.96 149.57 160.3 151.79 167.28 165.26 169.51 181.14 189.1 190.69 189.79 188.14 187.71 188 184.43 185.5 187.81 189.5 190.33 190.8 192.02 192.92 193.8 195.03 196.04 195.8 196.25 197.67 197.26 196.72 195.83 195.07 193.68 192.84 193.2 190.29 189.6 191.29 179.06 178.77 191.8 191.87 193.82 195.53 196.03 197.05 198.54 199.99 198.96 194.92 197.65 195.89 194.75 195.68 198.12 199.08 198.43 196.04 195.64 195.95 196.26 196.4 196.62 196.95 197.19 197.34 197.39 197.58 197.92 198.85 200.18 199.4
120.95 125.29 131.16 145.16 170.48 174.56 176.83 184.49 187.29 188.73 191.26 192.82 193.93 193.46 192.84 192.32 188.4 188.23 189.13 189.65 189.7 191 189.83 192.29 193.62 196.33 197.89 199.1 199.86 200.43 200.68 200.49 200.37 199.58 198.62 198.23 197.11 193.89 193.57 195.13 195.49 191.84 196.72 199.23 197.07 197.27 199.8 201.25 202.04 201.03 197.81 199.31 198.47 196.6 196.45 196.07 197.75 199.85 200.92 198.53 197.42 197.6 197.69 197.89 198.04 198.37 198.39 198.5 198.6 198.81 199.23 199.48 199.99 201.55
140.91 147.62 142.77 174.35 182.15 184.09 184.61 186.6 188.26 188.54 185.53 188.21 191.36 194.96 196 195.15 192.57 192.39 191.24 187.42 185.94 186 187.65 188.55 191.19 192.77 194.42 197.29 199.3 201.76 202.8 202.83 202.41 200.1 198.89 199.49 199.03 198.3 198.57 198.47 197.27 192.03 191 201.2 199.26 200.87 203.31 203.54 202.76 199.64 198.66 198.25 198.12 198.26 198.34 198.05 198.12 199.59 202.31 199.74 198.94 199.17 199.35 199.45 199.49 199.71 199.97 200.19 200.38 200.38 200.54 200.91 201.23 201.81
156.51 155.65 175.79 181.97 185.46 186.9 189.88 188.43 192.17 196.35 195.65 193.09 191.48 196.49 196.44 197.78 196.54 195.07 190.11 186.46 186.96 187.62 188.65 189.48 190.53 193.26 196.35 197.48 198.44 201.28 204.47 204.3 201.34 199.97 198.92 199.05 199.93 200.23 199.82 195.88 192.55 196.87 205.22 204.51 204.86 205.42 204.82 204.11 203.17 200.75 199.27 198.03 198.38 199.09 199.52 199.56 199.78 200.11 202.99 201.7 200.56 200.58 200.52 200.79 201.24 201.41 201.54 201.74 202 202.43 202.54 202.73 203 203.16
171.08 177.9 182.34 186.76 189.91 192.57 195.18 197.6 199.55 200.91 201.74 201.09 199.28 201.5 196.76 196.78 196.98 193.01 188.64 188.24 188.06 189.11 190.37 194.09 195.87 195.27 200.88 200.3 200.61 202.55 206.04 206.07 203.01 201.33 201.28 201.01 201.63 202.18 199.43 192.83 195.84 206.52 207.55 206.63 205.49 199.89 203.17 204.41 203.98 202.65 201.02 199.35 199.57 200.49 201.1 201.22 201.47 201.94 204.4 203.5 202.49 202.38 202.29 202.38 202.61 202.86 203.3 203.61 203.64 203.96 204.54 205.04 204.72 205.11
178.52 182.05 186.27 189.64 190.92 192.31 195.71 194.62 199.08 203.19 204.55 205.57 205.33 205.38 202.71 197.3 195.79 192.76 191.59 191.26 190.8 191.63 192.72 193.68 198.5 203.28 204.48 203.33 203.63 205.4 208 207.59 205.21 205.35 205.7 206.07 205.9 201.08 194.76 198.19 199.95 208.62 208.68 206.99 201.18 200.52 205.53 205.5 204.46 202.59 201.57 201.61 201.89 202.69 203.31 203.37 203.6 203.87 205.65 205.44 204.11 204.06 204.45 204.53 204.64 205.11 205.14 205.44 205.67 205.88 206.31 207.17 206.46 207.03
178.98 183.33 187.04 189.14 186.29 185.03 190.12 190.87 197.87 201.11 205.43 207.37 208.31 207.6 205.79 202.53 202.13 200.98 198.61 197.66 195.12 194.3 195.19 195.8 196.27 199.5 205.03 206.29 205.39 208 208.2 207.04 208.02 209.1 207.78 209.38 208.52 205.46 200.63 202.55 209.06 210.1 208.93 207.71 203.98 205.61 206.46 207.1 206 204.16 204.13 204.37 204.15 204.13 205.15 205.75 205.62 205.73 207.38 206.46 205.54 205.83 206.67 207.13 207.4 207.84 208.28 208.58 208.18 208.6 208.05 209.65 208.87 208.4
179.55 179.63 176.9 177.54 182.18 183.59 187.96 189.98 197.04 201.91 206.53 209.05 209.96 210.31 210.32 208.87 208.24 207.19 204.24 200.31 197.08 196.74 197.34 198.42 198.97 199.35 203.27 206.62 208.73 206.64 206.5 208.66 209.91 210.95 212.07 212.33 210.92 209.44 208.94 204.88 211.53 211.03 209.48 208.73 204.94 205.35 206.53 207.22 207.71 206.63 206.12 206.85 206.76 206.79 207.06 207.46 207.29 207.25 208.04 208.87 207.19 207.35 208.26 209.19 209.52 210.08 211.88 211.35 210.98 211.31 210.13 210.51 210.68 210.81
174.12 179.56 177.62 172.97 187.13 197.49 202.26 201.4 202.74 206.4 208.8 211.69 211.9 212.26 212.61 211.8 211.26 210.31 205.35 198.27 198.88 199.05 199.69 200.78 201.61 202.07 203.33 207.98 212.22 214.53 214.62 213.53 215.09 214 215.03 214.27 212.25 211.56 207.91 210.42 212.96 211.59 210.47 209.92 206.47 204.31 205.34 206.36 207.81 208.06 207.81 208.62 208.77 208.97 209.25 209.24 208.74 208.55 208.65 208.96 210.14 208.93 208.95 210.42 212.76 212.71 213.79 213.28 212.31 211.83 211.48 212.41 211.91 211.77
