taller 1/variables/bioclim6.asc
ncols         720
nrows         300
xllcorner     -30.008325510658
yllcorner     30.991671412252
cellsize      0.083333337679505
NODATA_value  -9999
[rows 136 to 169 of 300, columns 304 to 379 of 720]
-9999 -9999 -9999 -9999 -9999 -9999 -9999 -9999 -9999 -9999 -9999 -9999 -9999 -9999 -9999 -9999 -9999 -9999 -9999 -9999 -9999 -9999 -9999 -9999 -9999 -9999 -9999 -9999 -9999 -9999 -9999 -9999 -9999 -9999 -9999 -9999 -9999 -9999 -9999 -9999 29 26.58491 25.34783 24.05376 22.32 19.78 17.35 15.9 15.35 14.91 14.17 14.77 13.94 11.59 11.9 12.02 11.3 10.51 11.03 10.96 10.85 10.22 9.83 10.04 9.7 9.15 6.82 5.09 6.03 4.35 5.1 4.54 3.65 2.61 0.87 0.44
-9999 -9999 -9999 -9999 -9999 -9999 -9999 -9999 -9999 -9999 -9999 -9999 -9999 -9999 -9999 -9999 -9999 -9999 -9999 -9999 -9999 -9999 -9999 -9999 -9999 -9999 -9999 -9999 -9999 -9999 -9999 -9999 -9999 -9999 -9999 -9999 -9999 -9999 -9999 -9999 -9999 26.1383 24.71 22.62 21.19 20.18 17.77 15.59 14.38 13.47 12.88 13.59 12.26 12.27 12.15 12.03 12.67 12.13 11.02 10.78 9.9 9.63 9.6 8.67 9.01 9.75 8.31 8.66 7.76 7.51 7.65 5.89 6.51 4.45 4.02 4
-9999 -9999 -9999 -9999 -9999 -9999 -9999 -9999 -9999 -9999 -9999 -9999 -9999 -9999 -9999 -9999 -9999 -9999 -9999 -9999 -9999 -9999 -9999 -9999 -9999 -9999 -9999 -9999 -9999 -9999 -9999 -9999 -9999 -9999 -9999 -9999 -9999 -9999 -9999 -9999 30 26.92 24.68 22.47 20.6 18.93 17.85 15.91 14.17 13 13.09 12.98 10.23 9.31 9.24 8.74 9.4 11.41 12.36 11.79 10.33 10.05 10.12 11.19 10.79 9.79 9.96 9.89 7.31 7.42 7.32 6.17 6.49 7.67 7.53 5.24
-9999 -9999 -9999 -9999 -9999 -9999 -9999 -9999 -9999 -9999 -9999 -9999 -9999 -9999 -9999 -9999 -9999 -9999 -9999 -9999 -9999 -9999 -9999 -9999 -9999 -9999 -9999 -9999 -9999 -9999 -9999 -9999 -9999 -9999 -9999 -9999 -9999 -9999 -9999 -9999 29.55556 27.44 25.08 22.57 20.02 18.38 17.07 15.53 13.85 12.36 11.43 10.47 10.19 8.97 7.93 7.18 7.48 9.52 9.67 12.42 10.69 10.88 11.13 8.74 8.68 9.76 8.14 6.99 5.43 4.59 5.38 4.94 4.01 4.71 5.23 4.61
-9999 -9999 -9999 -9999 -9999 -9999 -9999 -9999 -9999 -9999 -9999 -9999 -9999 -9999 -9999 -9999 -9999 -9999 -9999 -9999 -9999 -9999 -9999 -9999 -9999 -9999 -9999 -9999 -9999 -9999 -9999 -9999 -9999 -9999 -9999 -9999 -9999 -9999 -9999 -9999 30.09091 27.88 25.25 22.34 20.09 17.82 16.37 14.78 12.63 11.3 9.87 8.81 8.48 8.33 7.73 6.67 8.08 8 8.04 10.9 10.68 8.32 8.2 7.3 6.92 7.12 7.71 6.45 5.49 7.39 8.05 6.63 6.05 5.94 5.83 5.23
-9999 -9999 -9999 -9999 -9999 -9999 -9999 -9999 -9999 -9999 -9999 -9999 -9999 -9999 -9999 -9999 -9999 -9999 -9999 -9999 -9999 -9999 -9999 -9999 -9999 -9999 -9999 -9999 -9999 -9999 -9999 -9999 -9999 -9999 -9999 -9999 -9999 -9999 -9999 -9999 30.94828 28.47 25.7 22.62 19.71 17.26 15.88 13.58 11.3 9.78 8.85 8 6.94 6.34 6.22 6.66 6.24 7.15 6.77 8.67 9.6 10.31 11.34 10.87 9.7 9.64 8.5 8.21 9.24 9.08 8.86 9.03 9.46 8.57 9.5 8.55
-9999 -9999 -9999 -9999 -9999 -9999 -9999 -9999 -9999 -9999 -9999 -9999 -9999 -9999 -9999 -9999 -9999 -9999 -9999 -9999 -9999 -9999 -9999 -9999 -9999 -9999 -9999 -9999 -9999 -9999 -9999 -9999 -9999 -9999 -9999 -9999 -9999 -9999 -9999 -9999 31.26582 28.42 25.25 22.34 19.36 17.21 15.24 13.35 11.06 9.74 8.29 7.35 7.42 7.14 5.84 5.57 5.48 6.67 6.85 9.12 8.65 9.06 7.43 9.1 11.41 11.06 10.81 10.67 9.36 10.8 11.57 10.17 9 10.81 11.08 9.61
-9999 -9999 -9999 -9999 -9999 -9999 -9999 -9999 -9999 -9999 -9999 -9999 -9999 -9999 -9999 -9999 -9999 -9999 -9999 -9999 -9999 -9999 -9999 -9999 -9999 -9999 -9999 -9999 -9999 -9999 -9999 -9999 -9999 -9999 -9999 -9999 -9999 -9999 -9999 34.625 32.21212 29.43 25.53 22.37 19.7 17.54 15.4 12.55 11.24 9.71 8.21 8.23 7.74 6.55 5.59 5.48 5.77 6.65 7.54 8.31 8.58 7.82 7.24 9.61 8.3 8.01 8.93 9.68 11.04 11.71 11.19 11.6 11.33 10.19 9.63 8.92
-9999 -9999 -9999 -9999 -9999 -9999 -9999 -9999 -9999 -9999 -9999 -9999 -9999 -9999 -9999 -9999 -9999 -9999 -9999 -9999 -9999 -9999 -9999 -9999 -9999 -9999 -9999 -9999 -9999 -9999 -9999 -9999 -9999 -9999 -9999 -9999 -9999 -9999 -9999 35.11111 31.99 28.74 25.05 21.79 19.73 17.71 16.22 14.3 12.36 10.51 8.83 7.77 7.16 7.08 6.66 5.88 5.75 6.03 7.13 7.46 7.96 6.57 6.57 8.18 7.51 8.41 6.55 6.86 7.7 8.99 10.77 10.49 10.62 9.43 9.07 8.69
-9999 -9999 -9999 -9999 -9999 -9999 -9999 -9999 -9999 -9999 -9999 -9999 -9999 -9999 -9999 -9999 -9999 -9999 -9999 -9999 -9999 -9999 -9999 -9999 -9999 -9999 -9999 -9999 -9999 -9999 -9999 -9999 -9999 -9999 -9999 -9999 -9999 -9999 -9999 35.98485 33.06 29.26 25.72 22.4 20.66 19.51 17.64 14.96 12.44 9.92 8.75 8.1 8.09 7.98 7.09 6.27 5.63 5.6 6.28 6.92 7.31 6.99 6.58 8.68 7.62 7.58 5.81 8.01 7.04 6.89 9.64 9.82 9.79 10.89 9.56 8.47
-9999 -9999 -9999 -9999 -9999 -9999 -9999 -9999 -9999 -9999 -9999 -9999 -9999 -9999 -9999 -9999 -9999 -9999 -9999 -9999 -9999 -9999 -9999 -9999 -9999 -9999 -9999 -9999 -9999 -9999 -9999 -9999 -9999 -9999 -9999 -9999 -9999 -9999 39 36.80851 33.53 29.81 26.67 24.37 22.78 21.22 18.1 15.89 13.94 11.43 9.93 9.09 8.13 6.55 7.42 7.04 6.1 4.82 5.02 6.63 6.37 6.17 5.56 7.79 7 6.78 7.8 7.36 4.16 5.67 8.1 9.97 8.82 8.76 9.97 10.59
-9999 -9999 -9999 -9999 -9999 -9999 -9999 -9999 -9999 -9999 -9999 -9999 -9999 -9999 -9999 -9999 -9999 -9999 -9999 -9999 -9999 -9999 -9999 -9999 -9999 -9999 -9999 -9999 -9999 -9999 -9999 -9999 -9999 -9999 -9999 -9999 -9999 -9999 39 36.92 33.11 30.31 28.36 26.45 23.77 20.21 17.56 15.12 12.42 11.15 9.64 7.48 7.15 8 7.04 6.57 6.3 5.06 4.39 5.87 6.15 4.96 4.29 6.86 5.86 6.07 7.25 6.93 6.23 5.29 7.67 7.82 9.62 9.11 8.8 9.3
-9999 -9999 -9999 -9999 -9999 -9999 -9999 -9999 -9999 -9999 -9999 -9999 -9999 -9999 -9999 -9999 -9999 -9999 -9999 -9999 -9999 -9999 -9999 -9999 -9999 -9999 -9999 -9999 -9999 -9999 -9999 -9999 -9999 -9999 -9999 -9999 -9999 -9999 40.03922 37.51 33.83 31.28 27.29 24.95 22.62 20.17 18.59 15.88 12.95 10.97 8.41 7.9 5.35 7.05 6.28 6.15 6.32 5.17 3.39 4.52 5.48 4.1 4.3 5.69 4.56 5.96 6.46 6.07 7.31 6.98 5.6 7.22 8.76 9.77 9.17 9.19
-9999 -9999 -9999 -9999 -9999 -9999 -9999 -9999 -9999 -9999 -9999 -9999 65.88889 64.58334 -9999 -9999 -9999 -9999 -9999 -9999 -9999 -9999 -9999 -9999 -9999 -9999 -9999 -9999 -9999 -9999 -9999 -9999 -9999 -9999 -9999 -9999 -9999 42.28571 40.12245 36.78 34.41 31.51 28.81 26.07 22.39 19.46 16.28 14.58 12.78 10.61 8.68 6.69 4.87 5.45 4.31 4.31 5.61 5.66 3.9 3.37 4.26 4.97 4.36 4.54 3.91 5.45 5.31 6.42 6.54 4.16 6.64 7.9 9.07 8.56 10.43 9.78
-9999 -9999 -9999 -9999 -9999 -9999 63.25 62.71795 64.18868 65.80488 67.20689 65.77941 61.30612 63.83505 63.5 62.44444 64 -9999 -9999 -9999 62 58.23333 57.89189 62.95 68 -9999 -9999 -9999 -9999 -9999 -9999 -9999 -9999 -9999 -9999 -9999 45.5 41.8587 39.39 34.79 32.86 28.92 26.67 24.87 22.23 17.47 16.48 15.38 12.48 9.53 8.79 5.34 3.99 2.48 2.5 2.33 4.31 4.67 3.36 2.74 3.32 3.97 3.27 3.38 3.33 3.92 5.83 6.28 4.4 4.25 6.97 8.32 8.78 8.63 8.91 10.6
44.25806 52.10345 53.74419 56.69318 55.83333 53.18478 55.75 61.44 60.04 60.04 58.08081 60.45 55.03 55.27 58.58242 53.59 53.16162 56.74648 59.25641 59.93103 60.83516 60.75 56.89 56.76042 58.72527 57.07353 62.36666 -9999 -9999 -9999 -9999 -9999 57.44444 50.175 51.65152 47.07692 44.30928 39.97 36.65 31.34 26.36 24.83 22.92 24.2 21.03 18.11 15.2 11.66 12.44 11.41 8.77 6.39 2.63 0.54 -0.16 0.01 2.28 3.05 3.69 1.14 2.14 2.96 1.95 1.46 2.67 4.12 3.85 3.81 3.42 4.92 7.54 7.89 7.3 9.68 8.91 9.27
27.24 24.82 38.23 36.28 39.07 43.28 39.66 49.99 47.89 49.91 42.54 32.42 32.76 36.4 47.76 42.63 40.49 41.26 50.68 47.04 60.17347 57.92 57.5 56.23 54.52 49.41 55.4 53.80233 56.85714 58.86666 60.36232 57.48387 57.25253 49.38 34.16 38.1 29.67 32.74 21.34 20.53 17.36 20.12 20.16 20.38 18.04 16.18 13.23 12.11 8.55 7.87 7.1 6.01 4.64 0.99 -2.06 -2.46 0.62 0.54 2.15 -0.58 0.36 0.39 0.2 0.24 2 1.84 1.62 2.89 3.05 6.18 7.54 6.02 7.35 7.64 10.13 9.86
9.72 3.75 6.12 21.33 25.69 20.71 27.43 38.8 31.39 33.98 35.2 14.7 -3.7 19.64 34.15 34.05 33.8 41.04 46.28 47.05 40.51 52.97 54.53 48.68 45.87 41.5 43.58 42.71 43.31 45.65 39.48 50.43 38.6 37.67 19.55 27.98 26.2 12.6 11.58 7.46 18.65 17.91 12.2 11.65 11.28 10.62 8.15 7.97 8.56 4.57 4.04 2.6 2.91 1.92 -2.24 -3.74 -0.8 -2.1 -0.19 -3.63 -3.89 -5.05 -4.21 -1.7 -1 -0.06 0.35 1.75 3.78 5.22 5.53 5.53 7.07 7.06 7.18 9.71
11.39 11.04 -17.23 -5.39 -3 3.29 5.44 23.62 10.98 21.07 16.14 -2.75 -9.17 -1.25 5.65 17.13 37.87 34.7 41.87 40.95 41.77 41.82 40 33.73 32.92 40.4 39.4 36.75 32.33 32.74 36.77 40.29 22.83 12.27 11.31 20.8 21.61 16.73 5.16 2.12 0.8 7.49 3.09 -14.75 -6.92 8.78 3.52 3.19 1.29 -6.51 -6.02 -4.58 -2.78 -4.39 -5.82 -6.17 -6.36 -7.29 -6.83 -4.85 -10.37 -9.09 -6.45 -3.21 -1.44 -0.06 0.79 3.07 0.85 1.16 1.16 3.58 5.24 5.81 6.15 8.68
-30.45 -19.99 -21.25 -38.47 -26.86 -7.41 -3.46 2.49 2.47 4.71 3.76 5.45 12.82 13.78 15.47 13.89 16.41 12.53 14.08 31.6 36.65 22.8 1.51 19.2 20.54 32.07 34.82 24.99 32.2 39.77 32.66 12.08 19.89 4.22 2.39 2.53 -1.56 -13.54 -13.05 -11.99 -19.23 -17.98 -20.9 -29.75 -14.38 -8.86 -18.94 -19.97 -16.11 -31.12 -32.83 -30.16 -31.77 -34.59 -24.68 -16.82 -25.9 -25.03 -21.67 -14.23 -15.13 -13.89 -10.32 -7.09 -6.73 -3.1 -3.74 -2 -0.51 0.02 -1.04 -0.33 2.59 1.85 1.3 6.09
-37.87 -26.73 -17.41 -35.15 -30.5 -10.18 -3.11 -1.49 0.79 1.8 3.13 6.73 11.39 21.11 18.93 13.29 13.14 11.7 10.72 12.84 16.17 19.75 15.01 21.94 22.98 16.06 11.15 2.26 7.24 16.65 12.88 3.45 1.01 6.53 7.28 3.94 3.72 -3.71 -7.09 -14.65 -18.18 -19.96 -24.28 -28.95 -33.51 -36.31 -45.53 -59.26 -24.36 -40.56 -43.65 -48.82 -58.11 -39.65 -39.95 -28.18 -62.28 -62.09 -48.36 -41.79 -27.48 -40.8 -26.34 -16.63 -19.74 -24.1 -25.44 -16.9 -11.2 -8.86 -5.6 -12.01 -15.06 -17.19 -8.63 0
-28.69 -19.93 -11.68 -9.62 -8.92 -6.46 -5.6 -1.23 -5.24 5 2.45 8.96 3.52 10.6 15.43 14.33 11.59 4.54 11.75 12.56 7.16 10.82 19.01 24.04 23.36 21.16 17.87 16.33 5.59 3.78 3.22 0.26 -11.67 -1.15 10.83 9.18 3.23 -0.69 -7.1 -9.31 -12.71 -24.33 -19.87 -25.25 -29.49 -34.07 -49.48 -55.97 -53.15 -43.31 -63.94 -61.9 -80.29 -74.39 -58.64 -58.4 -51.17 -77.75 -78.46 -57.25 -28.23 -51.08 -45.76 -29.9 -30.82 -34.75 -49.53 -29.75 -27.56 -32.56 -8.51 -13.19 -20.07 -33.27 -17.26 -4.47
-15.15 -15.69 -11.97 -9.92 -4.82 -4.26 -6.68 -1.78 0 -5.22 -0.22 -0.59 -4.56 2.01 6.51 14.29 17.27 16.65 4.03 20.12 13.57 19.22 19 11.91 9.2 2.97 4.6 -2.64 -5.93 -2 0.3 -10.23 -4.59 -1.64 7.79 8.99 7.12 0.34 -0.22 -0.1 -7.57 -10.13 -13.89 -16.75 -17.76 -29.58 -35.28 -44.9 -63.98 -58.74 -69.34 -63.43 -72.51 -86.43 -86.03 -75.82 -54.59 -85.54 -63.11 -55.15 -54.39 -51.7 -41.84 -31.56 -36.15 -52.85 -70.41 -68.31 -62.33 -53.55 -31.86 -25.77 -37.02 -36.85 -23.7 -17.48
-12.24 -13.7 -9.14 -7.57 -6.02 -9.4 -10.27 -7.8 -4.8 -4.76 -1.95 -3.23 -8.07 -3.98 12.8 5.93 4.79 0.78 2.05 21.02 23 22 14.03 11.43 10.49 1.97 3.84 5.35 3.7 3.29 2.68 10.39 11.89 7.32 9.26 1.21 -1.65 -8 -6.99 -4.43 1.6 -5.9 -13.25 -17.43 -14.53 -18.92 -23.63 -25.19 -36.25 -44.11 -69.86 -64.31 -46.33 -75.29 -66.09 -80.91 -85.52 -73.71 -67.22 -76.83 -80.44 -84.99 -79.41 -63.87 -55.89 -42.75 -53.29 -58.89 -71.54 -55.25 -66.08 -64.1 -72.55 -51.02 -54.61 -50.97
-10.58 -10.82 -8.92 -4.98 -4.79 -7.5 -7.09 -8.06 -8.04 -8.36 -7.31 -8.37 -5.37 2.66 10.82 11.69 10.45 8.75 6.52 9.64 14.57 17.79 12.11 0.98 -3.06 1.25 1.82 0.83 1.64 9.48 9.44 6.21 11.98 13.43 12.87 2.98 -0.15 -9.31 -10.99 -4.97 0.82 -5.16 -10.07 -7.74 -8.57 -5.88 -13.94 -20.1 -23.57 -26.49 -35.63 -41.23 -33.94 -49.52 -40.78 -54.88 -64.03 -56.52 -43.37 -61.81 -62.27 -76.78 -54.4 -87.13 -84.68 -70.69 -77.01 -77.72 -64.63 -33.09 -49.77 -48.42 -67.58 -75.24 -63.75 -70.74
-11.19 -8.95 -9.07 -6.1 -4.46 -3.61 -3.55 -3.17 -4.39 -8.84 -7.41 -6.88 -2.29 -0.02 -3.49 -0.98 2.64 2.82 5.2 12.39 16.32 16.82 18.02 17.34 15.62 14.09 12.31 10.86 10.94 13.49 12.23 13.17 13.59 14.85 14.13 7.4 3.15 -4.8 -1.76 2.88 0.72 0.69 -6.42 -11.28 -18.81 -15.23 -10.82 -19.32 -19.75 -25.55 -23.64 -20.37 -30.34 -41.54 -34.76 -38.16 -34.35 -23.1 -30.54 -59.74 -57.29 -41.84 -53.14 -62.19 -51.74 -55.72 -60.59 -78.59 -79.16 -42.23 -26.16 -36.39 -57.23 -55.09 -33.91 -61.3
-8.94 -7.99 -6.57 -5.34 -5.32 -3.31 -2.8 -2.7 -6.54 -7.85 -6.16 -4.5 -4.59 -5.69 -5.07 -3.12 -3.09 0.71 3.77 5.06 9.25 9.1 11.65 14.57 11.26 13.39 14.76 14.35 15.04 15.96 13.7 14.15 13.98 10.95 13.21 9.28 9.69 4.18 -0.73 3.54 -4.79 -11.28 -15.24 -15.76 -22.18 -23.96 -15.31 -15.8 -15.04 -18.67 -17.88 -17.26 -28.11 -31.58 -37 -26.3 -21.6 -13.19 -22.9 -29.12 -33.69 -32.88 -45.67 -36.82 -27.39 -37.69 -60.84 -59.49 -53.8 -28.03 -37.12 -44.59 -43.75 -27.22 -50.65 -66.86
-8.3 -7.56 -7.14 -5.66 -4.29 -2.89 -3.05 -5.59 -7.51 -6.49 -4.32 -4.23 -5.52 -7.36 -8.51 -14.14 -13.34 -8.08 -13.05 -13.77 -5.94 -3.96 7.18 4.92 -7.12 -0.23 4.54 5.66 6.01 8.28 10.68 15.3 15.1 11.32 13.92 13.56 11.87 10.46 8.07 7.26 3.15 -5.89 -9.58 -12.67 -17.28 -17.85 -14.96 -11.13 -20.73 -22.78 -23.44 -26.8 -26.61 -28.58 -30.74 -30.58 -22.26 -12.66 -9.25 -13.36 -21.91 -25.34 -31.56 -35.21 -29.4 -26.49 -28.26 -22.48 -26.7 -21.74 -41.11 -33.67 -13.56 -7.33 -16.87 -21.25
-8.18 -7.94 -6.82 -6.37 -5.28 -4.65 -6.07 -9.16 -7.05 -4.16 -5.21 -6.51 -8.66 -9.79 -12.72 -19.02 -23.64 -27.94 -29.69 -21.33 -30.77 -20.13 -6.7 -12.82 -20.15 -13.85 -15.17 -18.37 -10.73 -15.32 -0.83 9.62 13.06 15.01 13.48 14.58 10.41 8.34 8.32 7.14 5.17 1.13 -1.73 -5 -7.64 -10.17 -6.72 -3.67 -9.33 -16.76 -25.04 -26.48 -29.57 -35.74 -33.5 -26.25 -22.3 -12.34 -6.87 -16.9 -11.85 -20.95 -15.24 -23.16 -15.51 -18.15 -28.57 -12.94 -11.09 -29.65 -33.42 -25.66 -4.69 -15.52 -30.28 -40.97
-9.33 -7.81 -7.55 -8.33 -7.26 -7.29 -9.38 -5.19 -4.43 -5.26 -5.82 -7.15 -8.71 -11.32 -17.06 -26.78 -31.83 -37.74 -36.95 -37.79 -37.34 -26.17 -21.08 -26.79 -16.2 -23.56 -18.59 -26.51 -15.94 -12.27 -6.39 0.95 2.17 11.24 15.52 15.41 12.67 12.3 12.9 8.69 8.02 6.32 6.67 2.83 -0.39 -2.8 -1.4 0.94 0.05 -0.64 -3.78 -6.43 -11.45 -10.58 -9.47 -13.38 -14.26 -14.09 -6.75 -11.09 -5.12 -10.27 -14.23 -15.84 -9.18 -16.87 -7.91 -1.37 -13.78 -29.85 -23.02 -4.82 -6.04 -25.51 -37.47 -31.16
-8.85 -8.35 -10.86 -12.48 -10.23 -8.3 -5.09 -6.22 -5.09 -5.32 -6.52 -8.54 -11.16 -15.05 -13.22 -13.24 -18.17 -22.01 -24.7 -29.29 -23.99 -26.92 -37.76 -33.12 -27.64 -33.36 -37.6 -31.15 -25.5 -24.57 -16.05 -10.39 -8.88 4.47 10.99 11.59 13.49 13.49 8.75 5.84 9.62 11.42 11.07 8.88 6.49 4.18 5.3 4.71 2.74 0.48 1.67 1.71 -2.11 -2 -1.35 -3.87 -2.89 -3.21 -0.71 -7.33 -6.72 -12.23 -11.43 -13.98 -6.69 -12.34 -0.56 0.32 0.29 -13.05 -12.7 -3.52 -7.78 -11.25 -16.51 -5.2
-7.99 -9.1 -11.35 -9 -6.36 -7.1 -8.76 -9.13 -6.8 -5.76 -6.18 -6.07 -8.04 -10.32 -14.48 -13.1 -11.77 -17.7 -31.57 -38.64 -38.76 -49.02 -43.39 -46.87 -46.62 -43.58 -36.96 -30.34 -32.42 -27.15 -25.33 -12.15 -2.15 1.57 4.04 10.99 13.95 15.19 13.01 6.33 5.58 13.61 9.77 2.76 0 1.95 8.45 6.71 6.68 4.48 5.06 5.13 1.05 0.69 1.76 0.29 1.52 2.64 3.73 -7.18 -11.15 -12.51 -7.22 -7.33 -12.66 -14.7 -1.96 -12.64 -9.48 -4.23 4.07 10.33 8.2 5.65 6.25 6.76
-11.94 -10.18 -6.8 -8.53 -9 -9.43 -10.75 -10.94 -9.11 -8.87 -9.38 -10.64 -10.94 -14.83 -16.62 -19.96 -14.15 -15.4 -19.47 -21.77 -26.86 -33.87 -34.12 -38.39 -32.7 -32.25 -27.13 -32.75 -35.12 -31.05 -21.65 -13.89 -10.68 -6.72 -5.36 5.62 7.55 11.81 16.35 16.46 15.29 14.77 10.12 3.25 -3.78 1.46 10.97 9.96 4.74 4.19 8.02 8.89 6.27 3.77 4.97 2.39 4.63 6.58 5.89 1.33 -2.15 -6.29 -5.54 -3.6 -7.93 -3.69 1.52 -4.27 6.99 11.79 12.86 12.04 9.55 4.68 10.05 18.27
-8.87 -5.45 -8.2 -8.87 -9.35 -10.52 -11.53 -11.05 -10.64 -9.26 -9.28 -9.39 -9.39 -11.05 -13.01 -14.86 -17.79 -17.67 -18.84 -21.24 -23.22 -24.03 -21.78 -21.06 -20.68 -23.88 -21.59 -22.37 -26.6 -31.08 -26.89 -21.88 -21.68 -16.66 -9.14 -3.09 -3.09 2.07 12.28 14.66 17.98 17.59 8.26 4.18 3.02 7.03 13.24 11.02 6 0.94 5.93 8.16 10.62 10.17 8.03 3.3 6.15 10.11 7.69 5.62 4.1 2.83 2.15 1.56 0.45 3.29 9.16 9.18 14.08 13.44 16.77 18.35 15.29 12.61 10.78 18.42
