taller 1/variables/bioclim18.asc
ncols         720
nrows         300
xllcorner     -30.008325510658
yllcorner     30.991671412252
cellsize      0.083333337679505
NODATA_value  -9999
[rows 66 to 98 of 300, columns 370 to 443 of 720]
-9999 -9999 -9999 -9999 -9999 -9999 -9999 -9999 153.25 153.4388 155.9 157.62 159.84 162.91 166.35 168.45 169.38 172.13 176.08 175.16 173.17 174.92 172.43 172.66 173.56 175.24 178.36 180.99 182.54 184.25 185.93 188.46 191.5 193.11 196 199.34 202.47 203.86 208.18 211.08 216.89 223.19 222.64 223.65 222.79 221.69 223.04 226.15 225.86 230.67 234.56 242.47 245.93 246.37 251.58 253.16 247.77 255.29 262.22 281.76 289.49 298.51 302.09 309.85 310.22 309.66 304.76 288.74 285.73 276.85 270.68 262.85 250.98 246.05
-9999 -9999 -9999 -9999 -9999 -9999 -9999 -9999 154.2143 154.0753 156.45 158.56 160.69 162.94 164.65 165.37 169.74 171.06 173.65 173.68 173.8 174.58 174.86 175.16 174.74 175.64 176.54 177.97 179.92 182.47 184.75 187.89 190.21 194.49 198.59 206.01 210.72 209.69 211.46 217.86 223.36 226.5 225.95 228.28 229.36 232.4 236.55 237.16 232.61 241.58 245.85 248.38 252.07 252.68 250.86 247.11 247.15 260.76 274.62 274.05 276.35 285.43 283.36 288.8 292.04 297.74 294.18 284.91 273.53 266.61 257.38 249.04 249.55 252.8
-9999 -9999 -9999 -9999 -9999 -9999 -9999 -9999 155.28 155.0632 155.93 158.95 160.37 161.86 164.26 166.57 167.78 167.79 169.45 171.24 170.87 170.66 171.37 172.74 174.43 174.83 176.17 177.69 180.75 182 184.46 187.48 192.19 197.1 202.43 207.37 211.27 214.22 217.01 221.74 224.73 228.62 229.86 234.5 239.11 241.61 241.39 238.11 233.24 240.77 245.91 249.32 252.7 246.38 240.47 242.22 254.88 269 281.86 277.55 276.37 279.01 283.01 276.04 276.52 274.39 282.15 277.26 271.74 251.62 251.81 254.33 253.57 253.48
-9999 -9999 -9999 -9999 -9999 -9999 -9999 156 154.5469 154.7727 156.101 157.71 160.9 162.2 164.71 161.63 162.19 164.99 167.33 170.1 172.37 173.32 173.07 172.83 174.48 175.52 175.87 178 179.32 180.83 184.6 187.94 192.46 197.83 204.14 206.25 209.25 216.1 220.34 227.28 231.44 235.49 239.34 240.99 241.96 243.19 241.16 237.19 238.16 240.86 240.18 244.37 242.61 246.18 251 257.72 251.44 267.52 277.09 276.38 268.94 265.87 266.7 259.71 261.98 259.8 256.93 256.39 256.6 243.46 251.28 247.46 241.18 237.59
-9999 -9999 -9999 -9999 -9999 -9999 157 152.1698 153.65 155.12 155.11 154.19 157.42 157.14 158.83 160.73 163.91 164.6 164.31 166.27 170.19 172.5 172.67 173.68 175.25 176.31 177.16 178.04 178.89 182.3 185.9 189.1 191.74 196.76 201.11 204.61 208.69 214.97 220.96 226.68 232.05 238.89 242.16 238.78 235.07 236.51 234.19 232.44 237.84 241.52 237.84 238.4 242.32 249.64 265.24 272.06 258.21 255.92 254.56 254.88 256.39 252.53 251.53 247.31 252.05 252.35 242.81 243.68 244.34 237.96 241.54 229.28 230.45 225.91
-9999 -9999 -9999 -9999 -9999 153.0303 150.3793 152.65 155.37 157.5 156.8 156.14 153.19 153.72 155.01 155.32 159.51 163.2 165.3 164.78 167.31 168.36 170.6 173.74 175.07 175.97 177.85 179.38 179.8 183 185.71 188.7 190.88 194.55 199.05 206.35 211.29 213.47 219.27 228.52 235.48 242.75 245.67 245.7 247.74 250.76 243.15 252.14 254.9 257.68 260.47 256.21 263.98 263.46 273.06 274.98 261.06 261.74 261.2 257.54 250.57 242.94 236.38 234.8 237.39 241.71 237 224.11 221.57 221.74 221.3 215.43 215.96 212.89
-9999 148.0909 147.9 149.1818 151.9506 154.5 153.62 154.73 156.4 153.88 157.04 155.63 155.68 152.77 154.74 155.26 155.7 158.3 161.91 161.5 163.06 164.96 166.46 168.4 169.84 171.14 174.03 175.81 178.37 179.46 181.94 184.05 187.96 189.62 195.22 201.55 207.58 211.67 216.82 225.74 236.16 246.34 253.81 256.26 255.83 249.11 252.01 266.61 261.92 261.38 262.98 262.46 265.24 270.74 273.73 270.33 268.46 262.79 259.44 251.87 240.8 233.48 227.85 233.34 224.35 222.26 218.62 211.85 212.34 208.68 210.09 207.47 201.28 199.21
149.1591 149.68 151.47 151.74 151.8 154.72 156.21 158.88 157.7 161.19 156.93 159.58 158.98 158.57 157.48 159.66 158.18 158.66 158.45 161.37 163.74 164.63 166.28 167.39 168.04 168.56 171.06 172.86 174.77 175.24 176.88 178.34 181 185.74 190.23 196.44 201.76 207.47 212.91 217.75 225.11 233.14 241.94 245.98 249.09 247.5 246.7 243.35 250.16 252.59 261.2 265.34 267.53 270.78 268.17 267.85 265.06 257.93 250.49 244.6 241.02 235.19 226.32 215.4 213.33 214.08 214.33 209.31 213.96 208.2 210.87 204.38 200.37 206.17
154.81 154 155.04 156.53 157.02 157.53 156.91 158.49 161.52 164.2 161.87 162.74 163.42 162.59 161.51 160.32 159.59 162.74 161.4 161.71 163.84 165.29 166.35 167.18 167.93 167.43 168.46 170.12 170.9 172.77 173.27 173.96 176.98 179.24 184.61 188.72 195.29 201.53 208.51 216.59 222.86 227.08 232.78 236.11 232.02 230.68 232.11 237.32 245.12 256.1 256.38 257.91 259.97 266.24 265.05 264.11 258.86 256.75 251.58 239.15 228.99 220.3 216.66 212.77 217.36 215.3 214.15 209.1 208.75 207.96 200.92 207.19 212.04 220.57
158.94 158.32 159.19 159.07 159.62 162.54 162.79 157.72 161.31 165.83 165.07 164.92 164.55 164.09 163.88 162.76 162.47 163.23 163.6 164.7 163.47 165.21 165.73 166.3 167.58 166.83 167.26 168.68 169.09 169.02 168.23 170.13 170.43 174.48 177.72 182.54 188.52 194.76 200.64 207.17 213.56 217.25 221.2 227.27 232.74 234.35 232.51 231.22 230.37 233.9 238.93 244.51 247.91 255.67 257.08 254.44 248.53 244.06 239.52 234.9 227.02 220.77 218.55 213.95 217.66 211.08 207.68 205.18 202.84 204.01 213.86 227.56 237.36 231.26
158.53 159.97 161.65 161.43 162.14 162.67 164.88 162.49 160.05 162.48 164.67 164.41 163.7 163.9 164.95 164.82 165.82 162.77 164.2 166 164.25 164.84 166.29 165.8 166.33 165.96 167.76 168.21 165.85 166.4 169.87 171.18 168.63 170.59 174.55 177.73 182.01 188.51 193.88 199.02 204.6 205.14 207.91 215.48 223 227.93 231.63 232.09 230.86 238.93 233.58 236.3 234.83 238.76 242.56 244.13 241.47 236.14 233.63 228.92 225.36 221.14 216.08 213.01 214.89 208.11 205.8 211.06 205.14 215.53 226.24 235.84 233.72 230.69
155.45 156.62 158.66 161.32 162.91 162.49 162.2 162.74 160.86 158.94 158.93 162.16 162.18 161.35 162.21 164.07 164.92 165.7 166.33 165.76 165.61 164.98 165.33 166.13 168.24 163.79 164.66 166.61 165.79 166.95 171.51 171.4 169.56 171.23 175.88 180.43 180.66 184.47 187.21 190.89 194.85 198.26 201.05 203.63 208.56 215.43 222.9 224.07 228.12 232.8 230.99 231.14 235.28 236.93 234.92 233.65 234.96 233.13 231.14 226.58 225.37 218.45 214.85 210.79 208.25 205.55 200.32 213.56 214.61 216.29 223.8 220.43 214.13 220.64
149.52 152.59 154.94 157.89 162.23 162.64 158.36 160.77 161.93 163.06 159.2 159.47 160.02 160.79 159.4 159.51 160.77 161.8 164.13 165.29 166.09 164.26 164.06 164.07 162.77 164.42 169.4 168.86 169.45 170.76 170.18 171.12 172.4 173.79 176.32 176.5 175.48 178.82 182.51 185.29 190.98 196.53 200.58 203.93 205.91 206.32 211.94 220.91 222.12 228.06 233.21 230.89 225.41 231.65 230.51 231.68 229.81 229.74 226.3 229.23 230.98 225.83 221.8 209.91 202.78 198.55 205.04 216.18 212.33 204.85 211.85 211.88 210.72 215.54
155.18 152.46 153.74 153.32 160.92 158.81 156.54 157.56 158.76 157.91 157.86 159.42 163.73 164.44 162.35 160.73 159.59 160.67 163.89 162.64 162.81 162.41 162.61 162.16 163.77 166.94 167.78 168.2 167.46 166.81 167.26 167.92 168.28 171.8 173.43 175.22 177.57 175.95 178.84 182.82 187.38 193.26 197.48 201.32 205.98 208.04 207.38 215.56 218.06 219.66 228.43 230.78 226.15 235.06 227.59 223.82 222.38 221.21 222.35 222.78 224.46 218.6 216.98 203.44 198.22 200.17 205.73 207.53 206.75 209.38 205.11 206.42 210.45 213.93
156.98 156.69 150.57 152.53 149.37 153.61 156.57 156.46 156.12 154.7 153.74 154.91 156.93 159.39 162.82 165.7 165.72 163.26 162.1 161.38 162.52 164.9 165.13 165.84 167.46 168.4 170.61 171.79 170.56 171.41 171.3 171.85 170.53 172.94 173.3 175.84 177.04 176.5 177.03 185.14 187.4 191.48 194.38 199.05 204.73 208.09 206.76 207.61 212.65 218.04 220.3 226.89 225.96 224.57 230.58 226.93 219.51 217.86 217.74 218.48 213.88 213.74 214.06 202.88 199.14 203.18 205.71 204.27 205.46 211.86 207.8 205.18 210.45 215.94
156.56 157.01 156.6 154.72 150.29 150 147.61 155.26 155.28 154.95 153.95 157.74 157.98 157.97 160.5 160.02 161.32 161.84 161.02 161.56 162.99 164.29 165.34 166.75 167.72 169.51 169.4 169.49 169.37 170.6 170.62 172.03 173.86 177.58 180.23 178.47 179.79 180.21 179.1 180.92 184.02 190.31 193.43 196.1 201.43 206.32 206.75 205.72 209.98 218.38 217.63 222.88 226.7 222.26 220.65 229.37 217.92 214.05 212.86 211.31 208.5 208.08 213.64 206.77 198.37 204.84 208.82 204.23 210 211.87 208.27 211.01 210.84 215.45
155.04 154.2 153.79 150.55 149.08 150.41 150.59 149.4 154.1 151.2 155.29 157.64 157.45 156.78 158.79 159.33 159.13 161.09 163.81 163.86 165.81 166.43 166.83 167.36 168.56 168.73 167.88 167.97 169.66 171.32 174.76 176.01 176.86 177.84 173.86 177.89 184.29 189.1 190.66 190.39 187.07 186.18 190.09 194.79 198.47 203.23 205.32 205.99 207.49 214.66 216.73 218.35 224.08 223.98 219.47 225.07 225.65 214.75 211 208.6 208.43 212.62 214.92 204.62 200.61 205.88 206.38 208.22 214.52 218.18 212.07 213.48 215.17 216.46
154.75 153.69 152.02 149.55 148.28 147.42 148.35 152.09 150.74 148.16 151.21 156.27 155.71 155.7 157.15 155.71 159.42 164.91 164.55 165.56 167.03 167.11 167.17 168.29 167.32 166.61 166.37 172.34 173.14 174.22 171.41 174.32 173.41 176.88 182.15 183.08 181.65 176.41 176.64 177.71 179.78 183.42 188.42 192.65 196.68 201.14 204.14 204.81 206.56 208.58 214.01 215.64 221.39 224.38 221.28 217.31 224.57 224.87 213.68 209.56 210.79 214.05 210.31 203.93 201.62 206.37 207.24 208.36 210.58 212.79 211.57 213.94 211.42 211.8
155.37 153.79 151.35 150.61 149.28 149.08 149.27 148.91 152.97 152.95 151.6 152.48 153.75 155.35 153.81 155 157.52 158.38 160.3 162.07 164.47 165.13 165.14 164.7 165.47 166.64 167.94 168.6 169.76 171.49 174.54 177.26 176.67 178.2 180.42 183.19 185.76 185.54 179.11 177.53 180.24 182.64 183.96 189.41 195.2 198.96 203.25 205.12 205.06 206.78 208 213.09 218.39 219.9 222.98 219.38 215.35 222.93 216.57 210.55 212.81 218.63 208.58 205.42 204.2 208.78 211.09 208.31 211.17 211.92 211.69 210.85 210.64 211
156.46 154.65 152.43 150.95 150.43 149.57 148.44 148.14 151.28 152.77 153.62 154.98 154.38 158.03 159.84 159.15 158.57 158.52 160.84 163.99 164.41 164.27 166.06 167.46 167.12 169.94 170.88 170.71 171.07 172.47 174.68 174.74 176.54 179.05 180.09 182.17 181.86 180.75 178.79 179.44 182.45 183.85 185.62 186.05 191.21 196.75 201.26 198.66 201.7 203.17 206.57 211.66 217.18 221.86 220.06 220.15 214.97 222.12 212.61 211.86 215.03 216.05 209.64 206.81 205.96 204.24 208.88 212.79 210.73 210.15 213.5 211.83 211.87 213.4
156.05 154.25 152.91 151.57 150.23 148.94 148.34 150.02 151.42 151.36 154.65 156.28 154.7 159.91 160.83 161.92 163.93 162.11 161.79 161.03 164.97 167.16 167.99 168.51 168.75 167.87 168.01 169.43 170.24 171.75 173.81 174.52 176.33 178.78 180.14 178.28 176.77 177.76 180.1 182.31 184.68 186.64 188.8 188.68 188.56 192.93 193.7 194.72 198.12 202.16 205.38 211 215.91 222.78 221.99 221.48 215.96 216.92 216.52 212.91 210.61 211.92 212.12 211.61 217.15 211.55 209.08 210.65 210.7 209.99 209.42 210.17 213.44 215.53
156.77 155.04 153.53 153.23 152.02 150.63 149.49 149.12 151.13 153.53 155.16 157.7 158.96 159.7 160.07 161.21 162.59 160.07 160.81 162.1 164.41 165.48 166.74 166.92 167.14 167.53 168.19 169.42 171.75 172.86 173.18 175.35 176.31 178.08 176.01 172.48 172.95 175.02 179.25 183.28 185.26 188.59 191 191.73 189.01 189.26 192.19 194.99 198.55 203.7 207.43 211.91 218.01 217.82 220.74 224.02 223.27 216.29 216.6 218.48 213.01 210.42 216.41 219.82 209.48 210.42 211.29 214.55 212.6 212.75 212.96 214.05 218.06 218.64
161.11 159.18 156.34 154.07 153.55 152.76 153.65 151.89 150.59 152.33 154.17 156.85 158.04 158.1 159.1 159.13 160.14 158.96 160.74 160.95 163.41 164.35 164.83 165.12 166.54 168.12 169.03 170.65 171.67 172.42 173.13 173.74 174.6 175.76 172.36 170.48 171.65 173.76 177.3 179.18 182.5 185.52 187.63 189.9 190.48 189.66 192.12 194.48 196.76 200.44 205.32 211.01 214.37 218.38 220 223.14 224.63 222.86 218.55 227.45 215.22 218.5 221.1 220.39 214.58 213.3 213.14 214.88 214.38 215.66 216.97 219.17 221.8 224.33
160.16 160.18 158.79 157.96 157.13 157.62 155.41 153.51 152.5 152 154.08 155.17 157.11 157.71 157.44 158.8 159.28 159.69 159.43 162.1 161.77 162.92 163.58 164.95 167.57 168.39 169.53 170.39 169.8 170.1 171.32 170.72 168.4 168.77 168.93 169.83 171.53 173.72 175.32 177.36 179.96 182.02 184.79 187.2 189.11 190.61 191.97 194.72 198.46 201.82 207.42 210.9 220.11 222.56 224.65 224.18 225.27 228.88 221.17 226.34 222.48 227.75 223.8 218.99 221.18 220.9 219.03 216.52 217.25 218.34 220.44 219.48 222.1 231.87
156.53 158.79 159.03 157.81 154.97 153.46 153.26 152.74 151.93 152.4 154.08 154.9 155.84 157.26 158.45 158.67 159.26 160.26 160.7 162.19 161.84 163.87 164.66 164.55 167.39 168.32 168.79 165.86 164.44 165.24 165.63 167.64 169.98 172.78 171.41 172.96 173.14 174.3 179.44 180.06 184.71 183.74 183.83 186.28 187.73 189.9 192.17 195.07 199.22 204 211.78 213.32 218.26 222.91 225.92 227.16 230.51 231.87 224.58 226.58 229.78 235.75 226.88 225.97 224.18 224.03 223.92 223.9 222.71 224.94 225.12 225.43 230.75 244.15
154.44 158.14 161.18 159.25 155.78 154.27 152.7 152.42 151.86 152.03 152.96 154.43 155.11 156.21 157.15 158.04 160.28 160.8 161.04 162.66 162.77 165.8 164.7 164.14 165 164.4 164.07 164.82 167.53 169.27 171.58 172.63 171.46 173.98 174.61 176.39 178.25 175.89 177.76 182.43 184.85 184.01 184.43 187.06 189.04 191.61 194.95 199.35 205.88 210.75 216.53 215.32 215.42 223.05 229.08 232.17 232.7 229.57 226.46 233.25 232.82 235.8 233.16 226.94 228.06 227.74 231.84 232.48 230.48 226.37 231.28 238.58 232.55 242.19
156.31 160.86 159.69 156.89 154.07 152.57 151.9 151.71 152.11 152 152.06 153.45 153.99 155.58 156.04 157.09 158.66 160.98 161.4 161.65 163.68 163.1 162.83 164.63 166.51 167.97 169.46 171.64 168.35 169.55 173.28 176.01 174.54 177.95 178.52 177.53 180.96 182.15 177.8 178.69 181.63 183.57 186.84 190.82 193.88 196.54 202.03 206.89 212.12 213.92 218.28 215.01 221.37 220.73 224.3 230.56 231.58 231.78 233.87 237.35 232.25 236.71 235.52 231.65 234.92 238.93 235.45 234.65 235.12 233.13 238.97 250.77 251.83 241.77
159.26 159.23 156.71 155.14 153.99 153 151.55 151.03 151.23 151.77 151.54 151.77 153.16 154.32 155.99 156.56 158.18 159.86 160.91 161.44 162.61 164 164.93 166.66 167.81 169.61 171.2 173.39 173.65 167.78 172.96 173.55 174.57 175.92 179.12 181.48 184.18 188.15 180.39 180.08 182.3 185.7 189.06 193.27 199.62 202.36 204.67 203.33 211.81 216.04 220.19 213.56 220.83 223.67 228.3 234.19 238.09 236.16 234.74 235.96 240.01 241.4 241.96 237.21 238.6 241.86 242.48 241.53 244.14 250.3 253.89 259.12 263 257.41
159.57 158.12 156.24 155.09 154.04 153.14 151.3 150.96 150.93 150.88 150.85 150.99 151.84 153.43 155.61 156.52 158 159.25 160.36 161.49 161.04 162.36 163.65 164.66 167.56 169.86 172.2 174.88 174.11 169.44 175.71 177.72 179.44 182.59 182.63 184.54 183.97 182.24 182.01 183.5 185.77 188.7 192.21 197.99 202.32 205.55 209.36 205.1 207.86 211.11 216.74 216.99 223.93 231.25 232.42 237.83 233.55 233.84 237.78 242.8 244.63 245.06 240.49 242.34 247.84 246.51 251.28 253.1 251.54 261.28 279.37 285.74 296.77 309.46
155.49 156.22 157.16 155.27 153.19 151.39 151.6 151.04 151 149.92 149.5 150.65 151.52 153.48 155.83 157.59 159.25 160.88 161.55 161.37 161.29 162.58 163.53 166.7 168.78 170.55 172.9 174.86 174.35 172.33 176.07 178.52 177.64 175.34 174.08 174.82 176.41 178.42 182.22 186.42 191.83 195.35 195.7 197.13 201.13 203.83 209.47 205.61 210.17 210.53 217.93 222.27 224.85 229.23 234.11 236.55 233.02 238.53 243.47 246.38 238.6 237.7 242.21 254.16 252.94 250.87 264.74 271.99 270.37 268.48 272.48 301.91 314.72 337.37
153.41 157.16 156.9 157.45 153.64 152.14 151.88 151.01 150.74 150.23 149.16 150.27 151.87 153.65 154.88 156.63 158.32 160.88 162.02 162.41 162.69 163.27 164.46 166.48 169.48 172.22 172.98 174.42 174.92 174.56 170.69 170.01 169.41 170.57 172.22 174.59 177.64 182.54 188.79 193.88 199.34 198.23 197.11 203.02 200.78 203.71 205.53 206.22 209.72 214.1 220 226.91 227.81 229.66 235.03 238.55 237.08 239.42 239.88 237.42 237.89 239.26 240.67 243.68 247.18 254.98 262.52 272.1 281.85 287.26 293.04 298.89 315.93 319.29
154.08 154.19 154.78 153.59 153.28 153.78 153.57 152.94 151.38 150.63 149.44 149.9 151.12 152.25 153.69 156.29 158.17 160.53 162.57 164.31 165.5 166.15 166.65 168.26 170.76 173.94 175.25 174.99 177.87 178.44 172.35 172.62 169.9 172.25 176.73 178.71 184.32 186.14 188.21 192.01 197.43 199.3 196.4 199.8 198.92 202.72 206.67 212.5 215.26 218.17 222.95 225.81 231.74 232.41 233.33 236.96 232.85 233.91 239.44 238.08 237.46 239.15 245.19 246.73 245.94 247.36 254.01 266.32 278.64 283.1 290.44 298.97 322.72 308.82
151.29 151.59 152.76 153.9 153.24 153.06 152.88 152.19 151.98 150.37 150.16 151.89 152.94 154.93 156.21 157.94 159.69 160.7 161.87 164.84 167.77 168.86 170.11 170.91 172.55 175.25 176.9 177.04 179.32 180.97 177.87 175.09 172.45 173.69 183.76 181.67 184.42 189.92 191.14 190.53 196.45 199.57 201.09 203.75 204.88 208.96 212.49 211.8 217.55 221.18 225.56 229.33 234.9 232.23 233.35 232.36 235.42 238.43 242.85 242.52 241.94 242.09 242.97 246.45 250.65 254.12 253.89 258.38 267.62 274.85 295.25 323.16 316.88 297.47
