taller 1/variables/bioclim12.asc
ncols         720
nrows         300
xllcorner     -30.008325510658
yllcorner     30.991671412252
cellsize      0.083333337679505
NODATA_value  -9999
[rows 165 to 197 of 300, columns 584 to 656 of 720]
-9999 -9999 1451 1436.349 1457.24 1486.07 1593.28 1669.74 1721.88 1757.35 1632.46 1369.31 1423.16 1328.56 1336.7 1253.93 1199.74 1181.42 1143.79 1086.36 1034.12 1025.05 998.65 902.75 864.97 881.75 926.98 898.46 901.16 895.22 740.06 675.95 720.56 728.99 642.03 575.31 531.12 531.94 513.26 525.46 540.25 519.51 523.52 526.48 549.16 584.27 655.09 637.68 551.21 518.73 516.53 527.4 517.32 548.93 690.71 795.95 747.62 747.15 747.98 799.69 783.42 746.3 657.46 592.34 572.48 545.14 539.77 538.89 539.71 540.88 540.11 539.66 539.53
-9999 -9999 -9999 -9999 1482.696 1472.874 1420.24 1613.96 1702.91 1760.78 1782.34 1623.62 1398.58 1361.33 1386.08 1250.57 1204.37 1167.75 1136.33 1083.39 1037.13 1000.74 1004.67 988.67 953.85 979.43 968.06 1003.2 886.22 719.02 679.52 653.05 641.38 636.32 669.38 548.2 524.26 511.56 504.05 507.53 511.59 508.09 551.39 577.24 617.12 655.44 621.77 594.27 556.67 531.87 532.02 529.29 503.67 527.36 599.92 672.17 695.97 791.36 807.5 775.7 719.03 727.83 699 660.55 629.63 612.12 577.52 547.98 548.12 540.61 536.33 538 535.21
-9999 -9999 -9999 -9999 -9999 1492.45 1449.68 1508.07 1628.588 1697.115 1724.07 1643.21 1514.35 1382.03 1304.91 1257.44 1223.63 1167.45 1136.79 1103.7 1027.74 1028.68 1013.66 990.4 1023.45 1052.33 978.19 842.24 724.9 695.77 705.41 621.69 575.12 550.72 548.15 531.46 514.27 516.45 510.68 515.68 514.07 518.05 532.78 540.48 583.47 536.6 527.42 512.57 523.85 529.84 547.6 524.1 498.83 513.79 555.62 629.78 737.43 743.7 675.14 638.7 624.95 653.01 642.38 624.04 596.67 614.03 657.22 597.06 575.1 579.47 596.45 609.99 614.17
-9999 -9999 -9999 -9999 -9999 1460 1465.2 1519.01 1581.284 1618.147 1625.79 1594.74 1521.14 1422.62 1287.68 1225.85 1227.93 1167.38 1139.74 1114.12 1048.38 1083.36 1069.13 1048.87 1055.14 1079.01 946.86 756.89 733.84 727.06 694.9 651.27 621.6 556.45 521.98 509.3 508.58 523.68 506.79 497.47 506.97 497.8 487 501.53 503.61 496.48 499.89 506.03 524.45 513.37 541.82 522.03 508.99 509.49 539.36 579.13 687.64 605.64 576.08 598.13 648.31 670.78 650.6 642.54 658.59 663.11 651.67 685.22 681.75 625.01 707.11 715.27 698.85
-9999 -9999 -9999 -9999 -9999 -9999 -9999 1487.818 1516.229 1540.717 1516.407 1514.61 1445.47 1391.12 1350.44 1293.17 1225.44 1171.11 1139.22 1101.69 1056.84 1066.75 1096.66 1070.65 1076.31 1023.54 853.85 752.29 824.26 814.37 701 726.99 646.81 619.12 588.13 520.1 514.55 520.61 508.63 486.07 481.96 489.03 479.19 471.22 476.44 486.14 492.46 499.36 547.03 525.71 528.24 547.87 528.86 497.79 534.69 660.26 620.92 566.5 564.7 574.31 636.29 671.31 667.45 697.03 742.81 718.24 723.36 743.38 666.32 627.84 728.51 700.06 653.85
-9999 -9999 -9999 -9999 -9999 -9999 -9999 -9999 -9999 -9999 1493 1441.455 1390.99 1367.88 1340.43 1282.69 1208.06 1164.85 1148.36 1103.4 1036.74 1072.41 1119.9 1066.79 1050.58 991.55 828.67 819.94 889.87 793.81 700.13 818.23 831.89 738.64 657.98 566.42 514.58 499.65 492.82 481.43 480.11 476.32 471.18 482.19 522.7 574.32 593.89 564.93 532.9 531.52 538.99 610.34 589.29 531.42 515.94 613.94 769.23 707.42 647.66 591.53 597.06 666.19 686.56 679.54 703.98 706.35 705.27 690.24 668.89 646.38 737.75 717.43 688.7
-9999 -9999 -9999 -9999 -9999 -9999 -9999 -9999 -9999 -9999 -9999 1369.438 1362.68 1330.89 1296.76 1270.37 1206.94 1162.31 1153.49 1096.65 1027.38 1047.55 1088.63 1021.12 1019.69 983.18 896.69 835.44 881.18 776.38 703.62 711.13 903.25 769.61 679.07 550.27 513.76 496.41 491.71 484.45 478.01 474.56 478.09 497.74 510 516.58 536.03 545.46 545.78 536.04 533.98 583.64 599.92 513.54 491.26 568.19 694.58 789.57 768.37 606.55 566.69 614.92 649.34 675.49 670.14 675.71 690.24 672.28 655.83 671.13 692.33 730.32 723.02
-9999 -9999 -9999 -9999 -9999 -9999 -9999 -9999 -9999 -9999 1281 1308.87 1311.6 1271.35 1238.77 1236.95 1201.76 1150.69 1136.26 1107.39 1053.05 1001.7 1073.95 1018.76 1045.23 1028.3 934.96 828.85 812.48 832 684.4 686.14 801.49 646.21 623.59 556.45 513.79 520.93 493.3 477.63 477.42 478.96 483.71 477.89 481.7 473.58 471.97 509.4 519.02 548.51 559.6 564.29 550.28 511.55 481.84 509.29 577.35 682.54 675.74 631.57 551.84 549.32 602.69 611.19 631.8 642.28 658.01 679.96 677.94 721.16 760.69 746.83 713.7
-9999 -9999 -9999 -9999 -9999 -9999 -9999 -9999 -9999 1260.5 1253.729 1259.62 1265.29 1248.25 1203.41 1190.3 1176.88 1139.65 1138.2 1099.26 1053.88 981.37 988.87 1009.33 1008.59 1016.79 935.13 790.87 776.33 819.97 708.17 695.93 682.39 637.88 593.77 549.59 523.47 545.27 506.77 477.52 471.21 465.82 474.5 502.89 482.02 490.62 481.98 465.19 478.72 526.98 580.86 563.45 555.41 532.77 494.57 479.96 503.56 529.68 561.43 646.69 610.01 546.45 544.39 566.35 587.87 638.25 679.62 698.86 693.63 701.55 719.57 691.17 669.82
-9999 -9999 -9999 -9999 -9999 -9999 -9999 -9999 -9999 1149.895 1180.802 1217.49 1224.59 1235.29 1205.98 1177.9 1155.93 1129.43 1114.08 1126.37 1069.09 1011.75 960.89 1027.93 1047.95 930.91 884.58 803.15 782.85 771.46 793.09 664.82 617.12 596.45 605.82 613.1 591.8 521.73 500.67 482.53 478.91 469.5 461.59 484.25 491.96 490.37 487.11 464.31 458.43 461.52 491.59 520.45 523.43 507.92 475.22 471.94 482.49 495.66 537.87 607.01 580.66 564.82 558.89 578.79 562.29 589.45 613.55 665.65 650.92 606.02 649.07 688.32 691.46
-9999 -9999 -9999 -9999 -9999 -9999 -9999 -9999 -9999 1099.667 1126.36 1170.98 1195.72 1211.77 1194.09 1160.41 1151.79 1140.18 1120.17 1104.78 1072.22 1049.6 1045.97 977.84 1005.97 924.39 884.57 880.91 805.53 810.23 754.85 683.77 613.18 592.28 591.62 610.14 600.14 540.8 565.12 502.39 501.99 504.29 475.44 480.59 466.75 457.98 478.4 478.22 495.74 515.72 528.03 524.09 521.53 511.5 527.81 502.36 479.08 519.7 554.65 652.74 576.61 565.35 554.93 595.26 576.92 558.94 569.51 588.87 594.38 573.31 607.39 635.95 696.77
-9999 -9999 -9999 -9999 -9999 -9999 -9999 -9999 -9999 1068.667 1098.082 1135.54 1167.21 1184.09 1172.75 1143.78 1124.68 1117.9 1083.23 1044.39 1054.48 1069.79 1069.93 938.28 927.74 883.28 849.62 882.74 836.53 732.77 689.83 678.29 612.11 593.48 587.99 627.93 588.44 571.69 533.49 517.36 532.27 518.07 524.17 535.57 491.61 452.54 451.49 457.42 472.56 477.03 476.5 477.54 500.33 521.81 521.2 485.66 486.11 507.1 553.39 599.25 595.31 555.33 580.12 594.78 628.14 670.62 591.69 583.98 600.21 561.02 562.18 609.07 651.16
-9999 -9999 -9999 -9999 -9999 -9999 -9999 -9999 -9999 1040 1058.433 1102.02 1133.43 1143.39 1135.85 1122.19 1107.13 1089.98 1063.86 1025.36 1011.91 1076.9 1060.07 933.31 871.17 855.54 843.28 867.72 876.56 774.54 685.03 705.56 621.53 590.35 583.48 604.98 543.53 559.52 598.36 556.59 560.58 607.24 651.19 581.22 484.83 456.09 448.64 454.63 460.12 453.91 477.43 480.22 471.38 456.05 456.35 458.98 465.03 505.64 557.03 564.08 645.52 601.26 517 529.23 547.68 560.19 551.68 583.97 563.93 591.92 615.72 567.94 555
-9999 -9999 -9999 -9999 -9999 -9999 -9999 -9999 -9999 1032.588 1043.07 1064.49 1097.98 1110.32 1107.77 1096.41 1077.46 1059.89 1047.06 1062.93 1033.1 984.61 978.27 934.21 867.01 835.6 900.78 842.01 779.78 774.13 711.44 665.24 614.79 590.44 590.77 592.86 554.27 583.5 644.07 615.56 601.6 662.47 579.53 523.37 497.56 456.82 446.38 449.95 454.86 451.87 466.17 475.84 485.26 510.71 476.53 457.79 460.47 468.97 485.53 508.89 547.95 570.35 573.95 511.72 508.39 514.68 525.13 540.13 580.76 610.9 617.61 606.97 580.42
-9999 -9999 -9999 -9999 -9999 -9999 -9999 -9999 -9999 1007.657 1020.58 1035.29 1055.35 1067.52 1070.69 1064.16 1054.24 1051.98 1065.66 1064.21 1057.02 978.7 932.12 919.17 864.88 837.79 924.09 808.87 757.38 831.45 816.12 690.86 613.94 592.24 592.36 623.6 588.41 639.43 672.42 607.7 502.18 479.23 494.01 573.86 538.22 465.18 450.78 445.12 446.35 447.97 459.78 464.21 483.52 505.23 489.59 474.46 460.24 462.63 465.86 472.79 483.81 499.77 517.01 510.55 509.01 512.26 520.64 540.63 568.75 589.34 581.52 571.73 546.42
-9999 -9999 -9999 -9999 -9999 -9999 -9999 -9999 979 979.6667 1014.138 1018.12 1032.4 1043.5 1045.53 1041.14 1045.53 1036.16 1032.34 1029.81 1053.97 989.39 941.94 930.73 863.47 874.94 905.74 785.21 749.49 808.46 891.51 796.61 630.28 597.14 581.55 584.3 660.66 809.73 617.08 507.55 479.19 471.14 496.25 577.95 534.71 460.19 446.34 442.23 446.88 450.21 455.1 461.66 483.6 504.7 499.93 492.33 476.91 464.37 465.2 469.46 475.16 481.46 492.39 516.12 559.04 594.38 542.99 531.47 548.75 551.3654 540.4318 531.7422 532.32
-9999 -9999 -9999 -9999 -9999 -9999 -9999 -9999 977.6667 979.9672 994.6875 1006.88 1015.63 1023.05 1025.98 1026.35 1051.07 1051.47 1029.9 1033.26 1034.65 1038.03 984.31 937.01 869.33 876.06 934.84 785.32 748.89 739.14 856.2 787.95 639.95 603.98 588.62 595.77 663.07 673.61 621.76 546.12 495.87 474.76 466.92 489.18 466.49 456.31 447.25 442.44 442.42 445.59 448.43 458.42 472.62 489.77 510.52 527.97 521.31 497.69 491.86 485.57 482.96 482.96 492.56 544.95 586.95 564.39 548.27 536.7347 533.7 -9999 -9999 530.2917 530.52
-9999 -9999 -9999 -9999 -9999 -9999 -9999 -9999 963.8696 973.1429 987.4846 1001.6 1009.52 1017.37 1020.93 1018.89 1051.17 1067.95 1042.56 1032.52 1023.17 1076.8 981.15 927.92 872.41 835.78 892.09 798.39 777.68 733.35 817.32 799.38 690.13 613.08 594.68 593.52 606.37 547.23 530.31 534.34 492.56 473.4 461.9394 455.2929 450.77 447.81 446.27 442.22 446.42 449.22 455.52 458.78 454.19 466.54 484.69 497.88 505.38 500.93 508.34 543.44 524.9677 500 495.3684 507.3615 515.06 532.2626 534.2167 523.125 -9999 -9999 526.25 546.5455 550.8727
-9999 -9999 -9999 -9999 -9999 -9999 -9999 -9999 957.8444 970.44 993.25 1004.1 1022.52 1034.73 1069.14 1032.52 1052.49 1100.34 1074.99 1054.88 1023.15 999.08 959.33 940.85 869.75 828.28 822.26 811.22 800.11 791.75 764.38 762.82 753.5 669.02 630.81 591.44 557 541.53 562.19 605.96 503.38 474.45 463.98 455.9293 449.15 445.76 442.73 440.83 439.84 441.39 446.61 456.03 460.13 450.3 459.04 466.03 467.06 480.38 488.93 494.22 490 -9999 -9999 -9999 523.5555 522 -9999 -9999 -9999 -9999 552.3929 585.44 599.41
-9999 -9999 -9999 -9999 -9999 -9999 -9999 -9999 954.2075 970.3171 993.27 1023.23 1057.01 1074.32 1107.16 1090.06 1090.7 1104.2 1098.78 1067.46 1058.84 1025.52 977.76 965.23 876.22 842.44 876.94 788.33 794.23 827.71 738.89 725.29 767.99 730.47 620.25 581.86 561.65 562.56 650.63 743.66 567.49 481.02 466.7253 456.8824 451.3517 447.15 442.48 439.3 439.49 438.551 439.9286 450.25 473.56 493.92 465.5 470.97 486.96 464.98 473.51 490.93 511.1895 485.65 -9999 -9999 -9999 -9999 -9999 -9999 -9999 -9999 534.2778 545.4099 564.5074
-9999 -9999 -9999 -9999 -9999 -9999 -9999 -9999 -9999 982.2571 1002.79 1034.74 1056.99 1092.69 1129.57 1137.05 1140.85 1139.55 1118.77 1077.22 1046.28 1055.07 1027.37 956.15 893.23 909.5 882 808.25 780.55 752.83 730.92 693.19 675.22 703.68 628.07 590.57 564.97 574.57 682.87 687.93 665.13 519.5 473.84 460.56 453.03 450.06 443.22 440.3793 438.4634 437.3333 438.5 438.9211 445.88 472.37 506.34 496.31 479.06 477.87 495.24 523.37 538.81 513.6154 502.8261 -9999 -9999 -9999 -9999 -9999 -9999 -9999 -9999 -9999 -9999
-9999 -9999 -9999 -9999 -9999 -9999 -9999 1013 1022.6 978.0769 1047.211 1065.43 1105.22 1116.25 1161.15 1177.8 1177.45 1179.29 1131.27 1133.83 1080.06 1037.99 1008.69 957.15 932.54 980.44 906.23 855.05 815 766.86 736.1 704.78 708.66 693.48 707.42 628.47 598.89 558.26 573.89 646.27 669.91 596.44 492.72 509.56 472.44 462.86 450.44 442.8 -9999 -9999 440 443.92 452.05 458.46 470.48 499.63 510.19 524.3 545.62 524.13 526.99 502.0114 480.4286 -9999 485.1176 -9999 -9999 -9999 -9999 -9999 -9999 -9999 -9999
-9999 -9999 -9999 -9999 -9999 -9999 -9999 -9999 1046.161 1006.625 1100.29 1095.52 1144.87 1160.67 1187.82 1235.96 1198.54 1186.51 1220.56 1130.02 1082.7 1042.16 1012.81 975.88 949.93 1037.74 975.21 886.11 846.97 804.61 762.71 723.41 690.42 673.3 721.26 689.77 623.64 568.81 553.78 560.52 594.59 537.13 522.7 546.94 481.65 462.4 450.28 442.1818 -9999 -9999 434 438.2143 443.0128 452.79 468.67 474.49 475.63 510.84 505.04 483.51 485.7439 486.5833 482.5313 486.0476 498.8276 500.9245 498.8182 -9999 -9999 -9999 -9999 -9999 -9999
-9999 -9999 -9999 -9999 -9999 -9999 -9999 -9999 1055.333 1062.838 1109.05 1150.76 1175.65 1175.5 1167.29 1212.74 1298.89 1239.08 1240.91 1281.73 1161.89 1106.84 1052.52 998.69 990.61 969.32 941.21 907.95 876.56 842.73 776.9 743.78 707.11 672.22 686.32 685.68 603.93 570.63 547.23 537.94 528.18 576.25 691.12 519.71 468.53 455.21 446.27 442.4286 -9999 -9999 -9999 -9999 440 442.0357 446.5 449.989 452.434 464.1187 464.046 482.62 478.8649 -9999 -9999 -9999 513.5883 512.7368 527.8734 504 -9999 -9999 -9999 -9999 -9999
-9999 -9999 -9999 -9999 -9999 -9999 -9999 -9999 -9999 1112.857 1142.849 1162.385 1184.66 1229.35 1187.1 1180.58 1235.89 1357.26 1175.02 1149.53 1192.74 1191.19 1061.65 1020.44 1004.72 971.69 940.8 908.75 873.84 852.55 799.11 763.63 728.39 691.72 659.95 688.37 689.32 583.37 553.17 537.58 562.99 701.04 668.07 544.83 484.14 456.76 445.3951 -9999 -9999 -9999 -9999 -9999 -9999 -9999 -9999 447 449 -9999 -9999 464.1 472.7609 488.8649 493.1111 -9999 -9999 -9999 540.4445 562.0732 535.05 -9999 -9999 -9999 -9999
-9999 -9999 -9999 -9999 -9999 -9999 -9999 -9999 -9999 -9999 -9999 1177 1217.634 1252.176 1255.77 1216.74 1326.01 1486.67 1343.79 1183.47 1169.31 1127.04 1160.63 1108.51 1054.25 1005.2 973.48 994.31 932.6 884.18 828.31 789.12 747.08 708.13 677.55 656.22 650.68 601.53 576.42 608.76 618.23 610.4 608.14 684.75 725.52 562.8 460.6557 -9999 -9999 -9999 -9999 -9999 -9999 -9999 -9999 445 451.4324 454.4546 -9999 -9999 -9999 490.25 526.9899 501 471.5 -9999 -9999 621.8333 573.6296 -9999 -9999 -9999 -9999
-9999 -9999 -9999 -9999 -9999 -9999 -9999 -9999 -9999 -9999 -9999 -9999 -9999 1270 1290.34 1296.64 1259.4 1233.57 1514.64 1282.34 1165.7 1134.05 1123.36 1135.9 1095.8 1017.23 979.03 969.02 937.75 922.81 857.59 807.25 764.33 730.31 695.73 672.43 659.81 626.51 610.74 638.99 608.98 545.27 546.72 668.71 821.55 674.23 485.6889 454.0909 -9999 -9999 -9999 -9999 -9999 -9999 -9999 -9999 456.8182 462.9351 470.9 456.2 -9999 482.3 494.1053 491.9556 476.4 -9999 -9999 -9999 -9999 -9999 -9999 -9999 -9999
-9999 -9999 -9999 -9999 -9999 -9999 -9999 -9999 -9999 -9999 -9999 -9999 -9999 -9999 1287 1370.872 1404.79 1384.06 1331.51 1388.31 1272.44 1187.1 1166.43 1149.23 1068.87 1056.17 1022.21 966.94 945.27 941.72 897.83 833.34 788.02 757.61 727.82 683.62 655.84 691.4 648.75 632.93 577.83 550.66 545.27 577.96 612.96 610.64 598.64 462.8384 441.7843 -9999 -9999 -9999 -9999 -9999 -9999 -9999 452.1333 467.4643 472.6038 471.3615 467.4048 460 464.5 482.8958 470.3333 -9999 -9999 -9999 -9999 -9999 -9999 -9999 -9999
-9999 -9999 -9999 -9999 -9999 -9999 -9999 -9999 1036.067 1033.5 -9999 1108.571 -9999 -9999 -9999 1365.158 1330.612 1371.84 1299.95 1240.55 1311.41 1261.47 1201.48 1179.47 1077.45 1042.31 1006.32 980.31 966.18 960.07 941.89 873.14 827.48 786.37 739.63 709.33 688.49 688.59 682.61 646.27 575.13 551.98 533.19 565.89 541.4 493.69 500.86 525.91 502.7766 479.6429 -9999 -9999 -9999 -9999 -9999 -9999 -9999 -9999 -9999 -9999 -9999 -9999 -9999 -9999 -9999 -9999 -9999 -9999 -9999 -9999 -9999 -9999 -9999
-9999 -9999 -9999 -9999 -9999 -9999 -9999 -9999 -9999 -9999 1067.2 1121.143 1147.508 1196.838 1257.07 1260.088 1273.462 1322.33 1329.79 1238.98 1210.36 1228.83 1195.34 1179.54 1131.65 1064.75 1035.75 1005.43 968.29 944 937.74 886.2 838.26 801.86 750.8 730.87 710.45 703.66 711.57 702.73 587.22 560.19 569.01 510.66 476.55 474.77 472.38 568.2 672.87 548.61 464.5946 -9999 -9999 -9999 -9999 -9999 -9999 -9999 -9999 -9999 -9999 -9999 -9999 -9999 -9999 -9999 -9999 -9999 -9999 -9999 -9999 -9999 -9999
-9999 -9999 -9999 -9999 -9999 -9999 -9999 -9999 -9999 -9999 -9999 1108 1162.243 1193.73 1212.48 1237.857 1235.536 1270.75 1278.39 1279.55 1265.94 1231.42 1198.94 1169.29 1138.31 1105.5 1056.1 1018.37 986.69 994.27 958.33 941.35 889.55 830.61 777.81 737.93 707.54 694.49 677.49 660.4 606.26 577.59 537.11 505.09 476.12 463.64 463.67 493.1 500.23 479.93 467.9857 -9999 -9999 -9999 -9999 -9999 -9999 -9999 -9999 -9999 -9999 -9999 -9999 -9999 -9999 -9999 -9999 -9999 -9999 -9999 -9999 -9999 -9999
-9999 -9999 -9999 -9999 -9999 -9999 -9999 -9999 -9999 -9999 -9999 -9999 1162 1148.91 1143.321 1138.091 -9999 1235 1208.918 1225.13 1215.09 1202.45 1177.12 1159.81 1130.61 1092.51 1073 1032.93 997.91 998.45 972.87 929.77 948.51 883.68 828.4 749.2 714.25 692.09 673.29 644 604.06 587.98 547.25 511.93 484.09 468.97 467.66 466.98 481.22 560.12 532.7959 471 -9999 -9999 -9999 -9999 -9999 -9999 -9999 -9999 -9999 -9999 -9999 -9999 -9999 -9999 -9999 -9999 -9999 -9999 -9999 -9999 -9999
-9999 -9999 -9999 -9999 -9999 -9999 -9999 -9999 -9999 -9999 -9999 -9999 -9999 -9999 1150.921 1130.333 -9999 1135.5 1141.677 1171.116 1154.22 1166.96 1159.64 1153.56 1126.89 1087.47 1068.5 1035.35 1003.14 979.39 1002.39 940.59 930.52 918.76 872.13 761.99 725.07 698.17 670.84 640.26 609.1 590.73 574.6 528.49 506.44 494.17 486.76 481.05 477.85 488.04 537.24 545.4457 533.3774 488 -9999 -9999 -9999 -9999 -9999 -9999 -9999 -9999 -9999 -9999 -9999 -9999 469 -9999 -9999 -9999 -9999 -9999 -9999
