taller 1/variables/bioclim16.asc
ncols         720
nrows         300
xllcorner     -30.008325510658
yllcorner     30.991671412252
cellsize      0.083333337679505
NODATA_value  -9999
[rows 198 to 230 of 300, columns 296 to 369 of 720]
164.31 154.18 150.98 150.43 144.95 146.33 145.92 149.78 154.21 152.63 157.66 154.84 150.23 148.38 160.61 170.1 166.22 156.59 149.29 149.09 144.6 142.21 140.99 138.79 137.56 139.16 142.27 140.02 138.83 139.93 140.35 140.64 142.44 142.58 144.54 144.19 147.68 150.83 144.72 142.76 143.3 142.94 140.29 140.31 137.75 129.34 131.01 135.09 133.47 136 141.35 148.2 153.67 158.71 161.35 165.45 171.86 178.98 185.49 189.28 190.9545 -9999 -9999 -9999 -9999 -9999 -9999 -9999 -9999 -9999 -9999 -9999 -9999 -9999
161.52 151.86 150.6 147.44 146 144.04 146.44 149.35 152.67 158.92 161.5 162.69 154.56 156.45 161.17 158.66 161.5 157.74 153.11 154.61 158.69 149.47 142.44 140.4 138.75 138.81 139.47 138.93 138.36 139.51 139.59 139.79 140.51 140.72 140.43 140.42 141.77 142.08 139.9 139.67 139.14 138.85 137.53 136.56 136.4 133.37 125.74 126.36 130.79 135.19 142.21 147.71 153.26 156.82 160.62 166.28 172.91 180.28 185.33 189.39 192.6 -9999 -9999 -9999 -9999 -9999 -9999 -9999 -9999 -9999 -9999 -9999 -9999 -9999
160.07 153.33 150.76 149.01 155.9 153.22 150.59 156.19 154.69 156.28 155.72 150.06 148.38 150.47 159.27 159.37 153.21 153.28 158.44 156.31 162.87 148.35 141.77 140.7 139.56 139.68 139.51 139.12 139.09 139.18 140.08 140.4 140.95 140.36 140.04 140.04 139.65 138.95 138.16 135.69 135.49 134.44 133.98 134.02 133.31 132.94 133.43 132.28 133.56 137.22 140.96 146.58 152.83 157.03 162.81 169.29 173.53 179.35 184.9 189.36 194.5177 198 -9999 -9999 -9999 -9999 -9999 -9999 -9999 -9999 -9999 -9999 -9999 -9999
161.62 158.75 155.44 154.15 156.17 163.03 160.79 157.4 154.52 156.75 164.28 159.48 150.47 149.05 156.8 155.37 152.38 146.65 145.86 149.64 146.05 142.2 142.04 141.94 141.51 141.33 141.12 140.95 140.51 140.9 142 142.77 143.93 143.59 143.55 140.34 138.16 136.27 134.96 133.29 132.01 131.62 130.99 130.82 130.91 129.27 129.27 132.48 137.06 142.36 144.93 144.84 156.46 162.44 163.61 167.42 173.87 177.16 183.03 189.34 195.22 199.6471 -9999 -9999 -9999 -9999 -9999 -9999 -9999 -9999 -9999 -9999 -9999 -9999
162.21 161.15 162.36 162.91 160.74 163.17 168.53 162.26 159.1 164.86 167.49 163.1 160.14 154.87 157.67 157.24 150.55 145.74 144.31 144.09 144.1 144.27 144.47 144.03 143.21 143.31 143.45 143.24 144.53 146.75 147.68 148.98 148.96 148.33 149.5 145.67 140.83 136.56 133.81 132.11 131 130.97 130.12 129.74 129.01 131.7 135 140.7 148.99 148.82 147.4 146.89 159.58 162.16 161.82 166.15 171.16 175.26 181.96 192.06 198.34 202.537 -9999 -9999 -9999 -9999 -9999 -9999 -9999 -9999 -9999 -9999 -9999 -9999
167.66 167.39 164.04 164.48 164.5 166.07 168.7 170.17 166.74 163.2 160 166.3 164.81 154.65 158.14 151.93 149.18 147.6 146.76 146.52 146.42 146.62 146.58 146.52 147.13 147.96 148.28 149.47 151.73 156.4 158.08 157.99 157.89 155.39 156.98 154.59 146.53 137.78 132.93 130.45 129.94 130.22 130.31 132.57 138.64 141.94 148.36 153.92 156.57 152.17 149.28 149.25 160.46 163.26 163.78 166 170.12 175.02 181.77 192.94 200.71 208.2947 214.2727 -9999 -9999 -9999 -9999 -9999 -9999 -9999 -9999 -9999 -9999 -9999
173.66 169.76 172.39 180.68 173.58 172.66 170.8 169.21 167.28 171.47 166.85 164.23 165.34 160.6 159.87 155.17 153.21 151.35 150.2 150.37 150.23 150.13 149.74 149.31 150.36 153.98 156.14 158.33 160.46 157.62 158.98 160.49 162.81 164.07 165.62 160.38 150.64 140.31 134.14 130.95 129.63 130.68 132.78 140.52 146.24 147.52 151.97 151.14 145.1 145.45 148.47 153.23 163.88 163.89 164.38 166.28 170.29 176 182.8 192.36 201.84 210.51 220.3797 229.8333 -9999 -9999 -9999 -9999 -9999 -9999 -9999 -9999 -9999 -9999
181.29 178.43 173.68 176.33 171.96 173.07 174.55 174.8 178.59 179.16 172.45 168.32 170.87 168.94 162.88 160.16 157.75 155.62 156.99 156.49 156.46 160.15 158.65 152.29 154.03 156.23 157.55 157.71 162.03 162.63 160.37 161.89 162.41 162.93 164.24 161.39 154.05 145.05 138.02 133.92 130.28 132.72 135.38 138.03 142.39 144.34 145.74 143.55 142.49 143.81 146.66 150.22 157.49 160.26 161.58 167.92 172.81 174.99 182.66 191.91 201.58 211.57 223.32 235.2326 251.9333 264.7273 -9999 -9999 -9999 -9999 -9999 -9999 -9999 -9999
191.38 189.09 187.99 177.32 180.89 179.6 177.23 174.15 177.89 178.19 179.42 176.82 172.85 171.82 170.72 168.56 171.85 167.51 160.27 159.29 158.09 158.86 158.37 156.64 159.15 158.84 158.12 158.79 162.63 164.82 164.46 164.4 164.71 163.91 162.63 159.24 157.54 153.42 150.56 147.01 139.87 139.63 138.94 139.57 142.25 144.05 143.98 141.81 138.85 144.69 150.67 154.33 154.27 156 164.33 169.87 173.7 182.79 188.84 190.94 203.41 211.91 219.82 233.98 247.53 257.31 259.9184 -9999 -9999 -9999 -9999 -9999 -9999 -9999
200.26 195.94 189.31 185.48 185.68 181.76 180.7 181.74 181.17 181.15 184.36 186.63 183.25 178.94 175.6 176.55 180.36 177.06 165.41 164.12 165.96 162.5 161.85 160.46 161.82 161.76 161.14 160.83 161.99 164.44 167.8 165.37 159.61 158.24 164.3 172.2 175.88 173.76 171.79 161.45 148.46 140.39 140.53 139.21 137.33 136.36 135.04 141.39 138.47 139.48 144.48 148.85 147.87 154.85 162.51 170.97 180.94 187.06 188.23 193.22 208.15 211.77 218.87 227.07 239.94 250.2651 255.0435 -9999 -9999 -9999 -9999 -9999 -9999 -9999
200.13 198.03 195.94 194.18 198.75 192.63 192.25 195.71 193.94 193.16 191.96 191.63 191.02 186.83 185.82 183.45 177.3 171.67 176.42 167.75 170.89 168.66 167.14 164.5 165.3 168.76 165.59 163.3 162.06 166.47 161.66 159.97 149.88 161.95 179.77 188.7 174.91 171.41 165.72 155.46 144.56 138.38 132.37 129.81 128.19 128.41 129.17 133.41 139.16 140.35 139.84 143.45 146.82 149.7 160.06 172.87 174.78 187.86 193.91 199.77 202.83 210.93 213.13 221.3924 234.8235 240 -9999 -9999 -9999 -9999 -9999 -9999 -9999 -9999
209.27 208.95 208.46 206.04 204.83 202.3 199.94 197.27 198.49 204.82 210 203.24 198.38 194.85 186.16 182.98 183.13 181.58 177.29 178.65 176.4 174.98 173.75 172.38 170.63 168.68 165.97 160.87 166.07 160 150.41 149.09 158.6 186.18 187.58 189.26 172.8 160.29 152.16 142.25 132.49 127.79 127.04 122.43 118.37 120.14 125.87 128.23 133.07 137.34 137.54 144.08 152.22 149.05 154.29 172.7 173.8 175.54 174.51 187.85 184.68 192.4524 204 213.8095 -9999 -9999 -9999 -9999 -9999 -9999 -9999 -9999 -9999 -9999
219.45 218.7 219.03 215.34 216.05 215.66 213.96 210.77 207.32 204.73 204.76 215.08 211.77 211.21 206.27 193.49 182.95 189.73 195.93 197.79 197.45 184.3 177.73 172.82 168.34 161.65 163.61 163.19 158.29 149.56 147.97 155.59 160.63 163.65 179.91 184.38 159.51 146.59 139.29 129.37 130.72 123.91 117.72 113.91 115.58 119.63 124.71 125.89 127.96 133.03 147 143.33 145.12 146.74 146.12 158.05 157.25 157.84 158.67 165.2237 172 -9999 -9999 -9999 -9999 -9999 -9999 -9999 -9999 -9999 -9999 -9999 -9999 -9999
229.15 231.15 229.79 227.69 226.28 226.2 225.34 221.82 220.04 217.69 212 209.71 204.01 204.9 204.36 203.95 189.87 191.18 189.82 189.48 192.41 185.27 177.15 169.64 160.35 158.46 157.93 155.59 150.64 141.57 145.08 150.22 154.81 175.49 184.4 167.43 143.18 131.37 134.67 136.23 124.29 116.35 116.69 114.47 113.88 116.09 116.42 121.26 126.26 127.25 135 138.83 148.24 143.46 139.94 141.78 145.72 145.62 150.1467 154.1333 -9999 -9999 -9999 -9999 -9999 -9999 -9999 -9999 -9999 -9999 -9999 -9999 -9999 -9999
234.23 232.12 236.68 242.72 236.17 231.14 232.83 230.13 228.64 225.29 225 221.03 217.91 205.47 209.69 203.61 193.94 190.43 190.21 182.73 178.58 174.99 165.55 157.8 156.97 160.2 157.95 151.97 138.45 152.5 167.49 156.46 180.76 196.95 174.51 169.27 157 157.48 162.3 164.04 146.92 132.31 114.47 110.32 112.18 111.99 111.39 116.91 123.04 136.16 136.14 133.39 137.39 139.27 135.81 134.76 137.6 140.4681 -9999 -9999 -9999 -9999 -9999 -9999 -9999 -9999 -9999 -9999 -9999 -9999 -9999 -9999 -9999 -9999
247.51 243.59 240.95 239.34 243.12 239.39 233.74 233.43 234.02 228.94 225.82 220.19 223.19 210.92 207.3 203.56 193.75 200.07 183.33 175.74 171.86 169.81 158.87 162.49 165.89 161.46 154.08 148.64 154.41 163.08 168.05 163.19 194.47 192.44 176.37 194.34 171.96 175.43 177.14 173.2 155.89 125.15 114.41 112.05 112.59 113.63 117.38 112.97 115.31 121.19 121.49 120.31 122.56 122.11 123.84 127.64 131.8192 138.746 141 -9999 -9999 -9999 -9999 -9999 -9999 -9999 -9999 -9999 -9999 -9999 -9999 -9999 -9999 -9999
245.66 248.76 251.51 250.91 242.16 243.53 238.98 232.17 233.2 229.13 215.85 212.79 211.07 204.58 204.07 199.43 197.79 186.94 180.26 174.57 177.28 161.97 160.33 162.05 156.52 153.05 153.69 154.62 159.21 196.47 164.73 192.24 212.61 203.82 204.47 199.59 196.81 188.25 191.05 161.95 159.96 139.16 118.88 116.49 117.71 118.91 123.63 119.48 111.35 114.01 116.48 117 118.64 119.05 121.2 125.01 128.5 -9999 -9999 -9999 -9999 -9999 -9999 -9999 -9999 -9999 -9999 -9999 -9999 -9999 -9999 -9999 -9999 -9999
244.02 245.75 252.31 253.64 252.09 248.09 247.18 235.94 229.89 223.9 212.98 208.72 203.62 197.52 192.99 187.89 184.37 181.57 178.72 177.26 170.81 174.62 183.38 181.28 174.1 160.49 146.19 148.12 176.59 182.12 187.06 229.34 218.47 225.56 215.05 206.07 194.54 187.35 166.36 156.78 141.44 135.67 135.79 128.57 122.4 117.42 114.74 113.74 112.07 112.42 114.48 114.91 117.96 120.96 122.62 123.02 126.0909 -9999 -9999 -9999 -9999 -9999 -9999 -9999 -9999 -9999 -9999 -9999 -9999 -9999 -9999 -9999 -9999 -9999
248.91 246.65 252.93 251.36 249.41 250.54 247.65 236.83 226.16 220.43 212.65 214.08 208.71 204.28 206.83 199.72 192.62 192.96 182.06 178.43 172.08 170.48 166.91 158.58 152.74 147.34 145.82 150.31 169.1 191.53 221.78 234.96 205.27 207.74 189.18 173.88 166.42 171.48 159.14 150.5 145.32 139.16 141.26 151.69 125.76 122.75 119.88 116.03 113.52 112.52 117.13 122.51 125.23 127.05 126.17 124.1765 125 -9999 -9999 -9999 -9999 -9999 -9999 -9999 -9999 -9999 -9999 -9999 -9999 -9999 -9999 -9999 -9999 -9999
252.02 248 248.69 247.17 247.12 246.47 242.4 236.9 233.76 227.7 222.54 221.55 217.13 208.87 210.18 206.7 201.75 204.68 193.28 190.78 191.27 184.41 173.83 171.32 159.42 148.21 151.65 167.64 212.53 208.82 221.49 202.57 173.88 176.77 172.17 158.46 163.36 170.22 165.16 145.71 138.75 129.87 131.13 140.6 140.27 154.19 121.92 113.65 123.51 126.39 124.86 123.2 124.75 126.06 127 125.8571 -9999 -9999 -9999 -9999 -9999 -9999 -9999 -9999 -9999 -9999 -9999 -9999 -9999 -9999 -9999 -9999 -9999 -9999
248.44 242.81 244.87 246.08 247.69 250.19 246.73 241.55 237.83 231.13 225.21 226.01 215.92 212.14 210.34 214.69 219.4 224.05 212.16 197.79 208.13 212.89 214.91 197.56 171.04 161.71 148.04 175.21 214.32 179.28 168.47 164.2 154.73 152.2 156.9 157.75 164.12 161.25 153.61 148.49 138.72 120.07 121.65 121.49 127.43 120.71 112.57 113.31 121.27 120.63 120.72 121.2 123.53 126.12 128.32 130.1429 -9999 -9999 -9999 -9999 -9999 -9999 -9999 -9999 -9999 -9999 -9999 -9999 -9999 -9999 -9999 -9999 -9999 -9999
246.4 248.92 253.5 255.47 254.87 255.41 253.92 246.79 236.83 233.1 227.06 223.13 217.85 213.56 216.43 216.3 225 229.76 221.29 213.59 207.92 217.09 239.54 200.69 193.8 180.08 167.93 153.6 159.32 163.81 153.68 149.52 144.13 153.06 163.03 156.27 161.62 185.54 172.08 144.91 132.95 123.66 119.39 115.96 116.2 113.32 114.91 114.11 117.57 118.54 120.54 121.01 123.47 126.6979 129.5455 133 -9999 -9999 -9999 -9999 -9999 -9999 -9999 -9999 -9999 -9999 -9999 -9999 -9999 -9999 -9999 -9999 -9999 -9999
255.02 257.29 256.67 259.82 261.19 259.19 254.26 252.68 245.19 240.6 238.03 229.12 225.18 215.58 213.1 225.1 220.56 225.42 239.67 225.54 211.59 211.3 209.42 201.16 193.73 180.17 165.8 149.91 152.35 150.8 143.31 136.87 142.4 153.22 175.69 181.62 178.99 166.75 151.13 143.2 137.05 128.31 121.03 112.06 114.13 125.01 121.8 113.78 116.86 121.12 126.16 123 125.1222 130.4747 133.2651 134.5172 -9999 -9999 -9999 -9999 -9999 -9999 -9999 -9999 -9999 -9999 -9999 -9999 -9999 -9999 -9999 -9999 -9999 -9999
262.18 265.06 265.41 261.46 261.4 258.86 257.94 254.07 250.77 249.11 244.78 247.1 244.83 224.22 210.86 212.74 214.95 227.92 239.55 233.15 212.31 216.43 204.18 201.78 195.41 190.34 170.17 155.41 147.52 152.9 154.5 138.93 148.25 162.6 166.5 173.28 166.36 157.62 154.8 144.91 136.24 128.94 116.54 112.6 121.63 126.62 114.44 110.3731 112.1364 114.2857 120.7941 -9999 127.1667 130 -9999 -9999 -9999 -9999 -9999 -9999 -9999 -9999 -9999 -9999 -9999 -9999 -9999 -9999 -9999 -9999 -9999 -9999 -9999 -9999
266.9 270.76 270.9 266.79 266.06 262.97 261.29 260.24 255.64 249.37 244.97 250.73 240.61 225.75 223.15 214.57 221.91 211.42 214.52 208.01 205.26 196.22 191.53 197.96 189.22 175.93 166.28 175.93 178.27 185.96 174.73 149.46 154.05 167.82 177.81 159.45 145.38 127.39 123.21 120.39 114.53 112.23 111.53 111.62 110.39 110.9063 107.4524 -9999 -9999 -9999 -9999 -9999 -9999 -9999 -9999 -9999 -9999 -9999 -9999 -9999 -9999 -9999 -9999 -9999 -9999 -9999 -9999 -9999 -9999 -9999 -9999 -9999 -9999 -9999
270.38 272.28 272.85 274.31 273.53 271.9 267 261.64 256.59 252.61 250.26 243.62 247.58 238.47 232.03 227.14 224.08 216.45 202.87 197.65 193.08 188.84 207.35 217.07 198.75 174.92 170.5 189 203.65 238.64 223.03 173.54 160.35 147.09 134.22 125.31 119.96 112.73 109.57 107.32 105.51 112.39 107 105.6598 103.6 104 -9999 -9999 -9999 -9999 -9999 -9999 -9999 -9999 -9999 -9999 -9999 -9999 -9999 -9999 -9999 -9999 -9999 -9999 -9999 -9999 -9999 -9999 -9999 -9999 -9999 -9999 -9999 -9999
277.05 279.45 280.21 282.6 282.8 289.13 277.25 270.04 262.46 256.02 247.26 242.19 233.79 227.19 227.27 218.34 216 204.26 183.41 177.62 178.46 213 230.82 214.96 194.39 180.71 173.98 183.34 203.05 224.05 238.73 221.27 208.87 197.36 193.05 181.34 143.96 125.34 119.59 114.1 104.36 100.98 100.7872 104.3889 -9999 -9999 -9999 -9999 -9999 -9999 -9999 -9999 -9999 -9999 -9999 -9999 -9999 -9999 -9999 -9999 -9999 -9999 -9999 -9999 -9999 -9999 -9999 -9999 -9999 -9999 -9999 -9999 -9999 -9999
287.37 290.77 293.13 295.03 290.67 292.5 284.34 277.4 270.56 261.63 254.17 254.66 239.73 225.14 220.2 200.97 190.71 180.71 169.29 166.54 170.38 188.29 199.27 229.91 257.12 223.54 189.49 184.53 180.81 173.57 183.27 203.29 217.76 213.88 191.84 170.41 147.9 130.98 125.71 116.8 105.91 98.59 98.36364 -9999 -9999 -9999 -9999 -9999 -9999 -9999 -9999 -9999 -9999 -9999 -9999 -9999 -9999 -9999 -9999 -9999 -9999 -9999 -9999 -9999 -9999 -9999 -9999 -9999 -9999 -9999 -9999 -9999 -9999 -9999
303.56 306.02 309.11 304.73 299.11 297.06 288.31 281.15 273.62 264.41 260.07 254.24 246.85 245.44 250.55 215.82 204.95 197.95 187.45 180.67 176.06 194.98 242.05 275.97 322.87 319.07 278.92 264 254.89 234.52 189.89 154.13 135.65 135.4 131.88 120.11 119.99 116.03 111.35 107.11 108.08 107.5306 98.5 -9999 -9999 -9999 -9999 -9999 -9999 -9999 -9999 -9999 -9999 -9999 -9999 -9999 -9999 -9999 -9999 -9999 -9999 -9999 -9999 -9999 -9999 -9999 -9999 -9999 -9999 -9999 -9999 -9999 -9999 -9999
314.62 320.79 315.1 314.01 309.22 300.85 292.43 283.83 278.08 268.69 264.91 257.06 258.73 268.85 264.08 233.24 220.43 213.59 215.18 201.73 189.63 214.44 302.6 357.89 342.37 292.37 259.6 218.64 209.08 211.53 196.62 150.71 121.58 113.82 106.59 115.3 129.59 123.8 112.23 105.21 106.93 104.4063 -9999 -9999 -9999 -9999 -9999 -9999 -9999 -9999 -9999 -9999 -9999 -9999 -9999 -9999 -9999 -9999 -9999 -9999 -9999 -9999 -9999 -9999 -9999 -9999 -9999 -9999 -9999 -9999 -9999 -9999 -9999 -9999
321.62 328.77 328.69 326.78 312.19 303.66 295.01 292.56 288.24 283.79 270.17 265.49 252.31 241.87 233.04 249.31 234.88 215.22 218.81 228.61 189.1 178.09 238.27 230.19 226.72 201.38 165.89 139.57 151.16 196.83 190.1 174.35 145.92 109.64 96.6 118.37 122.06 106.4 97.72 99.97 98.53846 97.19048 -9999 -9999 -9999 -9999 -9999 -9999 -9999 -9999 -9999 -9999 -9999 -9999 -9999 -9999 -9999 -9999 -9999 -9999 -9999 -9999 -9999 -9999 -9999 -9999 -9999 -9999 -9999 -9999 -9999 -9999 -9999 -9999
337.99 336.39 338.01 335.13 323.31 312.63 300.79 285.27 280.01 271.51 262.1 258.48 240.34 221.07 209.74 232.2 234.96 233.4 234.69 211.29 190.99 168.07 164.12 175.28 176.65 178.66 175.95 140.46 127.88 184.73 214.61 156.79 133.72 121.7879 95.54444 88.44706 90.47826 91.34 95.56 99.53608 95.55556 -9999 -9999 -9999 -9999 -9999 -9999 -9999 -9999 -9999 -9999 -9999 -9999 -9999 -9999 -9999 -9999 -9999 -9999 -9999 -9999 -9999 -9999 -9999 -9999 -9999 -9999 -9999 -9999 -9999 -9999 -9999 -9999 -9999
347.36 345.92 340.9 349.09 330.15 322.37 298.16 284.91 280.49 269.06 258.48 251.21 240.91 221.28 202.42 196.4835 188.6667 181.2065 194.5909 164.05 161.25 144.7475 158 159.25 156.8065 139.4353 140.3721 127.7444 115.5667 115.3263 104.72 100.15 93.73684 91.09091 85 85 87 89.8421 95.40426 95.1 -9999 -9999 -9999 -9999 -9999 -9999 -9999 -9999 -9999 -9999 -9999 -9999 -9999 -9999 -9999 -9999 -9999 -9999 -9999 -9999 -9999 -9999 -9999 -9999 -9999 -9999 -9999 -9999 -9999 -9999 -9999 -9999 -9999 -9999
