taller 1/variables/bioclim15.asc
ncols         720
nrows         300
xllcorner     -30.008325510658
yllcorner     30.991671412252
cellsize      0.083333337679505
NODATA_value  -9999
[rows 68 to 101 of 300, columns 385 to 461 of 720]
16.67 16.06 15.44 14.74 14.09 13.79 13.47 13.05 12.95 12.58 12.48 12.12 11.97 11.74 11.1 10.9 10.54 10.06 9.87 9.5 9.08 9.03 9 9.01 9.07 9.28 9.41 9.19 9.23 9.31 9.06 9.01 9 9 9 9 9 9 9 9 9 9.02 9.8 11.1 11.23 11.64 12.52 13.37 13.47 14 14.38 15.13 15.24 15.34 15.14 15.57 15.79 15.83 15.61 15.63 15.39 15.56 15.74 15.79 15.61 14.9 15.64 14.13 14.15 13.94 13.38 13.8 13.67 13.54 13.75 12.09 11.7
16.21 15.63 14.9 14.16 13.71 13.03 12.79 12.54 12.34 12.01 11.99 11.92 11.61 11.15 11 10.85 10.25 10 9.78 9.15 9.08 9.04 9.02 9.1 9.64 9.86 10 10.03 9.96 9.83 9.61 9.08 9 9 9 9 9 9.07 9 9.04 9.16 9.07 10.14 11.26 11.77 11.87 12.44 13.03 13.15 13.73 14.07 14.63 15.01 15.44 15.88 16 16 16 16 15.97 15.92 16.01 16.17 16.01 15.55 14.85 14.93 14.6 14.1 13.84 13 13.37 13.51 13.01 13.36 12.95 12.45
15.33 14.72 14.27 13.84 13.27 12.96 12.23 12.03 11.99 11.84 11.41 11.18 11.13 11.02 10.85 10.53 10.07 10 9.91 9.41 9.11 9.01 9.03 9.28 9.85 10 10.36 10.51 10.11 9.72 9.4 9.11 9.11 9.21 9.12 9.01 9.01 9.03 9.16 10.11 10.65 9.81 9.89 10.31 10.97 11.82 12.75 13.09 13.3 13.88 14.04 14.45 15.05 15.79 16.01 16.02 16.12 16 16 16 16.17 16.42 16.06 15.92 15.27 14.93 14.2 15.01 14.3 13.72 13.61 13.17 13.44 14.73 15.8 15.7 16.21
14.93 14.27 13.84 13.08 12.99 12.53 12.04 11.95 11.33 11.14 11.05 10.99 10.93 10.93 10.7 10.41 10.09 10 9.99 9.63 9.26 9.15 9.09 9.35 9.97 10.4 11.01 11.17 10.88 10.7 10.58 9.91 10.22 10.25 10.37 10.47 10.11 10.71 10.74 11.58 11.74 10.73 10.94 11.39 11.8 11.97 12.73 13.05 13.06 13.42 13.98 14.32 15.03 15.87 16.33 16.57 16.14 15.99 16 16.05 16.38 16.16 16.01 15.95 15.37 14.97 14.46 14.16 14.83 14.5 14.25 15.52 17.52 18.82 19.97 19.63 18.81
14.39 14.04 13.54 12.98 12.69 12.22 12.04 11.86 11.46 11.25 11.07 11 11 10.88 10.91 10.86 10.63 10.31 10.22 9.97 9.78 9.31 9.14 9.41 9.92 10.48 11.38 11.99 11.91 11.51 10.79 10.81 11.64 11.29 11.18 11.38 11.5 11.86 12.53 12.79 12.5 12.27 11.92 11.93 11.79 11.72 12.03 12.34 12.86 12.7 13.19 13.93 14.66 15.5 15.65 15.93 15.46 15.34 15.75 15.9 16.13 16.02 16.08 16 15.72 15.13 14.41 14.14 14.51 15.46 17.14 17.06 17.02 17.92 19.22 20.14 19.4
13.35 13.19 13.07 12.81 12.27 11.93 11.74 11.23 11.02 11.01 11.09 11 10.95 10.99 11.01 11.04 11.11 11.02 10.74 10.18 10 9.81 9.38 9.36 9.49 9.95 10.29 11.03 11.2 11.18 10.92 10.81 10.62 11 11.18 12.01 12.76 13.32 14 13.92 13.62 13.04 12.26 11.81 11.57 11.74 11.75 11.64 11.46 11.9 12.46 13.25 13.97 14.36 14.04 14.17 14.27 14.5 14.9 15.16 15.39 15.69 15.77 15.93 15.71 15.16 14.82 14.95 15.64 16.38 16.99 16.5 17.17 18.07 18.82 19.7 19.53
12.95 12.58 12.09 11.89 11.66 11.27 11.03 11 10.96 11 11 11 11 11.02 11.08 11.47 11.89 11.65 11.46 10.92 10.5 10.01 9.82 9.5 9.57 9.92 10 10.13 10.49 10.2 10.09 10.21 10.54 11.02 12.02 12.39 12.91 13.76 15.09 15.34 14.61 13.53 12.93 12.16 11.45 10.92 10.56 10.58 10.73 11.13 11.67 12.24 12.92 12.79 12.38 12.39 12.89 13.69 14.06 14.54 14.97 15.03 15.34 15.66 15.79 15.71 15.79 15.79 15.54 15.54 16.03 16.44 16.84 17.77 17.94 19.36 19.5
12.16 11.83 11.57 11.29 11 11.05 10.73 10.5 10.49 10.75 10.8 10.86 10.98 10.99 11.48 11.99 12.24 12.66 12.31 11.81 11.27 10.63 10.04 9.87 9.74 9.6 9.69 9.91 10.05 10.3 10.49 10.39 10.37 10.39 10.89 11.52 12.36 13.18 14.83 15.4 14.44 13.29 12.29 11.68 11.1 10.69 10.32 10.3 10.17 10.37 10.63 11.3 11.67 11.59 11.26 11.32 12.49 13.3 13.65 14.11 14.35 14.77 15.05 15.24 15.36 15.35 15.79 15.51 15.46 14.89 14.5 15.19 15.77 16.73 18.24 19.19 19.11
11.34 11.05 11.01 10.78 10.41 10.22 10.05 10 10.11 10.09 10.44 10.56 10.8 11.25 11.82 11.96 12.27 13.01 12.94 12.31 11.99 11.4 10.75 10.2 10 9.9 9.81 9.8 9.91 10.02 10.18 10.58 10.74 10.84 11.57 11.39 11.8 12.05 12.86 13.38 13.38 12.71 11.81 11.33 10.82 10.44 10.15 10 9.77 9.76 9.95 10.25 10.62 10.76 10.81 11.36 12.18 12.6 12.96 13.49 13.95 14.19 14.63 14.85 15.33 15.97 15.75 15.19 14.95 14.37 14.39 15.49 15.77 17.21 18.14 18.88 19.01
11 10.9 10.43 10.06 9.99 10 10 9.93 9.83 9.77 10.07 10.5 10.72 11.08 11.6 11.6 12.25 12.82 12.8 12.45 11.87 11.91 11.36 10.99 10.71 10.29 10.01 10.02 10.01 10.02 10.01 10.32 10.6 10.95 11.17 11.27 11.59 12.16 12.56 12.42 12.08 11.96 11.48 11.11 10.62 10.46 10 9.94 9.44 9.11 9.35 9.9 10.01 10.02 10.39 10.83 11.23 11.7 12.33 13 13.59 14 14.19 14.95 15.57 15.4 15.64 15.51 14.95 14.86 14.36 14.94 15.45 17.28 18.11 18.82 19.01
10.82 10.4 10.01 9.95 9.61 9.45 9.64 9.56 9.63 9.89 10 9.89 10.26 10.61 11.09 11.5 12.06 12.42 12.51 12.49 12.47 12.75 12.29 11.8 11.62 11.07 10.61 10.3 10.17 10.19 10.18 10.41 10.92 11 11.16 11.67 11.57 11.17 11.96 11.76 11.79 11.41 11.21 10.82 10.86 10.8 10.2 9.97 9.25 9 9.11 9.31 9.6 9.98 10.05 10.32 10.97 11.58 12.11 12.89 13.36 14 14.16 15.06 15.8 16.17 16.49 15.92 15.32 14.66 14.19 14.12 14.42 17.3 18.05 18.7 19
10.11 9.99 9.81 9.39 9.4 9.13 9.11 9.02 9.33 9.45 9.52 9.81 10.06 10.54 11.22 11.62 12.15 12.58 12.48 12.59 12.7 12.73 13.05 12.89 12.3 11.82 11.22 11 10.97 10.87 10.96 10.99 10.99 11 11.03 11.38 11.65 11.43 11.9 11.37 11.03 11.01 10.95 10.78 10.22 10.21 9.98 9.76 9.06 9 9 9.04 9.25 9.87 10.02 10.51 11.03 11.62 12.07 12.67 13.24 13.99 14.45 15.14 15.27 15.21 15.01 15 14.3 13.88 14.15 14.28 14.8 17.22 18 18.18 18.92
9.46 9.2 9.31 9.23 9.15 8.84 8.65 8.93 8.95 8.99 9.11 9.16 9.58 10.11 10.55 11.04 11.51 12.15 12.35 12.52 12.68 12.93 13.44 13.57 12.57 12.1 11.93 11.81 11.42 11.14 11.08 11.3 11.33 11.28 11.31 11.62 11.85 11.86 11.75 11.88 11.43 11 10.98 10.79 10.3 10.01 10 9.78 9.19 9 9 9.05 9.4 9.95 10 10.57 11.09 11.66 12.15 12.89 13.41 13.99 14.64 14.95 15.11 15.29 15.19 14.83 13.98 13.56 13.95 13.73 16 17.18 17.71 18.04 18.81
9.29 9.1 9.01 8.99 8.84 8.69 8.32 8.29 8.38 8.74 8.93 9.04 9.52 10 10.33 10.91 11.22 11.71 11.77 11.88 12.39 12.72 13.08 13.46 13.24 12.88 12.5 12.33 12.23 12.01 11.88 11.93 11.99 11.96 12 11.99 12 12.02 11.99 11.95 11.97 11.7 11.46 11.2 10.94 10.46 10.02 9.93 9.46 9.02 9.01 9.09 9.61 9.94 10.07 10.71 11.06 11.89 12.28 13 13.28 13.9 14.44 14.98 15.21 15.11 14.86 15.43 15.34 15.14 15.39 15.85 16.88 17.29 17.8 18.04 18.75
9.06 9.01 8.75 8.47 8.41 8.13 8.03 8.01 8.07 8.27 8.57 9.01 9.49 9.92 10.15 10.32 10.8 11.21 11.52 12.36 12.44 12.33 12.2 12.3 12.61 13.05 13.29 13.1 12.91 12.75 12.48 12.43 12.6 12.59 12.44 12.52 12.6 12.7 12.65 12.65 12.51 12.39 12.45 12.23 11.89 11.27 10.77 10.15 9.78 9.4 9.47 9.72 9.97 9.98 10.1 10.92 11.11 11.92 12.44 13.29 13.94 14.1 14.45 14.95 15.14 15.23 15.29 15.95 16.24 15.72 15.58 17.07 17.68 17.84 17.89 18.05 18.24
9 8.79 8.19 8.07 8 8 8 8 8 8.23 8.83 8.93 8.97 9.37 9.89 10.45 10.7 11.39 11.5 11.53 11.83 12.39 13.39 13.73 13.88 14.08 14.1 13.82 13.65 13.18 13.09 13.02 13.22 13.23 13.4 13.39 13.48 13.41 13.53 13.75 13.9 13.54 13.27 13.34 13.06 12.51 11.72 10.99 10.21 9.98 9.96 9.98 10 10 10.59 10.98 11.43 12.29 13 13.69 14.24 14.21 14.73 14.82 15.69 16.42 16.68 16.27 16.28 16.14 17.43 18.2 18.09 18.11 18.21 18.05 18.33
9 8.71 8.49 8.31 8 8 7.97 8 8 8.42 8.69 8.95 9.13 9.43 9.99 10.15 10.47 10.97 11.17 11.4 11.89 11.95 12.45 13.54 14 14.16 14.49 14.73 14.35 14.06 13.86 13.82 13.89 14 14.08 14.39 14.35 14.45 14.7 14.79 15.2 15.31 14.71 14.78 14.52 13.75 12.91 12.17 11.3 10.7 10.3 10.18 10.24 10.7 10.97 11.34 11.98 12.77 13.43 14.1 14.37 15.18 15.05 15.69 16.7 17.33 17.43 18.26 18.46 18.89 19.2 18.99 18.91 19.02 18.88 18.37 18.02
8.5 8.39 8.48 8.01 7.99 7.98 7.97 7.99 8.01 8.05 8.07 8.55 8.96 9.13 9.67 10.08 10.55 10.99 11.08 11.23 11.72 12.23 12.84 13.42 13.87 14.04 14.32 14.95 15.12 14.82 14.46 14.35 14.89 14.94 15.08 15.22 15.4 15.51 15.65 16.32 16.71 17.06 16.14 16.38 15.92 15.33 14.7 13.72 12.45 11.52 10.98 10.88 10.92 11.02 11.27 11.65 12.26 13.04 13.79 14.45 14.69 15.49 15.72 17.14 19.05 19.95 20.17 20.65 20.86 20.82 20.5 20.38 20.05 19.77 19.21 17.18 17.38
8.03 8 8 8 8 7.94 7.89 8 7.99 8.03 8.47 8.94 9.02 9.38 9.88 10 10.42 10.85 11 11.34 11.79 12.56 13 13.29 13.55 13.97 14.16 14.57 14.97 15.19 15.1 15.52 15.79 15.86 15.96 15.98 16.09 16.37 16.39 17.22 17.9 18.07 17.59 17.02 16.98 16.83 16.32 15.1 13.18 12.03 11.49 11.15 11.1 11.39 11.86 12.13 12.8 13.34 14.07 14.89 15.44 16.28 16.85 18.76 20.72 21.53 21.71 22 22.15 22.15 21.83 21.39 20.87 19.78 18.43 17.7 15.4
8.02 7.99 7.98 8 8 7.99 7.98 8 8.01 8.08 8.62 8.94 9 9.1 9.77 10 10.17 10.69 11.01 11.5 12.35 12.98 13 13.11 13.4 13.89 14.02 14.41 14.92 15.33 15.95 16 16.13 16.19 16.21 16.57 16.86 16.93 17.45 17.74 17.81 17.93 18.13 17.7 17.08 16.93 16.6 15.13 13.44 12.38 11.92 11.64 11.25 11.71 11.99 12.45 13.14 13.58 14.3 15.45 15.97 16.22 16.41 20 21.65 22.73 23.52 24.32 23.86 23.36 22.85 22.1 21.36 17.39 15.17 16.41 13.84
8.03 8 7.99 8 8 8 8 8 8.01 8.37 8.78 9 9 9.13 9.73 10.04 10.55 10.97 11.13 11.84 12.42 12.97 13 13.24 13.92 14 14.23 14.71 14.96 15.38 15.97 16.17 16.64 16.94 17.01 17.3 17.34 17.66 17.82 18.17 17.93 17.7 17.64 17.53 16.33 16.74 15.91 14.65 13.38 12.59 12 11.85 11.86 11.96 12.13 12.63 13.14 13.67 14.43 15.17 15.14 14.19 13.74 18.39 22.4 24.62 25.83 25.83 25.16 24.37 23.45 22.69 19.82 13.64 13.76 15.08 14.35
8.01 8 8 8 8 8 8 8.02 8.04 8.61 8.79 9 9 9.53 9.93 10.13 10.72 11 11.5 11.96 12.29 12.9 13.04 13.12 13.8 14.05 14.48 14.92 15.07 15.72 16 16.31 16.97 17.06 17.47 17.64 17.79 17.44 17.5 17.67 17.57 17.45 16.86 17.05 16.16 15.9 14.85 14.08 13.48 12.57 12.03 11.95 11.99 12 12.13 12.75 13.52 14.16 14.25 13.76 13.2 13.31 17.6 20.92 23.54 26.49 27.34 27.04 26.07 25.13 24.11 22.28 18.72 14.6 13.98 15.18 15.16
8 8 8.01 8 8 8 8 8.04 8.41 8.67 8.92 9.02 9.36 9.98 10.18 10.69 11 11.02 11.19 11.88 12.01 12.68 13 12.97 13.51 13.87 14.32 14.96 15.01 15.68 16.08 16.6 17.03 17.36 17.86 17.9 18.16 17.81 17.71 17.31 17.13 16.74 16.31 16.5 15.75 14.89 13.98 13.73 13.04 12.5 12 11.97 11.85 11.96 12.02 12.66 13.33 13.71 13.6 13.35 12.79 15.52 13.16 15.28 23.87 27.53 27.89 27.46 26.46 25.57 24.19 19.87 16.68 16.83 13.98 14.4 15.86
8 8 8 8 8 8 8 8.02 8.53 8.87 9 9.04 9.83 9.99 10.01 10.21 10.74 10.99 11.15 11.6 11.99 12.04 12.86 13 13.15 13.77 14.18 14.92 15.11 15.89 16.13 16.77 17.06 17.58 17.96 17.99 18.22 18.26 17.81 17.03 16.82 16.31 16.16 15.85 14.95 14.31 13.62 13.02 12.84 12.2 11.97 11.56 11.36 11.68 12.04 12.35 12.63 14.12 14.09 13.31 13.86 14.52 16.97 19.38 26.59 28.23 28.17 27.71 26.9 25.31 21.15 22.07 18.09 16.29 15.88 15.74 16.21
8 8 8 8 8 8 8.1 8.33 8.64 8.93 9 9.14 9.34 9.98 10.2 10.35 10.69 10.99 11.03 11.38 11.97 11.99 12.22 13 13.37 13.83 14.05 14.71 15.05 15.59 16.1 16.62 17.08 17.62 18.07 18.19 18.65 18.11 17.93 17.31 16.58 16.17 15.65 14.95 14.26 14.06 13.23 12.84 12.23 11.95 11.41 11.12 11.16 11.27 11.93 12.03 12.11 12.85 14.53 15.18 14.57 15.63 18.71 24.31 28.84 29 28.61 27.83 26.8 23.37 21.23 20.65 19.78 19.15 16.61 16.94 16.02
8 8 8 8 8.02 8.07 8.09 8.72 8.98 9 9 9.15 9.64 10 10.65 10.69 10.9 11 11.06 11.41 11.75 12 12.08 12.87 13.02 13.79 14.03 14.42 15 15.22 15.92 16.45 17.25 17.82 18.25 18.55 18.94 18.2 17.62 16.92 16.09 15.37 15.09 14.56 13.95 13.19 12.83 12.09 12 11.46 11.05 11 11 11 11.14 11.45 11.64 12.2 13.44 13 12.19 13.69 18.1 28.29 30.27 29.85 28.96 27.92 26.23 22.16 18.6 18.05 17.13 16.11 14.58 15.23 15.57
8.22 8.19 8 8 8.29 8.66 8.38 8.71 8.98 9 9.1 9.4 9.99 10.06 10.71 10.67 10.99 11.01 11 11.13 11.37 11.88 12.04 12.64 13 13.29 13.94 14.16 14.85 15.12 15.82 16.25 17.11 17.78 18.66 19.08 18.95 17.96 16.93 16.36 15.63 15.21 14.81 14.05 13.36 12.98 12.27 11.98 11.54 11.01 11 10.98 10.9 10.96 10.99 11 11.13 11.18 11.32 11.45 11.99 15.52 25.39 30.87 31.57 30.56 28.53 25.96 26.48 24.34 21.51 18.63 14.58 13.41 13.83 14.36 15.27
8.21 8.09 8.02 8.07 8.27 8.79 8.68 8.89 9 9.06 9.57 9.87 10 10.31 10.76 11 11.04 11.23 11.61 11.9 11.96 12 12.1 12.44 12.96 13.04 13.7 14.1 14.67 15.04 15.72 16.04 16.92 17.4 18.11 18.39 18.06 17.42 16.62 15.84 15.2 14.97 14.2 13.57 12.98 12.75 12.08 11.84 11.04 11 10.95 10.95 10.92 10.89 10.98 11 11.04 11.05 11.26 11.92 14.21 17.54 24.5 31.29 31.89 30.71 28.86 27.16 26.09 23.87 19.44 14.78 14.47 13.26 13.85 14.49 15.31
8.03 8.14 8.04 8.05 8.48 8.62 8.98 9 9.01 9.6 9.8 9.99 10.01 10.39 10.96 11.12 11.57 11.91 12 12 12 12 12.01 12.26 12.95 13.06 13.75 14.01 14.37 14.98 15.3 15.94 16.35 16.87 17.23 17.26 16.75 16.43 16.01 15.2 14.72 14.15 13.8 13.17 12.96 12.31 12.01 11.49 11 10.98 10.65 10.45 10.62 10.77 10.94 10.97 11.02 11.1 11.57 11.39 12.39 19.09 26.91 31.31 31.78 30.46 28.91 27.21 24.12 19.44 19.13 15.82 13.63 13.8 13.97 14.88 15.82
8.03 8.01 8.01 8.28 8.7 8.8 9 9.06 9.09 9.46 9.92 10 10.16 10.73 11 11.16 11.83 12.01 12.01 12 11.98 11.98 12.03 12.33 12.9 13.14 13.85 14 14.16 14.86 15 15.28 15.64 15.95 16.19 16.1 15.99 15.48 15.18 14.78 14.12 13.99 13.61 13.08 12.71 12.04 11.85 11.1 11 10.78 10.15 10.01 10.17 10.52 10.63 10.99 11.03 11.08 11.71 12.97 12.79 20.51 26.79 29.72 30.18 29.38 28.12 25.14 20.28 13.7 13.2 12.62 13.67 14.18 15.18 15.94 16.48
8.06 8.07 8.2 8.48 8.72 8.49 9 9.01 9.18 9.68 9.99 10.03 10.53 10.87 11 11.45 11.95 12.11 12.22 11.9 11.96 11.96 12 12.21 12.93 13.17 13.94 14 14.06 14.49 14.9 14.94 15.1 15.02 15.09 15.11 14.9 14.54 14.35 14.02 13.91 13.37 13.08 12.6 12.18 12 11.69 11.06 10.98 10.7 10.11 10.01 10 10.01 10.46 10.98 11.15 11.1 11.8 13.49 17.69 21.57 24.58 26.74 27.5 27.68 25.74 18.2 15.37 16.4 14.83 13.76 14.26 14.74 15.64 16.96 18.39
8.02 8.05 8.44 8.48 8.69 8.96 9 9.06 9.67 9.98 10 10.18 10.68 10.99 11.11 11.52 11.86 11.98 12.17 12.04 12 12 12 12.3 12.97 13.26 13.98 14 14.02 14.06 14.16 14.32 14.39 14.36 14.34 14.16 14.05 13.99 13.99 13.8 13.53 13.07 12.9 12.27 12.03 11.98 11.35 11.02 11 10.8 10.12 10.1 10.01 10.39 10.71 10.99 11.13 11.91 13.08 15.01 17.8 20.35 22.09 23.12 24.91 25.38 24.96 21.11 20.74 19.57 15.6 15.2 16.65 17.73 19.11 20.16 21.31
8.07 8.26 8.5 8.72 8.83 9 9.02 9.28 9.79 10.03 10.09 10.62 10.94 11 11.1 11.48 11.73 11.98 12.04 12.05 12 11.99 12.02 12.34 12.95 13.39 14 14.01 14.01 14 14 14 14 13.87 13.78 13.73 13.53 13.44 13.7 13.4 13.01 12.98 12.85 12.46 12.12 12 11.93 11.31 11 10.96 10.78 10.58 10.62 10.87 10.99 11.09 11.59 12.33 13.54 15.18 17.05 18.66 20.04 20.98 22.53 24.3 25.85 24.75 24.49 24.19 19.63 19.81 22.46 23.26 23.79 22.91 22.48
8.18 8.25 8.48 8.84 9 9 9.01 9.31 9.9 10.36 10.49 10.86 11 11.06 11.47 12 12 12.01 12.06 12 12.05 12.03 12 12.39 12.99 13.15 13.94 14 14 14 13.99 13.86 13.53 13.34 13.2 13.18 13.32 13.16 13.15 13.02 12.99 12.96 12.74 12.56 12.12 12 11.97 11.36 11.01 11.01 11 10.99 11 11 11.04 11.66 12.27 12.95 13.91 14.78 15.95 17.19 18.32 19.55 21.04 23.63 25.27 25.13 25.26 24.33 24.58 25.08 23.95 24.39 24.18 23.55 23.67
