taller 1/variables/bioclim18.asc
ncols         720
nrows         300
xllcorner     -30.008325510658
yllcorner     30.991671412252
cellsize      0.083333337679505
NODATA_value  -9999
[rows 0 to 32 of 300, columns 296 to 369 of 720]
350.9588 360.1852 357.7586 359.3415 343.2159 309.5333 314.1791 304.68 290.859 279.0115 292.4 274.82 256.55 250.4 243.92 235.62 234.03 232.73 227.14 216.81 211.15 204.12 192.55 184.6 181.1848 182.5111 181.3803 179.9259 184.0822 183.6316 183.43 184.47 189.73 194.74 193.0737 187.4038 189.8 190.4091 186 -9999 -9999 -9999 -9999 -9999 -9999 -9999 -9999 -9999 -9999 -9999 -9999 -9999 -9999 -9999 -9999 -9999 -9999 -9999 -9999 -9999 -9999 -9999 -9999 -9999 -9999 -9999 -9999 -9999 -9999 -9999 -9999 -9999 -9999 -9999
339.8491 340.0185 336.5185 324.6415 337.1923 314.6557 337.94 323.53 291.96 268.39 251.72 244.37 242.19 240.33 237.99 235.05 238.5 242.42 237.38 228.22 218.55 212.26 211.21 210.88 216.31 206.73 195.39 195.03 199.05 198.58 207.15 212.72 220.47 212.88 206.13 199.35 194.47 190.19 183.6375 186.6667 -9999 -9999 -9999 -9999 -9999 -9999 -9999 -9999 -9999 -9999 -9999 -9999 -9999 -9999 -9999 -9999 -9999 -9999 -9999 -9999 -9999 -9999 -9999 -9999 -9999 -9999 -9999 -9999 -9999 -9999 -9999 -9999 -9999 -9999
342.1667 -9999 322.6897 318.2987 301.8182 300.0833 334.04 315.68 280.95 278.25 277.61 260.61 250.87 252.25 247 234.61 230.92 236.08 241.2 240.25 236.05 233.3 241.03 236.45 223.45 219.34 220.71 224.05 221.61 222.68 216.7 222.08 221.5 210.11 204.29 196.26 186.84 184.09 183.6 183.7012 180.4 -9999 -9999 -9999 -9999 -9999 -9999 -9999 -9999 -9999 -9999 -9999 -9999 -9999 -9999 -9999 -9999 -9999 -9999 -9999 -9999 -9999 -9999 -9999 -9999 -9999 -9999 -9999 -9999 -9999 -9999 -9999 -9999 -9999
347.6667 347.35 320.2857 312.1111 304.75 292.9787 302.74 279.42 273.59 270.3 275.35 276.93 277.12 271.72 263.42 252.18 242 235.09 240.39 237.72 232.43 232.91 233.75 228.51 233.11 228.8 251.51 249.64 243.39 221.82 220.99 208.66 206.27 200.79 198.97 189.92 184.94 182.67 182.12 183.65 179.8427 177.5161 176 -9999 -9999 -9999 -9999 -9999 -9999 -9999 -9999 -9999 -9999 -9999 -9999 -9999 -9999 -9999 -9999 -9999 -9999 -9999 -9999 -9999 -9999 -9999 -9999 -9999 -9999 -9999 -9999 -9999 -9999 -9999
349.14 359.5 328.8636 -9999 -9999 -9999 277.2174 266.08 258.7778 255.91 254.74 259.16 267.04 267.68 264.85 273.86 263.79 250.79 245.58 248.86 244.84 239.11 238.3 244.22 242.9 243.47 239.87 235.58 237.45 222.7 214.6 209.98 202.01 198.19 191 188.66 188.89 186.9 185.9 184.92 186.71 185.0909 177.9067 177.2045 175 -9999 -9999 -9999 -9999 -9999 -9999 -9999 -9999 -9999 -9999 -9999 -9999 -9999 -9999 -9999 -9999 -9999 -9999 -9999 -9999 -9999 -9999 -9999 -9999 -9999 -9999 -9999 -9999 -9999
322.567 345.95 320.4353 301.6667 -9999 -9999 -9999 256 253.4143 253.85 255.86 256.67 264.77 271.61 268.48 271.59 274.68 259.82 259.9 255.28 258.47 271.79 268.29 265.1 282.29 273.52 256.57 251.28 237.71 228.46 221.53 210.8 202.23 198.45 195.04 195.37 199.78 209.61 209.14 197.03 185.7 188.49 188.34 178.78 175.4138 -9999 -9999 -9999 -9999 -9999 -9999 -9999 -9999 -9999 -9999 -9999 -9999 -9999 -9999 -9999 -9999 -9999 -9999 -9999 -9999 -9999 -9999 -9999 -9999 -9999 -9999 -9999 -9999 -9999
315.6452 317.3651 318.0169 295 -9999 -9999 -9999 266.2143 249.3038 249.44 253.86 258.25 261.38 263.13 273.75 281.87 281.62 269.09 270.73 273.45 264.88 275.01 271.93 286.69 284.85 272.49 266.4 256.19 249.02 235.67 225.19 213.28 211.21 208.83 205.09 209.16 217.1 224.75 234.47 212.11 193.59 185.76 184.52 181.96 177.4896 173 -9999 -9999 -9999 -9999 -9999 -9999 -9999 -9999 -9999 -9999 -9999 -9999 -9999 -9999 -9999 -9999 -9999 -9999 -9999 -9999 -9999 -9999 -9999 -9999 -9999 -9999 -9999 -9999
-9999 -9999 -9999 -9999 -9999 -9999 266.3721 276.18 255.77 264.23 275.32 283.28 282.97 277.09 284.77 275.23 261.67 258.59 274.3 284.62 275.66 272.38 260.64 276.73 284.94 280.29 274.33 263.67 248.66 239.01 232.39 230.46 222.68 221.62 223.15 223.25 226.37 214.38 209.55 200.65 189.67 191.44 189.53 183.69 175.75 171.8333 -9999 -9999 -9999 -9999 -9999 -9999 -9999 -9999 -9999 -9999 -9999 -9999 -9999 -9999 -9999 -9999 -9999 -9999 -9999 -9999 -9999 -9999 -9999 -9999 -9999 -9999 -9999 -9999
-9999 -9999 273 -9999 -9999 259.4286 268.08 273.86 280.23 276.84 281.65 274.61 286.34 300.28 293.94 291.81 276.14 265.37 243.58 265.82 282.52 273.62 252.4 259.59 282.18 275.85 272.58 271.44 258.68 258.17 243.42 238.81 234.51 238.24 238.43 221.97 211.61 207.26 205.48 197.96 197.85 189.52 183.75 177.99 174.17 171.4242 -9999 -9999 -9999 -9999 -9999 -9999 -9999 -9999 -9999 -9999 -9999 -9999 -9999 -9999 -9999 -9999 -9999 -9999 -9999 -9999 -9999 -9999 -9999 -9999 -9999 -9999 -9999 -9999
-9999 -9999 -9999 -9999 265.1667 277.6389 280.99 283.76 293.86 298.8 294.38 287.97 277.07 265.6 267.05 274.69 259.93 251.94 243.56 242.2 257.64 257.03 243.49 247.64 263.44 268.12 267.91 259.29 249.38 257.14 228.31 236.01 240.18 221.93 218.37 210.72 209.34 204.64 198.91 203.45 195.53 187.53 182.75 178.89 174.11 171.2346 -9999 -9999 -9999 -9999 -9999 -9999 -9999 -9999 -9999 -9999 -9999 -9999 -9999 -9999 -9999 -9999 -9999 -9999 -9999 -9999 -9999 -9999 -9999 -9999 -9999 -9999 -9999 -9999
-9999 -9999 -9999 264.25 273.6742 283.95 274.31 275.23 273.79 273.79 296.21 288.26 278.86 255.46 250.47 259.58 254.19 258.91 245.63 237.26 229.88 237.03 241.25 236.99 251.84 256.69 256.06 245.38 232.91 231.35 226.93 228.61 243.5 233.37 223.3 211.78 201.3 194.69 201.61 195.9 191.55 185.07 179.18 176.12 173.8 170.8526 169.25 -9999 -9999 -9999 -9999 -9999 -9999 -9999 -9999 -9999 -9999 -9999 -9999 -9999 -9999 -9999 -9999 -9999 -9999 -9999 -9999 -9999 -9999 -9999 -9999 -9999 -9999 -9999
-9999 -9999 261.9546 277.9804 293.81 291.26 281.98 266.97 256 248.82 279.23 272.19 267.39 259.76 241.96 241.37 244.03 245.64 242.04 238.69 230.71 228.5455 234.9 235.07 233.32 235.29 232.15 224.85 218.23 219.15 218.31 216.95 223.61 220.34 215.96 216.14 208.85 197.06 187.61 191.93 189.69 183.88 179.72 175.66 173.9 172.12 170.6395 168.75 -9999 -9999 -9999 -9999 -9999 -9999 -9999 -9999 -9999 -9999 -9999 -9999 -9999 -9999 -9999 -9999 -9999 -9999 -9999 -9999 -9999 -9999 -9999 -9999 -9999 -9999
-9999 256.8571 260.87 255.9744 272.871 270.02 266.32 257.76 247.55 239.01 234.18 247.5152 262.4 244.17 250.24 234.99 231.53 231.74 230.77 246.26 248.5253 227.5769 225.95 226.85 225.7021 224.1912 221.5556 217.4778 214.41 211.77 211.03 212.83 220.76 219.48 214.62 214.4 204.74 206.13 196.08 187.34 184.2 182.67 180.04 175.58 173.04 172.19 168.94 169.6056 -9999 -9999 -9999 -9999 -9999 -9999 -9999 -9999 -9999 -9999 -9999 -9999 -9999 -9999 -9999 -9999 -9999 -9999 -9999 -9999 -9999 -9999 -9999 -9999 -9999 -9999
-9999 -9999 259.3898 255.41 241.3878 246.3768 246.0423 245.3093 240.95 232.84 227.6702 233.4412 247.9467 228.6747 235.36 227.7857 236.29 233.0638 226.4643 232.8056 227.0857 227.25 -9999 224.0667 223.7027 222.92 222.06 221.3 217.51 214.57 214.02 224.21 252.98 248.26 236.59 237.93 231.67 227.73 218.46 212.58 202.4 191.14 188.77 187.78 176.09 170 172.28 172.8876 170 -9999 -9999 -9999 -9999 -9999 -9999 -9999 -9999 -9999 -9999 -9999 -9999 -9999 -9999 -9999 -9999 -9999 -9999 -9999 -9999 -9999 -9999 -9999 -9999 -9999
-9999 -9999 -9999 250.88 239.6901 -9999 -9999 235.5714 237.8936 228.9592 226.12 220.8889 -9999 221.3 222.0588 224.3947 229.7359 230.4091 -9999 -9999 -9999 -9999 222.7222 225.86 228.07 231.32 239.08 236.69 227.29 224.53 219.5 219.36 231.1 263.58 247.16 250.88 259.35 245.89 237.38 225.14 221.42 206.44 195.9 187.02 177.79 171.78 176.38 177.08 172.8636 -9999 -9999 -9999 -9999 -9999 -9999 -9999 -9999 -9999 -9999 -9999 -9999 -9999 -9999 -9999 -9999 -9999 -9999 -9999 -9999 -9999 -9999 -9999 -9999 -9999
-9999 -9999 -9999 -9999 238.0208 237.1212 -9999 -9999 -9999 223.7857 224.8462 218.36 -9999 -9999 -9999 -9999 -9999 -9999 -9999 -9999 -9999 222.375 228.0323 232.8 239.62 242.5 265.11 270.07 246.14 237.65 223.92 222.73 220.85 245.48 279.32 272.33 263.85 250.99 243.48 235.67 216.81 201.73 191.4 184.25 178.16 176.45 177.5 176.85 174.26 168.6071 -9999 -9999 -9999 -9999 -9999 -9999 -9999 -9999 -9999 -9999 -9999 -9999 -9999 -9999 -9999 -9999 -9999 -9999 -9999 -9999 -9999 -9999 -9999 -9999
-9999 -9999 -9999 -9999 241.5 231.3077 -9999 -9999 -9999 -9999 -9999 -9999 -9999 -9999 -9999 -9999 -9999 -9999 -9999 -9999 -9999 225.7683 232.48 239.67 249.56 255.08 258.12 267.05 257.49 244.57 238.81 231.53 228.79 227.8 242.09 272.06 271.15 255.74 235.57 224.93 222.17 206.88 194.48 186.34 182.33 175.8 173.6 171.52 168.28 167.1579 168.1875 170.25 173.8571 175 -9999 -9999 -9999 -9999 -9999 -9999 -9999 -9999 -9999 -9999 -9999 -9999 -9999 -9999 -9999 -9999 -9999 -9999 -9999 -9999
-9999 -9999 -9999 -9999 -9999 -9999 -9999 -9999 -9999 -9999 -9999 -9999 -9999 -9999 -9999 -9999 -9999 -9999 -9999 -9999 223.0385 227.8182 240.75 259.67 265.78 271.91 262.13 280.61 272.52 268.94 268.1 253.56 252.24 245.35 238.12 237.33 245.51 252.8 244.42 229.93 214.23 201.78 191.64 183.96 177.6 173.74 171.48 168.91 168.15 170.31 176.45 183.7 185.26 184.73 185.9268 185.6364 179.5 -9999 -9999 -9999 -9999 -9999 -9999 -9999 -9999 -9999 -9999 -9999 -9999 -9999 -9999 -9999 -9999 -9999
-9999 -9999 -9999 -9999 -9999 -9999 -9999 -9999 -9999 -9999 -9999 193.25 -9999 -9999 -9999 -9999 -9999 -9999 -9999 -9999 215 222.0862 232.03 249.01 264.07 281.85 282.18 252.79 264.31 275.59 278.26 275.55 262.22 260.76 258.84 250.9 263.18 265.02 261.81 248.56 238.93 222.64 205.5 191.4 180.35 174.14 171.47 171.12 171.7 175.46 180.93 194.49 191.65 191.22 189.2 189.42 188.69 191.4118 -9999 -9999 -9999 -9999 -9999 -9999 -9999 -9999 -9999 -9999 -9999 -9999 -9999 -9999 -9999 -9999
-9999 -9999 -9999 -9999 -9999 -9999 -9999 -9999 -9999 198.0857 195.8523 194.8462 -9999 -9999 -9999 -9999 -9999 -9999 -9999 -9999 -9999 -9999 218.7073 223.7053 246.6 255.21 272.42 250.95 245.14 254.53 259.47 261.29 268.16 275.03 273.62 279.87 275.99 272.5 260.35 252.34 238.44 224.15 208.25 193.54 180.14 174.03 171.88 173.34 182.15 193.95 191.84 197.86 194.34 196.36 195.41 192.98 198.59 195.59 194.806 -9999 -9999 -9999 -9999 -9999 -9999 -9999 -9999 -9999 -9999 -9999 -9999 -9999 -9999 -9999
-9999 -9999 -9999 -9999 -9999 -9999 -9999 -9999 207.0833 220.8041 231.96 220.6118 198.125 -9999 -9999 -9999 -9999 -9999 -9999 -9999 -9999 -9999 -9999 225.7831 256.53 231.8632 241.8 242.95 250.18 251.34 253.6465 263.97 271.8 270.92 275.74 279.29 280.01 268.49 254.97 245.61 231.84 219.07 207.41 192.88 182.5 173.76 170.43 170.57 176.88 190.34 183.41 181.5 177.47 177.5 180.95 185.52 193.16 192.02 191.3232 192.7742 -9999 -9999 -9999 -9999 -9999 -9999 -9999 -9999 -9999 -9999 -9999 -9999 -9999 -9999
-9999 -9999 -9999 -9999 -9999 -9999 -9999 211.4528 216.1313 220.3 217.9674 207.08 -9999 -9999 -9999 -9999 -9999 -9999 -9999 -9999 -9999 -9999 -9999 221.3333 223.3448 226.8033 244.29 235.3443 244.4947 249.5179 253.8132 264.76 268.46 273.03 289.93 288.39 279.1 279.02 272.47 264.79 254.28 240.87 225.63 205.75 186.99 175.41 170.46 167.95 167.5 173.65 178.74 172.15 168.91 168.81 170.54 172.91 176.79 180.87 186.39 194.49 190.9545 184 -9999 -9999 -9999 -9999 -9999 -9999 -9999 -9999 -9999 -9999 -9999 -9999
-9999 -9999 -9999 -9999 -9999 -9999 208.7 216.0488 210.2283 206.6964 199.6364 -9999 -9999 -9999 -9999 -9999 -9999 -9999 -9999 -9999 -9999 -9999 -9999 -9999 220 224.9524 230.7188 238 237 246 253.8289 263.29 266.92 272.22 277.83 277.81 275.25 284.51 271.09 252.01 258.47 244.27 220.09 211.02 192.9 178.3 170.77 166.98 165.65 165.19 167.21 168.94 169.36 170.57 169.97 174.71 181.29 184.35 186.22 189.03 188.88 186.9255 185.2632 183 -9999 -9999 -9999 -9999 -9999 -9999 -9999 -9999 -9999 -9999
-9999 -9999 -9999 -9999 -9999 -9999 210.75 203.5 195.6667 -9999 -9999 -9999 -9999 -9999 -9999 -9999 -9999 -9999 -9999 -9999 -9999 -9999 -9999 -9999 -9999 220 -9999 -9999 -9999 242.2817 252.3711 275.03 294.66 298.12 297.99 288.64 270.87 270.28 255.37 247.95 242.21 234.41 226.88 203.72 191.31 179.52 171.92 168.56 164.59 163.17 163.36 163.33 164.76 166.06 174.24 183.13 180.04 178.76 179.41 178.61 180.42 178.3696 -9999 -9999 -9999 -9999 -9999 -9999 -9999 -9999 -9999 -9999 -9999 -9999
-9999 -9999 -9999 -9999 -9999 -9999 -9999 -9999 -9999 -9999 -9999 -9999 -9999 -9999 -9999 -9999 -9999 -9999 -9999 -9999 -9999 -9999 -9999 -9999 -9999 -9999 -9999 225.9 231.1081 238.125 247 272.5 295.24 294.6 291.82 287.19 270.27 261.5 250.24 240.8 234.39 222.86 215.57 200.82 193.01 181.1 172.73 166.52 163.64 162.31 161.58 161.93 162.37 163.53 166.85 175.66 176.94 173.66 172.71 173.09 174.84 175.8049 175 -9999 -9999 -9999 -9999 -9999 -9999 -9999 -9999 -9999 -9999 -9999
-9999 -9999 -9999 -9999 -9999 -9999 -9999 -9999 -9999 -9999 -9999 -9999 -9999 -9999 -9999 -9999 -9999 -9999 -9999 -9999 -9999 -9999 -9999 -9999 -9999 -9999 -9999 223.7679 227.9677 234.27 242.22 259.27 277.1 283.23 279.71 274.53 285.91 271.37 262.85 259.36 237.81 222.96 214.32 195.56 190.29 181.84 176.13 169.79 163.96 160.97 160.09 160.05 160.62 161.53 163.02 165.1 171.9 173.3 170.93 170.64 172.16 173.67 173.6491 174 -9999 -9999 -9999 -9999 -9999 -9999 -9999 -9999 -9999 -9999
-9999 -9999 -9999 -9999 -9999 -9999 -9999 -9999 -9999 -9999 -9999 -9999 -9999 -9999 -9999 -9999 -9999 -9999 -9999 -9999 -9999 -9999 -9999 -9999 -9999 -9999 -9999 219.7636 223.7 231.14 239.28 250.3 260.48 272.23 280.21 276.3 277.57 271.75 278.72 265.09 255.04 236.57 214.88 200.97 187.86 176.68 172.13 169.27 165.68 160.53 159.42 158.9 159.59 159.89 161.61 162.71 166.36 175.06 171.12 168.67 169.98 171 171.45 171.4493 170.6 -9999 -9999 -9999 -9999 -9999 -9999 -9999 -9999 -9999
-9999 -9999 -9999 -9999 -9999 -9999 -9999 -9999 -9999 -9999 -9999 -9999 -9999 -9999 -9999 -9999 -9999 -9999 -9999 -9999 -9999 -9999 -9999 -9999 -9999 -9999 -9999 213 219.0517 225.871 235.01 246.04 262.06 280.69 288.68 294.46 286.86 285.28 272.03 260.22 240.86 224.18 208.35 195.52 187.65 180.67 172.16 167.85 165.8 161.47 159.4 158.19 158.53 158.89 159.85 161.9032 163.946 165.2656 168.3636 167.6438 168.0164 168.8261 168.6146 169.16 169.4878 169.2857 -9999 -9999 -9999 -9999 -9999 -9999 -9999 -9999
-9999 -9999 -9999 -9999 -9999 -9999 -9999 -9999 -9999 -9999 -9999 -9999 -9999 -9999 -9999 -9999 -9999 -9999 -9999 -9999 -9999 -9999 -9999 -9999 -9999 -9999 202 208.4697 214.66 223.14 232 247.74 258.49 277.45 281.09 274.95 266.22 263.6 252.58 261.03 256.18 236.82 214.09 206.57 197.77 184.41 175.99 172.86 167.35 163.92 159.55 158.35 157.98 158.57 159.42 160.89 164.78 163.57 167.56 168.4 167.62 167.2619 166.3333 167.6 168 167.1739 -9999 -9999 -9999 -9999 -9999 -9999 -9999 -9999
-9999 -9999 -9999 -9999 -9999 -9999 -9999 -9999 -9999 -9999 -9999 -9999 -9999 -9999 -9999 -9999 -9999 -9999 -9999 -9999 -9999 -9999 -9999 -9999 -9999 -9999 201 203.0116 209.94 222.33 233.55 246.27 247.93 252.7 254.64 250.66 245.83 242.2 242.73 247.7 260.78 258.3 239.88 226.51 208.22 191.94 181.57 172.28 168.56 166.32 160.14 158.44 157.41 158.19 159.14 159.74 162.16 164.32 163.5 166.36 170.34 168.82 166.11 165.1848 164.4857 164 -9999 -9999 -9999 -9999 -9999 -9999 -9999 -9999
-9999 -9999 -9999 -9999 -9999 -9999 -9999 -9999 -9999 187 190.1053 194.55 194.8333 -9999 -9999 -9999 -9999 -9999 -9999 -9999 -9999 -9999 -9999 -9999 -9999 -9999 189.3333 197 205.64 214.58 227.38 236.04 240.77 240.37 237.23 233.72 230.33 228.82 229.87 236.68 240.22 258.18 254.71 242.19 219.57 202.51 185.25 175.76 171.63 171.02 162.6 159.48 157.33 158.27 158.42 159.88 161.32 163.2 162.04 163.92 171.94 171.08 170.32 165.5 163.31 163.0515 162.1667 -9999 -9999 -9999 -9999 -9999 -9999 -9999
-9999 -9999 -9999 -9999 -9999 -9999 -9999 -9999 -9999 194.875 195.84 198.26 202.2442 203 -9999 -9999 -9999 202.25 194.5 -9999 -9999 -9999 183.875 188.5333 186.8824 185.8 189.7177 193.0729 199.5614 208.9765 216.0115 226.89 233.2 234.34 232 227.78 225.56 224.33 225.14 237 241.49 256.85 242.11 223.77 225.59 205.86 186.91 178.56 174.19 172.71 164.31 160.45 158.51 160.69 158.53 159.6 160.23 163.42 161.12 162.6 164.25 170.48 171.23 168.22 163.48 161.31 160.9462 160.6364 -9999 -9999 -9999 -9999 -9999 -9999
-9999 -9999 -9999 -9999 -9999 -9999 -9999 191.1111 194.9583 199.6235 194.11 199.8 203.2 206.7381 211.6104 202.4615 215.6 212.4167 194.9565 205.0267 195.1618 192.15 185.4141 200.51 202.4141 197.7714 183.9714 187.39 192.2211 196.7286 205.1299 220.15 223.01 223.93 221.67 220.56 220.3 224.04 227.74 250.54 251.04 246.43 239.03 227.09 212.44 208.36 190.08 180.44 176.97 173.48 166.46 163.58 160.89 161.93 158.88 158.66 158.73 162.46 161.1 160.57 161.79 163.84 166.62 168.94 165.28 162.05 159.55 159.0519 158 -9999 -9999 -9999 -9999 -9999
