taller 1/variables/bioclim15.asc
ncols         720
nrows         300
xllcorner     -30.008325510658
yllcorner     30.991671412252
cellsize      0.083333337679505
NODATA_value  -9999
[rows 102 to 135 of 300, columns 616 to 692 of 720]
29 29 28.56 28.48 28.13 28.23 27.99 27.99 28 28 28.02 28.28 28.8 28.92 29.22 29.84 30.02 30.04 30.31 30.66 30.67 30.23 30.04 29.67 30.54 30.07 30.76 31.63 32.57 32.3 32.03 33.04 34.22 35.4 36.65 37.94 36.78 38.06 40.15 40.8 41.21 41.09 42.1 42.84 43.63 44.09 44.54 45.58 46.1 45.61 46.73 47.64 49.25 50.5 50.48 51.46 52.49 52.64 52.46 52.47 52.19 51.97 51.63 51.5 50.91 50.43 49.96 49.32 48.61 47.89 47.16 46.21 45.66 44.98 44.1 43.49 42.78
29 28.83 28.05 28.3 28.11 28 28.03 27.99 28.01 28.11 28.28 28.88 28.97 29.3 29.87 30.3 30.59 30.64 30.96 30.96 31.08 31.02 31.1 30.7 31.73 31.71 31.71 31.6 32.73 33.61 34.56 35.4 36.22 35.9 35.83 36.55 36.52 37.85 38.57 39.57 39.43 40.85 42.1 42.82 43.67 44.37 45.05 45.67 46.4 46.93 46.55 48 48.23 49.13 49.83 50.7 51.32 52.1 52.44 52.55 52.5 52.14 51.87 51.53 51.12 50.62 50.15 49.32 48.6 47.77 46.97 46.25 45.56 44.59 43.83 43.15 42.47
28.99 28.21 28 28.33 28 28 27.88 28.01 28.26 28.42 28.51 29.07 29.32 29.78 30.05 30.47 30.95 31.32 31.41 31.66 31.96 32.02 32.19 31.81 32.15 32.54 33.21 32.7 33.33 34.29 34.57 35.52 35.13 35.16 35.29 35.25 35.62 36.31 37.24 38.11 40.19 41.34 42.3 43.07 43.83 44.47 44.91 45.33 46.37 46.04 46.43 47.38 48.3 48.2 48.76 49.41 50.16 51.1 51.77 52.03 52.19 52.19 51.89 51.6 51.28 50.8 50.19 49.59 48.72 47.91 47.08 46.18 45.19 44.32 43.5 42.89 42.24
28.86 28.16 28.05 28.17 28.05 28.18 28.01 28.15 28.39 28.72 28.86 29.4 30.26 30.76 31.04 31.11 31.22 31.85 31.98 32.28 32.76 33.44 33.52 33.4 34.1 34.99 35.18 35.05 35.28 34.64 34.87 35.15 34.99 34.86 34.93 35.06 35.11 35.89 36.84 37.69 39.42 40.67 42.34 43.21 43.89 44 44.05 44.91 45.57 45.76 46.6 46.9 48.44 49.33 49.21 48.86 50.16 50.69 51.24 52.09 52.11 52.14 52.15 51.8 51.57 51.01 50.47 49.64 48.8 47.75 46.93 45.75 44.97 44.09 43.39 42.71 42.14
28.82 28.04 28.08 28.58 28.05 28.44 28.29 28.63 28.96 29.11 29.4 29.94 31.16 32.04 32.71 32.38 32.19 32.7 32.94 33.59 34.76 34.72 34.4 35.02 35.88 36.52 36.93 37 36.93 36.83 36.16 35.9 36.42 36.83 36.16 35.64 35.66 35.73 36.37 37.91 40.46 42.52 42.92 43.42 43.65 43.65 43.67 43.76 45.25 46.31 46.42 46.76 46.25 47.84 49.43 49.95 50.11 49.46 50.37 51.34 52.08 51.91 51.87 51.57 51.66 51.32 50.67 49.84 48.84 47.8 46.7 45.83 44.75 43.97 43.12 42.45 41.76
28.81 28.04 28.12 28.41 28.23 28.3 28.56 28.94 29 29.23 29.55 29.98 30.53 30.98 31.91 33.08 34.18 34.21 34.59 35.3 35.23 35.45 35.84 36.19 37.04 38.17 38.77 38.85 38.91 38.52 37.82 37.58 37.92 37.86 37.01 36.62 36.46 36.54 36.95 38.36 40.56 42.66 42.91 43.51 44.1 44.69 44.92 45.42 46.26 46.59 46.95 47.61 47.81 47.68 49.5 49.96 50.7 49.74 49.99 50.43 51.47 51.59 51.54 51.59 51.49 51.45 51.17 49.99 48.58 47.61 46.53 45.58 44.68 43.72 42.88 42.2 41.44
28.13 28 28.39 28.23 28.35 28.41 28.85 29.22 29.57 29.96 30.49 31.35 32.28 32.92 32.75 33 34.37 34.96 35.65 35.92 36.11 36.48 37.07 38.03 39.19 40.12 40.48 40.63 40.27 39.41 39.37 39.04 38.65 38.45 38.11 37.82 37.41 37.4 38.24 39.14 40.22 41.26 41.79 43.27 43.94 44.77 45.39 46.11 46.87 46.77 46.99 47.35 48.13 48.63 48.61 47.51 49.67 50.32 50.64 51.12 51.28 51.36 51.45 51.36 51.3 51.56 50.91 49.59 48.25 47.18 46.03 45.18 44.2 43.32 42.54 41.84 41.01
28 28 28.59 28.32 28.6 28.58 28.84 29.18 29.94 30.02 30.1 30.85 32.16 33.65 34.35 34.71 35.24 36.22 36.45 36.57 37.2 37.97 38.84 39.77 40.69 41.53 42.41 42.63 42.09 40.92 40.67 40.47 39.67 39.33 39 38.76 38.7 38.69 39.16 39.52 40.55 41.1 42.23 43.76 44.32 44.8 44.76 45.42 46.61 47.36 47.11 46.69 47.46 47.06 48.64 49.08 48.98 49.63 49.65 49.8 50.55 51.17 51.28 50.9 50.8 50.86 50.3 49.02 47.77 46.58 45.62 44.66 43.7 42.8 42.08 41.31 40.68
27.9 28 28.22 28.04 28.16 28.32 28.86 29.36 29.86 29.98 30.16 30.57 31.56 33 34.65 35.94 36.6 36.99 37.45 37.82 38.43 39.12 39.78 40.64 41.54 42.62 43.61 43.88 43.22 42.61 41.84 41.39 40.75 40.2 39.93 39.86 39.77 39.6 39.96 40.19 40.76 41.54 42.54 43.54 44.56 44.93 45.26 45.55 46.23 47.31 47.57 46.55 46.68 46.89 48.28 47.79 48.14 48.66 48.48 48.59 49.69 50.28 50.35 50.74 50.12 49.56 49.18 47.93 46.95 45.95 45.07 44.04 43.23 42.35 41.38 40.82 40.06
27.99 28 28.43 28 28.42 28.74 28.65 29.35 29.94 30.19 30.72 30.99 31.49 32.45 34.65 36.62 36.99 37.35 37.94 38.33 38.97 39.44 40.06 40.98 41.8 43.22 43.62 43.74 44.03 43.68 42.88 42.36 41.66 41.07 40.83 40.54 40.57 40.52 40.8 41.02 41.42 42.2 42.97 44.06 44.75 45 44.61 44.79 46.62 47.18 47.67 47.86 46.31 46.37 46.78 47.17 46.65 46.6 47.75 47.27 48.96 49.42 49.66 49.54 49.36 48.62 47.89 46.83 46.03 45.14 44.32 43.53 42.5 41.77 40.99 40.37 39.61
28 28 28.33 28.06 28.5 28.93 29 29.36 30.12 31.58 32.68 32.4 31.84 32.42 34.01 35.89 37.17 37.87 38.08 38.69 39.01 39.53 39.91 40.49 41.39 43.05 43.92 44.15 44.42 43.81 43.16 42.84 42.3 41.73 41.64 41.38 41.15 41.42 41.55 41.49 42.18 42.81 43.44 44.43 44.79 45.39 45.42 45.54 45.6 45.76 46.72 47.59 47.68 48.03 46.61 47.11 47.41 46.43 46.15 46.83 47.17 48.39 48.76 48.55 48.25 47.56 46.75 45.52 44.93 44.3 43.59 42.75 41.98 41.28 40.59 39.76 38.88
27.86 27.77 28 28 28.56 28.7 28.97 29.41 29.97 31.53 33.58 34.25 33.66 32.88 34.19 36.54 37.52 37.97 38.4 38.86 38.99 39.19 39.45 40.1 41.33 43.1 43.76 44.12 44.08 43.54 42.96 42.88 42.91 42.35 42.36 42.14 42.18 42.07 42.15 42.44 42.89 43.36 43.89 44.35 45.09 45.57 45.92 46.16 46.39 46.68 46.42 46.08 47.99 48.28 47.11 46.98 46.16 47.62 47.46 46.47 47.28 47.5 48.02 47.83 47.2 46.72 45.89 44.66 44.27 43.59 42.85 42.1 41.44 40.58 39.98 39.23 38.52
27.83 27.89 28 28.04 28.27 28.82 29 29.18 29.91 30.55 31.92 33.22 34.78 34.26 34.44 36.52 37.89 38.02 38.62 39.02 39.46 39.8 39.93 40.96 42.05 42.91 43.15 43.89 43.96 43.72 43.35 42.92 42.7 42.64 42.57 42.64 42.25 42.42 42.81 43.07 43.49 43.82 44.21 44.77 45.35 45.87 46.2 46.21 46.8 47.16 45.77 44.72 47.49 48.19 47.56 46.28 45.61 46.69 47 47.16 47.45 47.49 47.02 47.01 46.64 45.9 44.98 44.16 43.65 42.87 42.12 41.48 40.74 40.01 39.26 38.65 37.93
27.24 27.79 28 28.03 28.11 28.67 29.06 29.71 29.98 30.2 31.2 32.59 33.58 33.93 34.31 36.23 37.81 38.15 38.66 39.08 39.55 40.24 40.87 41.41 42 42.5 43.05 43.62 43.1 43.2 43.46 43.49 43.65 43.47 43.48 43.2 43.12 43.15 43.4 43.5 43.71 44.31 44.77 45.11 45.69 45.98 46.37 46.78 47.13 47.2 46.74 45.58 46.76 47.97 47.34 46.71 45.91 45.59 45.64 46.18 46.22 46.92 46.46 45.95 45.67 45.01 44.38 43.56 42.93 42.13 41.55 40.79 40.02 39.57 38.72 38.04 37.33
27.08 27.85 27.92 28 28.97 29.03 29.51 29.75 30.91 31.23 31.48 31.37 32.6 33.58 33.85 34.83 36.77 37.54 38.38 39.02 39.73 40.28 40.83 41.31 41.96 42.44 43.03 43.31 42.6 43.33 43.75 43.55 43.68 43.61 43.24 43.53 43.79 43.93 43.93 44.13 44.32 44.63 44.87 45.21 45.58 46.07 46.54 46.92 47.09 47.24 47.38 46.86 45.87 46.36 47.6 47.18 45.77 46.22 44.9 44.82 45.57 45.87 45.78 45.44 44.96 44.27 43.63 43.06 42.19 41.55 40.78 40.16 39.32 38.76 38.01 37.41 36.56
27.13 27.04 27.21 28.49 29.89 30.67 30.93 30.6 31.57 32.73 33.46 33.13 33.86 35.03 34.53 34.33 35.04 36.25 37.51 38.43 39.49 40.26 40.8 41.16 41.71 42.28 42.57 42.26 42.18 42.83 43.21 43.45 43.79 43.71 43.87 43.99 43.85 43.83 44.15 44.25 44.42 44.77 45.22 45.49 45.87 46.24 46.61 46.82 47.34 47.29 47.14 47.39 46.53 45.11 47.12 46.78 46.26 46.28 44.82 44.19 44.2 45.16 45.16 44.75 44.25 43.64 42.85 42.35 41.69 40.76 39.92 39.46 38.78 38.04 37.37 36.74 36.09
26.99 27.07 27.22 28.01 28.88 29.51 29.95 30.26 30.68 31.49 32.3 33.44 33.68 34.31 35.32 36.21 36.3 36.05 37.19 38.3 39.34 39.94 40.33 40.63 41.51 41.69 41.56 41.71 42.44 42.65 43.16 43.49 43.59 44.01 44.08 44.19 44.29 44.28 44.45 44.76 44.91 45.13 45.43 45.66 46 46.23 46.64 47.02 47.27 47.25 47.5 47.6 47.48 46.64 46.34 45.58 45.67 45.91 45.36 44.76 43.94 44.29 43.92 43.72 43.35 42.9 42.26 41.65 40.91 40 39.37 38.96 38.24 37.45 36.53 36.04 35.61
26.94 27.02 27.51 28.03 28.49 29.03 29.49 30.05 30.23 30.66 31.32 32.26 32.2 33.37 34.69 35.13 35.74 36.24 36.64 37.99 38.88 39 40.09 40.7 41.29 41.16 40.66 41.64 42.42 42.88 43.12 43.62 43.84 44.19 44.34 44.48 44.53 44.6 44.76 44.88 44.92 45.13 45.37 45.56 45.93 46.39 46.62 46.97 47.26 47.27 47.39 47.3 47.07 46.43 46.06 45.25 45.93 45.86 45.35 45.03 43.97 42.6 42.64 42.8 42.72 42.18 41.62 41.08 40.32 39.55 38.84 38.38 37.38 36.45 36.07 35.69 35.03
26.54 26.98 27.58 28.09 28.26 28.85 29.41 30.02 30.35 30.57 30.98 31.91 33.06 33.05 33.53 33.53 34.49 35.1 35.58 36.54 38.42 39.03 38.69 39.13 39.25 39.82 40.54 41.15 41.95 42.46 43.09 43.75 44.06 44.3 44.59 44.65 44.58 44.47 44.68 44.79 44.93 45.02 45.19 45.39 45.81 46.18 46.64 46.84 47.03 46.73 47.5 47.2 45.89 46.26 46 45.36 45.79 45.36 44.83 43.92 42.42 42.49 42.36 42.17 42.01 41.43 40.93 40.29 39.65 38.87 38.04 37.52 36.94 36 35.5 34.9 34.27
25.93 26.6 27.21 27.77 27.99 28.43 29.08 29.3 29.87 30.29 30.98 31.39 32.51 33.3 34.04 34.82 36.03 36.03 35.98 35.67 36.54 37.07 37.37 38.18 39.24 40.59 41.1 41.48 41.88 42.18 42.7 43.61 43.95 44.33 44.65 44.47 44.45 44.27 44.49 44.53 44.57 44.8 44.97 45.39 45.47 45.87 46.45 46.58 46.03 46.3 47.31 46.71 46.11 46.23 45.96 45.53 45.13 44.85 43.86 42.06 40.9 41.1 41.03 41.39 41.37 40.82 40.29 39.62 38.83 38.1 37.36 36.68 36.29 35.48 34.71 33.98 33.59
25.72 26.03 26.6 26.98 27.57 28.02 28.63 29.18 29.77 30.47 31.21 32.22 33.93 35.05 36.58 36.67 36.93 36.31 35.44 35.69 36.43 37.05 37.59 38.67 40 40.79 41.07 41.5 41.83 42.17 42.62 43.12 43.54 44.05 44.12 44 43.95 43.83 44.01 43.95 44.29 44.38 44.53 44.93 45.1 45.58 46.05 46.3 46.48 47.03 47.19 46.79 46.17 46 45.62 44.71 44.13 43.8 42.46 41.45 40 39.75 40.31 40.6 40.67 40.09 39.59 38.92 38.29 37.55 36.68 35.9 35.56 34.66 33.97 33.67 32.84
25.07 25.93 26.23 26.73 27.17 27.83 28.33 29.1 29.97 31.17 32.81 34.48 35.39 36.7 37.08 36.94 36.54 36.41 35.57 35.68 35.76 37.15 38.48 39.63 39.93 40.12 40.29 40.89 40.74 41 41.62 42.05 42.68 43.15 43.47 43.4 43.4 43.57 43.64 43.71 43.76 43.81 44.12 44.22 44.43 44.48 44.88 45.35 45.16 46.5 46.78 46.22 45.76 45.17 44.34 43.36 43.21 42.55 41.68 40.94 40.1 39.59 39.57 39.56 39.71 39.46 38.97 38.34 37.69 36.89 35.97 35.22 34.59 33.99 33.16 32.72 32.12
25.5 25.99 26.68 27.31 27.96 28.13 28.61 28.94 29.18 30.19 32.71 35.15 35.75 35.49 36.08 36.37 36.06 35.83 35.62 35.46 36.4 37.88 38.73 39.19 39.15 38.94 39.32 39.95 39.74 39.28 39.87 40.7 41.51 41.54 42.42 42.72 42.36 41.56 40.92 40.14 39.9 39.61 40.02 40.43 41.33 41.84 42.49 44.11 44.59 45.55 44.18 44.32 44.15 43.63 42.67 42.28 42.34 42 40.95 40.29 39.74 39.2 39.32 38.95 38.96 38.77 38.17 37.51 36.96 36.13 35.38 34.86 34.03 33.61 32.78 31.91 31.44
25.85 26.05 26.76 27.1 28 28.53 29.02 29.48 29.75 29.7 31.15 32.34 32.8 33.32 34.6 35.86 35.97 35.27 35.12 35.41 36.3 37.02 38.48 38.96 39.01 39 38.87 39.45 39.02 38.58 38.98 39.64 39.73 40 41.33 41.94 41.64 40.2 39.84 40.17 39.7 39.44 40.5 39.68 39.87 41.22 41.28 42.27 43.72 43.47 42.12 41.19 40.92 41.58 40.99 39.94 40.82 40.08 40.66 39.97 39.61 39.47 39.11 38.85 38.63 38.17 37.52 37 36.37 35.47 34.93 34.33 33.23 33.05 32.02 30.99 30.97
25.55 25.88 26.55 27.12 27.75 29.36 29.24 29.34 29.95 30.19 30.16 31.07 33.55 34.75 36.21 36.97 37.08 36.82 36.89 37.16 37.2 37.08 37.48 38.03 38.32 38.73 38.95 38.61 38.78 39.13 39.63 40.15 40.26 40.3 40.69 41.21 41.44 40.91 40.69 41.28 40.58 40.6 40.6 38.81 40.44 41.25 41.55 41.43 40.99 38.08 40.74 40.15 39.48 40.05 39.45 40.26 39.65 40.09 39.79 39.87 39.5 39.06 38.69 38.24 37.85 37.39 36.98 36.28 35.53 34.77 34.08 33.59 32.65 32.37 31.72 30.59 30.43
25.68 25.92 26.73 27.32 27.97 29.11 29.18 29.92 30.97 31.61 31.14 30.94 32.91 36.29 36.49 36.75 36.7 36.65 36.21 36.43 37.41 37.39 37.32 37.27 37.49 38.19 37.42 37.45 37.89 38.36 38.89 39.63 39.8 40.13 40.22 40.09 40.61 40.86 40.85 41.05 40.92 41.39 40.83 41.01 41.31 41.09 41.31 39.76 39.04 38.4 40.2 39.19 40.27 39.86 39.28 40.03 40.02 39.69 39.43 39.14 38.76 38.44 37.88 37.45 37 36.6 36.11 35.55 34.74 34.15 33.5 33.22 32.29 31.78 30.84 30.16 29.87
25.75 26.12 26.89 27.71 29.3 29.38 29.69 30.57 32.02 34.47 33.03 31.17 33.57 35.69 36.46 36.42 36.23 36.43 36.7 36.84 36.76 36.87 37.24 37.3 37.04 37.69 37.92 38.1 38.02 38.35 38.24 38.35 38.66 39.1 39.72 39.62 39.53 40.03 40.38 40.39 40.54 40.66 40.79 40.97 41.03 41.03 40.8 39.48 39.4 39.92 40.15 40.08 40.2 39.64 39.66 39.64 39.44 39.06 38.65 38.35 37.82 37.57 36.94 36.47 36.09 35.65 35.24 34.66 33.75 33.31 32.48 32.19 31.7 31.44 30.3 29.82 29.18
25.61 26.3 26.75 27.13 27.76 28.24 29.54 32.1 34.24 35.2 34.46 32.68 33.04 34.81 35.99 36.08 35.85 35.52 36.31 35.99 36.16 35.87 36.04 35.65 35.13 36.03 36.41 36.64 36.92 37.38 37.69 38 38.24 38.35 38.45 38.4 38.01 39.02 39.04 39.35 39.43 39.63 39.75 40.01 40.15 40.35 40.29 40.08 40.07 40.19 39.98 39.95 39.72 39.39 39.15 38.73 38.31 38.05 37.56 37.35 37.04 36.69 36.19 35.76 35.01 34.76 34.25 34 33.15 32.86 32.23 31.72 30.87 30.59 29.57 29.53 28.51
26.4 26.85 26.66 26.37 27.49 29.98 31.4 32.47 34.93 35.22 33.56 31.7 33.67 34.41 35.79 34.97 34.14 34.13 34.38 33.8 33.02 32.67 32.74 32.77 32.92 33.43 34.06 34.49 34.99 35.36 35.85 36.41 36.22 36.44 36.57 36.83 36.79 37.42 37.9 38.2 38.42 38.57 38.85 38.93 39.1 39.19 39.28 39.25 39.21 39.19 39.02 38.82 38.63 38.35 38 37.43 37 36.68 36.32 36.16 35.94 35.92 35.61 35.06 34.22 33.82 33.29 33.2 32.58 32.11 31.61 31.19 30.15 30.03 29.1 28.66 27.98
25.45 25.72 25.89 26.67 27.75 31.33 31.65 31.53 32.73 32.83 31.35 30.3 32.16 33.96 33.89 33.67 33.25 31.58 31.34 30.51 30.86 30.84 31.09 31.29 31.63 32.31 32.36 33 33.73 34.11 34.45 34.88 35.04 35.11 35.19 34.82 35.72 36.37 36.8 37.52 37.17 37.46 37.54 37.62 37.93 38.13 38.15 38.08 37.98 37.9 37.69 37.6 37.52 36.92 36.48 36.32 35.77 35.6 35.21 35.21 34.96 34.39 33.81 33.76 33.79 33.28 32.6 32.43 32.04 31.53 31.12 30.66 30 29.5 28.55 28.16 27.19
25.27 25.59 25.92 26.33 27.16 29.91 32.15 30.09 29.35 29.51 31.34 30.2 29.68 32.15 33.2 31.56 31.24 31.14 30.42 30 29.83 29.81 29.91 30.53 31.02 31.46 31.22 32.33 32.53 32.91 33.08 33.61 33.65 33.75 33.68 33.7 34.97 35.61 36.12 36.2 36.19 36.05 36.12 36.47 36.8 36.96 37.01 36.85 36.65 36.38 36.2 36.23 35.93 35.44 35.21 34.94 34.6 34.15 33.95 33.87 33.31 33.31 33.14 32.89 32.21 32.59 32.07 31.71 31.11 30.99 30.18 30.06 29.4 29.04 28.17 27.73 26.74
24.64 25.53 26.25 27.01 27.74 28.85 28.91 28.13 28.82 30.66 32.84 32.14 29.53 31.72 30.76 30.81 30.71 29.68 29.23 29.42 29.71 29.57 29.24 29.25 29.85 30.4 30.28 31.09 31.36 31.72 31.81 32.3 32.36 32.86 32.89 32.72 33.8 34.4 34.68 34.99 35.18 35.28 35.19 35.45 35.69 35.77 35.84 35.65 35.48 35.44 35.34 34.81 34.55 34.26 34.07 33.7 33.38 32.97 32.9 32.79 32.36 32.4 32.19 32.35 31.84 31.67 31.3 31.04 30.69 30.56 29.95 29.86 28.78 28.57 27.84 27.01 26.25
25.16 25.55 25.36 26.82 28.42 28.9 28.55 29.53 30.28 30.92 31.75 30.82 28.58 29.07 29.43 29.54 29.25 28.5 28.45 28.19 28.63 28.79 28.79 28.5 28.8 29.17 29.1 29.79 30.22 30.62 30.5 30.82 31.19 31.51 31.79 31.62 32.57 33.26 33.53 33.76 33.99 34.1 34.33 34.16 34.5 34.35 34.41 34.4 34.31 34.12 33.96 33.57 33.3 33.2 33.12 32.52 32.44 32.07 31.92 31.94 31.57 31.42 31.37 31.51 30.94 31.03 30.77 30.42 30.12 29.98 29.23 29 28.24 27.93 27.32 26.49 25.62
24.85 24.98 24.64 24.57 26.38 26.89 26.18 27.47 28.04 29.48 29.1 28.44 26.63 27.25 27.74 27.23 27.09 27.83 27.9 27.8 27.66 27.68 28.01 27.8 27.66 28.05 28.13 28.58 28.94 29.3 29.46 29.56 30.17 30.56 30.64 30.49 31.37 31.79 32.23 32.65 32.75 32.83 33.04 33.41 33.57 33.55 33.44 33.09 33.08 32.95 32.63 32.53 32.4 32.48 32.12 31.56 31.31 31.17 31.11 30.87 30.75 30.66 30.67 30.6 30.29 30.04 30.02 29.95 29.34 29.37 28.8 28.7 27.73 27.3 26.67 25.86 24.84
