taller 1/variables/bioclim16.asc
ncols         720
nrows         300
xllcorner     -30.008325510658
yllcorner     30.991671412252
cellsize      0.083333337679505
NODATA_value  -9999
[rows 264 to 296 of 300, columns 296 to 369 of 720]
218.68 209.95 204.75 204.31 206.33 203.38 197.24 195.86 191.75 188.26 180.73 168.18 156.33 141.99 139.01 138.24 142.57 145.27 133.71 125.6 117.04 105.78 93 91.75 88.57 91.56 112.02 126.33 135.13 130.56 122.8 123.21 115.28 107.11 104.64 103.34 102.4 102.47 98.18 99.37 101.68 106.07 110.12 113.21 115.05 116.29 116.76 115.91 114.26 112.09 108.89 105.46 102.19 99.09 96.13 93.39 90.72 88.8 86.23 83.96 83.38 83.49 81.16 78.84 78.09 76.8 76.46 76.82 77.89 78.05 78.56 79.49 80.06 80.54
229.44 220.93 211.83 203.91 200.62 197.35 189.74 184.01 178.16 166.31 152.54 142.94 137.88 135.26 133.96 135.64 128.3 130.7 121.18 120.48 112.13 102.89 91.28 93.96 105.77 108.11 125.64 127.57 121.94 117.27 115.37 113.19 109.03 101.94 99.98 99.52 99.9 99.4 96.48 98.59 100.27 103.79 105.1 107.03 108.48 109.5 109.55 108.71 107.88 105.85 103.51 100.87 98.35 96 93.76 91.5 89.59 88.03 86.88 84.97 85.53 83.47 80.86 79.48 78.01 77.4 78.09 79.92 79.8 78.94 78.17 78.02 79.1 80.41
241.1 238.87 232.55 221.01 207.24 183.2 170.21 163.07 164.62 151.79 143.08 142.03 136.02 141.13 161.66 147.3 138.71 128.69 111.79 120.53 110.69 90.86 87.5 91.6 101.09 110.66 116.44 115.91 113.68 108.69 104.75 102.04 99.59 97.53 97.23 97.11 97.49 97.87 95.1 97.64 100.08 101.03 100.38 99.49 99.56 99.44 101.84 102.17 102.04 100.65 98.56 96.41 94.81 93.17 91.49 89.76 88.62 87.17 87 86.02 85.11 82.95 81.12 80.44 79.12 78.01 77.83 78.98 81.74 80.8 79.65 80.1 80.74 82.57
280.91 276.47 266.37 240.34 223.35 183.21 150 137.87 139.43 142.68 135.62 126.16 132.46 130.34 180.31 204.09 148.96 120.69 139.32 123.04 89.41 83.93 83.11 87.39 95.3 102.29 108.09 107.6 107.87 103.34 100.41 98.01 96.56 95.44 95.13 95.02 94.87 94.2 93.39 95.61 96.99 97.54 96.83 95.15 96.18 95.6 95.13 95.43 96.58 94.75 92.92 91.33 91.01 90.01 89.06 87.99 86.81 86 86.8 86.83 87.85 83.76 81.74 80.71 79.63 77.85 77.39 77.45 78.79 81.02 82.19 81.87 84.15 84.54
315.38 303.68 285.15 270.87 235.58 188.07 151.13 139.69 126.93 132.21 126.61 122.31 149.86 144.18 168.57 157.57 143.45 156.86 173.23 97.38 81.22 78.49 81.05 85.54 91.46 97.78 103.11 103.69 102.39 99.57 97.06 95.17 94.08 93.94 93.15 92.63 91.75 92.49 93.73 93.58 94.02 94.5 93.79 94.21 93.99 94.41 94.19 93.18 92.99 91.31 90.89 89.55 87.28 87.05 86.66 85.47 84.67 84.68 85.7 87.19 92.35 85.22 82.31 81.06 80.03 79.38 77.74 76.71 76.31 78.19 79.93 79.66 81.04 81.66
327.99 328.71 327.26 290.66 248.1 209.09 168.05 151.39 129.75 123.56 120.61 113.56 129.28 142.36 188.89 179.47 192.03 192.21 120.29 84.89 74.07 74.55 79.64 85.44 90.78 97.51 101.41 100.68 99.06 97.35 95.62 93.78 92.92 92 91.79 90.83 90.19 91.53 91.58 91.88 91.35 91.77 91.99 92.06 91.7 91.61 91.43 90.98 90.11 89.48 88.26 87.2 85.39 84.81 84.17 83.52 82.99 83 83.4 88.8 90.23 84.54 81.8 81.9 80.9 79.3 77.12 76.25 76.38 76.04 76.32 76.94 78.8 84.29
295.43 304.31 320.32 284.49 247.08 198.43 163.59 142.44 150.66 161.8 128.17 110.97 114.56 142.38 182.17 176.71 128.2 109.41 88.44 73.12 68.12 72.24 79.86 87.12 93.97 99.24 102.8 101.19 99.5 98.11 95.95 93.87 93.36 92.2 90.78 90.43 88.97 89.97 90.14 89.28 89.44 89.54 89.37 89.34 88.98 88.34 88.03 87.57 86.87 86.08 84.98 84.01 83.04 82.07 82.6 83.06 80.81 80.78 81.52 82.78 83.45 82.05 81 80.29 79.38 77.82 76.98 75.98 74.74 73.57 73.56 74.58 76.95 77.9
306.96 321.2 296.08 272.81 232.43 189.57 178.13 177.38 180.13 139.9 120.77 114.09 119.34 132.01 144.19 137.54 98.32 83.93 73.63 64.39 64.67 72.19 79.84 90.13 95.12 100.44 103.08 102.51 102.65 99.53 96.73 97.68 95.2 92.33 90.95 90.11 88.94 89.62 89.84 89 88.31 87.41 87.27 86.62 86.2 85.74 84.8 84.37 83.55 82.81 81.74 80.67 80.18 82.88 80.4 78.89 78.27 78.3 78.41 79.19 81.16 80.35 79.49 77.76 76.5 76.63 75.8 74.33 73.32 73.97 74.18 74.86 73.42 72.64
316.75 302.7 281.95 257.83 228.37 212.9 204.39 176.44 151.63 131.63 123.82 114.16 114.44 115.72 124 117.3 82.3 72.99 66.26 61.4 64.07 71.94 82.41 92.99 97.81 101.29 105.37 106.9 104.23 100.34 98.84 97.04 94.87 93.06 91.11 90.25 89.23 88.93 88.83 88.89 87.59 86.8 86 85.24 84.55 83.31 82.25 81.22 80.73 79.68 78.91 78.72 80.59 79.31 76.24 75.69 75.83 75.85 75.69 76.71 76.82 76.68 78.59 77.08 74.22 73.71 73.32 71.1 70.96 72.93 68.3 66.9 65.22 67.91
299.38 282.39 266.01 246.93 232.51 225.34 198.01 171.47 135.86 123.98 116.74 105.99 102.77 96.18 92.57 82.28 73.81 67.16 63.51 62.55 65.55 74.29 85.03 96.03 103.96 109.29 108.25 110.01 105.79 103.87 102.47 99.35 98.24 94.81 91.8 90.62 89.98 89.47 89.51 89.49 88.84 87.74 85.62 83.93 83.19 82.35 80.94 79.43 77.82 77.35 77.19 76.57 82.04 75.59 73.88 73.68 74.14 74.4 73.69 73.44 73.33 74.3 77.79 72.1 74.01 77.38 74.4 68.72 67.01 65.43 61.53 60.69 64.88 64.06
279.46 266.78 252.21 234.53 220.69 201.3 171.06 142.79 125.01 118.52 111.31 99.68 92.19 85.77 82.39 74.69 69.19 65.24 64.62 65.63 67.3 73.51 85.61 99.66 110.87 115.61 114.85 113.33 109.14 110.88 110.21 103.67 101.42 96.51 92.8 92.51 92.55 92.63 91.58 91.75 90.66 88.34 84.72 83.14 82.03 81.05 80.11 78.1 76.28 75.28 75.05 79.32 76.21 72.79 72.48 72.2 71.11 71.31 70.41 71.89 70.74 69.73 67.92 68.08 69.28 72.7 67.45 66.24 62.31 61.68 58.99 58.55 64.3 56.33
261.95 251.35 239.69 228.08 204.35 167.83 142.68 125.58 116.96 113.7 108.32 103.41 88.66 80.81 75.33 69.39 66.84 66.29 66.81 68.38 72.55 78.03 87.24 102.73 111.02 115.5 118.51 116.73 114.57 118.81 112.59 110.78 104.29 96.51 95.39 95.15 95.28 93.92 94.96 95.45 91.73 86.72 83.46 82.03 81.46 80.78 79.02 77.1 75.27 74.17 74.71 75.37 72.2 71.44 70.94 70.11 71.4 68.6 69.66 73.43 66.9 67.13 64.08 62.95 62.79 62.44 65.9 64.72 59.52 59.25 54.77 54.8 52.6 52.07
249.16 235.11 224.01 199.41 166.83 142.36 124.89 114.03 107.85 106.48 101.08 87.05 80.21 76.1 70.05 67.21 67.31 66.91 69.47 71.45 75.53 83.16 93.59 104.6 114.55 120.27 124.46 123.67 119.72 115.69 115.73 111.16 102.07 97.23 98.45 99.43 98.94 96.55 95.24 92.02 89.03 85.57 83.33 82.1 80.7 79.41 77.71 75.92 74.22 73.91 73.87 72.76 71.07 70.73 70.4 77.78 70.99 66 81.68 64.91 61.06 66.44 60.02 58.91 58.97 59.66 63.11 59.69 53.95 54.49 51.75 50.04 49.87 49.41
224.22 221.93 202.15 173.63 148.33 128.21 114.08 104.21 96.27 93.8 88.81 78.06 72.96 71.48 69.16 67.8 68.91 68.96 72.36 76.5 82.03 93.28 105.25 111.35 116.06 121.16 126.31 123.14 119 117.09 114.22 110.25 102.17 98.14 100.68 103.02 100.07 96.14 91.02 87.69 85.65 84.42 79.94 77.72 75.45 74.5 74.06 75.43 74.26 74.41 73.19 71.77 70.02 68.02 72.48 74.32 60.33 68.81 72.93 56.89 57.42 59.21 60.99 61.97 56.01 62.86 55.12 51.23 49.35 48.62 48.25 48.2 48.11 47.51
207.67 198.62 180.39 157.94 136.58 119.38 105.57 96.34 91.03 88.58 78.12 73.86 71.43 70.92 70.09 69.44 70.86 73.04 77 84.42 94.23 100.81 109.68 115.91 120.42 124.17 124.73 120.95 118.83 115.77 110.83 107.34 101.34 98.48 97.33 97.77 95.34 91.6 87.05 84.5 81.79 78.94 75.56 73.03 72.87 72.98 74.47 77.78 79.08 73.16 69.56 69.71 66.87 66.48 64.95 62.55 54.95 57.24 52.75 52.83 56.07 57.21 61.22 56.51 57 57.38 50.11 48 47.77 48.39 47.85 46.97 46.59 45.99
198.54 181.64 164.01 145.9 127.97 112.06 98.57 90.85 88.82 82.11 77.7 75.52 74.03 72.53 72.78 72.76 76.62 79.08 82.75 90.44 100.57 106.08 113.51 118.56 124.13 126.83 125.27 124.55 118.2 116.05 113.53 105.96 102.3 99.27 95.75 94.3 94.36 91.92 85.39 80.75 79.82 79.12 76.14 74.35 73.28 73.74 75.79 81.14 71.9 68.36 65.45 67.85 66.4 60.93 58.28 54.71 54.79 67.97 58.63 50.97 52.3 55.61 53.61 48.95 47.76 48.34 46.71 45.76 46.7 46.26 45.22 44.11 44.02 44.01
184.38 171.74 158.62 142.44 127.38 119.45 108.38 104.28 108.98 98.76 98.48 108.03 99.06 87.09 88.89 88.02 96.14 97.06 97.43 104.63 106.37 106.44 114.9 120.87 130.34 134.82 131.59 123.89 117.76 116.27 115.79 110.38 104.16 99.13 94.45 92.05 86.93 85.45 82.03 79.56 80.41 76.5 77.98 78.29 72.58 69.79 70.19 69.36 66.84 64.56 63.18 66.07 63.46 60.68 60.37 56.02 67.53 64.24 54.33 49.5 53.99 50.98 47.92 47.26 45.3 45.52 45 44.83 44.71 44.24 43.76 43.21 42.49 42.04
183.61 167.13 157.2 142.44 164.97 184.88 169.29 164.12 141.88 100.42 89.17 98.75 100.21 96.48 98.15 101.67 105.37 112.76 92.46 108.21 106.36 104.49 110.73 123.61 135.97 136.91 138.77 125.65 117.47 113.13 106.14 94.2 87.12 82.77 79.16 76.57 74.44 72.99 72.08 72.13 73.34 72.73 71.11 69.96 68.22 67.17 66.03 64.68 64.26 62.29 63.1 62.15 62.57 63.18 68.05 61.68 50.57 47.83 46.33 49.38 48.71 46.03 45.86 44.89 44.18 42.87 42.87 42.44 42.82 42.51 42.03 41.26 41.03 40.72
183.49 174.92 152.25 172.39 206.35 193.89 171.08 113.05 93.13 81.99 77.34 77.89 91.51 90.62 81.42 90.82 97.04 82.3 79.02 82.89 85.69 96.94 105.44 118.92 136.76 141.88 125.57 115.92 113.47 112.5 103.63 91.95 84.45 79.3 76.41 74.01 72.03 70.45 69.39 68.92 70.03 71.04 69.19 67.07 66.31 68.91 64.13 63.84 61.56 62.91 71.84 61.09 55.92 68.8 56.8 49.71 54.47 47.88 44.99 46 45.79 45.12 44.42 42.91 42 41.85 41.36 41.69 41.74 41.1 40.65 39.94 39.41 38.67
191.65 180.89 163.46 156.83 148.62 138.16 115.79 91.22 75.58 71.49 69.52 73.51 76.09 71.6 64.7 63.3 62.81 64.78 66.46 69.53 74.14 82.35 89.39 106.69 125.45 134.32 127.99 116.81 122.47 113.43 97.07 95.36 88.89 78.69 75.1 71.61 68.99 67.79 66.87 66.58 72.86 77.25 72.1 67.1 66.14 68.85 66.25 59.94 57.76 58.91 72.24 56.62 53.87 54.35 50.4 54.14 50.63 44.62 44.61 44.77 44.05 43.87 43.8 41.91 41.13 40.99 39.54 38.97 39.58 39.33 39.05 38.76 38.05 37.21
178.47 171.58 147.42 120.92 108.66 104.48 87.32 81.95 73.59 66.58 63.71 62.29 60.32 60.16 60.55 59.26 58.09 58.71 60.92 68.18 68.93 69.38 76.66 90.05 103.86 108.05 97.71 112.92 122.15 97.78 81.98 84.12 84.93 78.65 73.01 66.98 66.01 65.28 64.59 66.56 75.76 77.93 69.93 66.4 64.16 62.12 62.18 58.83 59.45 57.03 60.34 61.66 50.82 49.84 50.13 48.72 45.66 43.8 43.16 43.01 42.97 42.93 43.2 41.47 40.73 38.96 38.36 37.7 38.27 38.59 37.77 36.73 36.08 36
176 153.51 138.05 132.87 122.68 95.6 83.57 79.83 75.52 77.12 63.74 59.3 62.66 64.75 61.44 57.64 57.29 55.26 54.21 56.62 60.61 69.93 81.64 86.06 97.1 95.59 89.44 87.75 86.03 70.56 69.82 69.19 67.75 67.57 66.29 64.82 64.9 66.49 68.84 70.69 73.49 73.84 70.41 68.8 67.14 62.5 60.41 59.17 54.34 53.45 52.28 50.9 50.04 49.33 47.35 46.75 44.45 43.04 43 42.98 42.87 41.99 41.14 41 40.45 38.08 37.97 36.67 36.61 36.44 36.03 36 35.86 34.63
147.64 133.41 139.43 127.19 110.69 84.56 88.28 91.8 89.26 82.54 70.45 60.99 62.52 68.03 66.07 60.72 53.73 51.02 49.72 52.47 59.64 66.62 63.64 61.62 62.82 66.57 68.1 65.66 69 62.56 68.41 66.42 66.62 63.93 61.47 60.25 60.38 61.17 68.57 70.6 72.88 74.5 75.75 72.64 66.45 62.41 62.45 58.7 53.76 51.55 50.43 50.12 49.39 47.16 46.61 45.69 43.28 43 42.99 42.49 41.94 41 40.33 39.46 38.18 38 37.97 36.38 35.89 35.53 35.75 34.77 33.35 33
146.17 115.18 103.01 105.29 88.12 79.43 81.03 88.1 81.51 73.46 61.32 57.71 59.39 54.39 52.38 50.34 50.28 49.89 48.07 50.17 51.37 48.11 45.18 44.88 46.22 49.32 51.12 53.09 54.55 56.2 59.54 60.26 57.69 56.61 57.41 57.27 56.41 57.23 59.3 59.11 61.29 61.53 57.02 59.03 57.13 54.79 53.5 52.49 51.48 50.19 50.46 50.08 48.28 47 46.48 45.27 43.05 42.96 42.18 41.78 41.06 40.13 39.04 38.04 38 37.72 36.49 36 35.79 34.16 33.28 32.88 32.9 32.39
127.46 106.13 105.95 92.5 82.54 83.52 70.41 67.31 63.98 58.91 57.7 55.06 52.27 50.69 48.87 47.35 47.51 46.16 43.82 42.35 41.13 40.33 40.35 41.01 41.37 42.2 43.97 46.58 47.93 47.35 48.36 49.09 49.87 50.26 51.14 51.59 51.02 53.25 53.86 52.77 61.74 61.93 53.06 52.93 52.34 51.73 51.64 50.85 50.22 49.79 49.35 49.11 47.48 47 46.22 44.95 43.01 42.15 41 41.02 40.36 39.06 38.03 37.99 37.44 36.29 35.79 35.12 34.29 33.58 33.01 32.5 31.48 31.34
121.94 114.08 104.39 91.88 75.9 70.59 66.64 62.42 59.68 57.57 56.29 53.64 50.25 48.15 46.72 44.94 45.29 44.24 42.68 41.84 40.89 40.11 41.31 40.53 40.75 39.78 40.2 40.86 41.86 42.5 43.18 43.64 43.71 44.14 44.53 44.62 45.67 48.38 49.33 48.55 48.98 51.58 49.62 48.81 50.16 50.21 49.74 49.07 48.97 48.61 48.72 47.98 47.08 46.55 45.17 44.82 42.92 41.38 40.93 40.29 39.09 38.11 37.95 37.31 36.37 35.38 34.59 34.04 33.53 32.91 32.33 31.75 31.1 29.6
100.96 91.62 93.85 75.46 69.89 66.06 62.84 59.87 57.16 55.26 53.96 52.38 49.75 46.76 44.47 43.28 42.65 41.78 41.44 42.68 43.08 43.3 42.3 42.26 41.11 40.97 41.04 40.6 40.29 39.67 39.48 39.91 40.28 41.67 42.07 41.96 41.86 42.86 43.8 44.88 46.47 50.22 52.1 47.05 48.45 48.03 47.65 48.06 48.22 48.52 48.29 47.63 46.44 45.12 45 43.78 42.24 41.43 39.87 39 38.35 37.89 37.18 36.5 35.17 34.34 34 33.42 32.57 31.95 31.32 30.85 29.79 29
86.53 84.57 74.17 69.38 65.62 62.24 58.99 56.7 53.9 51.11 49.59 49.18 48.22 44.85 43.39 41.28 40.76 40.49 41.5 42.38 42 41.59 41.19 40.93 40.88 39.83 38.41 38.57 39.33 38.17 36.64 37.08 39 39.32 40.05 39.6 38.92 39.61 41.17 45.11 48.16 47.1 44.12 44.98 45.68 46.11 46.23 46.09 46.11 46.73 46.49 46.06 45.56 45 44.31 42.24 41.92 40.84 38.87 38.22 37.72 37.07 36.67 34.97 34.12 33.99 33.29 32.21 31.39 30.94 30.34 29.31 29 28.82
76.42 72 68.27 64.49 61.06 57.98 54.94 52.15 49.58 47.24 45.73 44.73 44.02 41.95 42.2 41.38 39.7 40.59 41.87 41.86 41.42 40.52 39.81 37.85 37.25 37.66 35.37 35.78 36.11 36.05 34.29 34.72 36.69 37.64 37.25 36.62 35.9 36.72 40.4 45.96 45.76 41.25 41.67 42.99 44.1 46.91 45.68 45.4 45.68 45.92 46 45.72 44.77 44.08 42.52 41.98 40.84 39.91 38.05 37.26 37.01 36.65 34.75 34.01 33.99 32.99 31.82 31.12 30.75 29.76 29.06 28.66 27.92 27.01
69.73 66.55 63.3 60.1 57.3 54.95 52.02 50.49 47.38 44.86 43.18 41.44 40.4 39.21 38.97 40.37 39.11 40.29 40.04 39.17 39.04 38.41 37.92 37.53 35.14 33.06 32.56 33.67 33.47 33.07 32.86 33.09 34.37 34.27 34.13 33.72 34.12 37.59 43.1 42.46 42.53 40.03 41 42.11 44.84 45.51 44.47 44.9 45 44.99 44.67 44.02 43.98 42.47 41.59 40.56 39.97 38.89 37.1 37 36.53 34.4 34 33.72 32.49 31.42 30.82 30.21 29.42 28.93 27.96 27.12 27 26.7
64.97 62.09 59.23 56.74 55.53 54.24 51.19 49.76 46.29 44.01 41.48 39.64 38.25 37.37 37.03 37.04 36.36 36.29 35.71 35.91 36.9 36.95 36.24 36 35.78 34.32 32 31.67 32.46 31.22 31.67 32.96 32.45 32.12 32.62 32.41 33.08 35.45 39.08 39.49 38.33 38.41 40.48 41.2 43.19 43 43 42.56 43.27 43.87 43.58 42.92 41.69 41.1 40.5 39.77 38.56 37.21 36.73 35.94 34.28 33.95 33.2 31.83 31.02 30.35 29.59 28.88 28.21 27.32 26.98 26.11 25.68 25.2
60.7 59.22 58.96 57.34 54.25 52.64 50.13 48.43 45.05 42.33 39.67 37.79 36.19 35.55 34.22 34.01 33.15 32.67 33.35 34.52 35.6 35.85 35.43 34.46 34.18 33.92 32.27 30.47 30.11 31.29 31.98 31.34 31.35 31.36 31.5 31.86 32.4 34.38 35.27 38.15 36.81 37.69 39.5 40.41 41.9 42.31 42.39 41.92 42 42.02 41.77 41.04 40.89 40.16 39.13 38.11 37.26 36.63 35.48 33.97 33.78 33.21 31.87 30.67 30.01 29.32 27.8 27.03 27.02 26.54 26.02 25.01 24.69 24.16
59.21 56.48 56.12 57.05 50.69 46.13 43.69 42.86 41.62 39.39 37.56 35.42 34.78 33.38 32.99 32.53 31.35 31.19 32.5 34.67 33.8 33.43 33.07 32.95 32.41 32.34 31.94 29.75 28.24 27.63 28.12 29.32 29.43 29.8 30.09 31.32 32.04 33.64 35.82 35.74 36.6 37.07 38.61 39.01 40.71 41.9 41.65 41.14 41.07 40.9 40.38 40.07 39.45 38.51 37.88 36.86 36.15 35.76 34.24 33.37 32.73 32.11 30.61 29.9 28.49 27.33 27 26.79 26.12 25.26 24.99 24.18 23.66 23.16
