taller 1/variables/bioclim13.asc
ncols         720
nrows         300
xllcorner     -30.008325510658
yllcorner     30.991671412252
cellsize      0.083333337679505
NODATA_value  -9999
[rows 165 to 197 of 300, columns 600 to 674 of 720]
147.07 146 142.96 135.3 127.67 122.72 117.72 108.55 103.09 102.63 104.31 100.83 98.51 97.05 82.2 74.34 78.69 78.82 70.93 65.27 61.04 61.61 59.86 61.41 62.65 60.83 61.07 61.28 62.9 65.58 71.39 70.13 63.66 61.2 61.01 62.13 61.05 64.13 74.96 83.37 79.83 80.18 81.31 86.24 85.58 84.19 77.46 70.3 68.04 64.49 64.17 64.45 65 65.62 66.22 66.68 67.39 67.69 66.99 65.75 64.78 64.19 64.01 63.95 64.18 63.49 62.95 62.5 62.51 62.43 62.97 63.89 64.95 66.99 68.47
149.36 143.62 142.28 135.74 128.6 122.51 119.45 116.55 112.34 111.38 108.32 108.1 98.29 81.48 76.16 72.37 70.57 70.1 73.55 62.61 60.47 59.36 58.93 59.71 60.36 60.05 63.24 65.06 68.07 71.18 68.62 66.49 63.84 62.04 62.15 61.86 58.85 61.63 67.98 73 75.1 83.04 84.77 82.83 79.62 81.62 80.13 77.27 74.2 72.39 68.22 64.86 65.13 64.7 64.8 65.55 66.06 66.09 65.41 64.77 64.1 63.43 62.27 61.76 61.61 61.42 61.24 61.13 62.06 62.97 63.41 64.97 66.36 67.78 69.06
154.99 145.35 141.14 135.47 128.92 124.57 122.17 118.87 117.93 115.63 110.67 97.96 84.09 79.8 79.98 69.32 63.27 61.41 61.79 60.88 59.45 60.2 60.07 60.9 60.81 61.12 62.04 62.47 65.55 62.07 61.35 60.14 61.06 61.6 63.1 60.93 57.78 59.56 63.86 69.53 77.04 78.07 73.36 71.25 70.55 73.89 73.41 71.88 68.96 71.43 76.94 69.69 67.25 68.06 70.38 71.79 72.46 69.23 65.4 64.2 63.59 62.85 62.51 61.48 61.4 60.53 60.42 61.44 62.44 63.57 64.18 65.9 68.26 70.83 72.13
156.98 145.08 142.04 136.84 131.29 129.74 126.69 123.39 120.31 117.51 110.08 89.69 86.01 84.26 79.51 73.64 69.44 62.15 58.87 58.02 58.83 61.36 59.92 59.08 60.4 59.5 58.35 59.63 59.48 58.76 58.98 59.5 60.88 59.72 62.3 60.34 58.72 58.45 61.68 65.23 73.14 67.29 65.08 66.99 71.41 74.13 72.9 72.55 74.69 75.55 74.83 78.86 78.71 72.04 82.04 83.05 80.92 75.47 72.96 68.36 63.96 63.26 64.83 63.78 61.9 61.48 62.26 62.91 63.88 64.75 65.3 66.35 67.91 69.59 71.79
158.33 147.76 142.24 138.4 133.23 131.04 127.88 125.37 121.66 118.22 102.98 89.98 97.32 94.84 81.08 83.45 73.21 69.66 66.77 59.7 59.75 61.43 60.39 57.78 57.57 58.63 57.58 56.31 56.7 57.47 58.06 58.69 62.57 60.71 60.81 62.37 60.43 56.43 60.4 71.27 68.07 63.51 63.18 64.01 69.26 72.71 73.05 76.45 81.06 79.68 80.78 83.21 75.36 70.81 82.85 79.39 73.69 75.27 74.7 74.53 71.71 68.01 67.12 64.35 62.49 63.02 63.26 63.92 65.07 66.2 66.59 66.99 67.11 68.23 70.05
156.75 146.83 141.96 139.04 132.45 133.11 128.36 127.24 123.67 119.07 101.02 98.83 105.37 93.53 81.8 92.9 92.59 83.49 74.32 65.31 59.98 58.74 58.47 57.18 57.48 57.32 56.65 57.94 61.36 64.9 66.16 63.86 61.3 60.96 61.43 66.76 65.02 59.99 58.16 66.46 82.34 75.18 69.5 64.7 64.93 70.87 73.22 73.25 76.1 76.97 77.39 76.22 74 71.45 81.91 79.72 76.29 78.93 76.21 77.33 72.58 68.15 66.43 65.76 64.9 65.6 65.47 65.65 66.47 66.99 67.97 69 68.69 68.38 69.15
158.3 147.54 142.72 139.37 132.45 132.19 131.62 127.62 125.74 121.14 110.33 101.92 105.35 92.72 82.96 82.81 98.44 86.62 76.91 64.01 60.07 58.08 58.24 57.76 57.31 57.1 57.62 59.68 60.5 60.59 61.84 62.33 62.19 61.11 60.72 64.52 65.57 58.38 57.46 62.25 73.51 85.01 81.88 65.15 61.65 65.67 68.64 71.45 71.38 72.41 74.21 72.63 70.93 72.65 75.14 79.32 78.46 81.15 81.16 76.01 69.92 68.78 66.33 67.06 66.83 66.62 67.15 67.97 68.45 69.51 70.85 71.46 73.08 71.65 70.18
159.29 150.49 144.73 141.33 135.41 128.76 131.9 127.26 127.2 123.01 115.4 101.88 98.45 99.4 81.19 80.62 91.77 74.32 71.31 64.59 60.07 62.03 58.46 56.39 57.18 57.71 58.34 57.48 57.77 56.2 55.51 59.03 59.71 61.89 62.58 62.63 61.18 58.16 58.03 59.09 62.74 71.92 70.79 66.46 61.25 61.4 64.44 64.92 66.67 67.9 69.37 71.79 71.75 76.4 80.56 79.18 75.79 72.31 73.03 71.56 70.27 69.4 69.17 67.58 66.3 67.54 69.2 70.28 69.09 71.27 74.5 72.8 74.35 75.6 73.48
155.86 150.45 144.03 141.15 136.09 127.21 126.7 127.68 127.77 124.29 116.03 97.77 95.05 98.83 84.61 82.42 79.79 73.89 68.56 64.25 61.77 65.14 60.76 56.03 55.53 54.9 56.94 60.12 57.62 58.18 56.61 54.19 55.53 59.75 63.81 62.23 61.2 59.41 58.98 59.59 60.01 60.76 62.18 67.64 64.91 62.21 62.35 63.39 64.53 67.43 70.83 72.88 72.62 73.62 75.58 72.94 71.41 70.57 69.96 70.16 69.84 71.82 71.24 68.98 68.15 71.68 71.28 71.93 74.35 77.23 79.37 78.23 77.74 76.33 75.16
151.2 148.73 144.89 142.17 138.53 131.48 124.31 129.18 127.91 118.12 111.45 99.97 96.37 93.88 95.11 79.08 72.48 69.25 70.33 71.09 69.17 62.71 59.79 57.17 57.16 55.8 54.31 57.78 58.32 57.96 57.13 54.48 54.02 55.04 57.03 59.01 59.44 59.16 58.91 59.32 60.02 60.79 61.73 65.07 63.92 63.57 63.69 64.72 64.42 65.82 67.26 71.15 70.39 67.48 70.65 74.23 74.91 72.86 72.74 73.74 72.5 71.2 73.13 70.83 70.38 74.35 74.21 73.24 75.44 77.89 77.8 78.51 80.25 78.32 77.73
150.24 147.8 145.55 142.47 139.16 136.44 133.72 126.17 127.03 117.42 111.84 109.56 99.76 99.15 91.42 81.85 72.51 69.27 69.36 71.13 70.08 64.73 66.55 60.26 60.88 60.83 56.79 57.25 55.23 53.81 56.14 55.49 57.17 58.83 59.85 59.87 60.09 59.82 60.87 60.25 59.95 61.54 62.92 70.24 64.54 64.29 64.27 66.32 65.82 65.52 66.21 67.27 67.89 67.04 69.1 71.57 77.17 79.73 73.86 74.09 72.66 72.18 72.42 72.48 72.48 75.72 77.19 78.08 78.66 82.42 84.72 81.27 80.52 79.99 82.25
151.07 147.71 143.69 138.75 137.75 137.01 133.78 121.82 119.16 113 107.8 110.16 103.18 90.2 83.96 81.69 72.87 69.86 68.93 73.06 69.1 67.25 63.95 61.8 63.73 62.02 62.29 62.65 57.88 53.31 53.41 54.14 55.33 56.19 56.55 57.09 58.91 60.76 60.96 59.64 60.24 61.53 63.49 65.83 65.79 64.52 66.19 66.99 69.92 74.04 67.99 68.08 69.09 67.84 68.07 71.3 75.11 75.1 74.1 72.22 73 72.04 75.61 78.33 78.48 80.52 80.9 81.77 84.15 84.75 89.37 87.16 83.67 83.79 83.88
150.1 146.75 142.86 137.81 134.49 136.08 133.69 121.44 112.94 109.9 107.29 108.91 107.77 95.64 83.74 85.29 74.43 70 68.42 70.73 64.58 66.09 69.03 65.57 65.64 68.64 71.57 65.74 57.41 53.78 53.43 54.11 54.74 55.05 56.68 57.31 57.54 57.24 58 58.6 59.3 61.56 63.97 64.46 71.3 68.02 64.35 65.24 66.57 67.63 67.8 69.32 69.1 70.91 72.88 70.25 69.72 74 72.4 75.68 75.82 75.75 74.74 82.1 78.89 77.97 78.65 81.05 84.56 85.98 89.5 89.5 87.8 89.19 87.97
149.37 145.94 142.17 140.36 135.89 130.44 127.99 121.79 112.93 107.76 113.7 106.07 97.63 95.7 87.31 80.86 74.06 70.41 69.71 69.42 65.3 67.91 73.13 70.31 68.38 73.29 66 61.41 58.6 53.88 53.36 54 54.5 54.91 55.93 57.04 58.04 59.77 58.87 58.38 59 59.99 61.32 62.77 65.08 66.12 66.96 65.29 65.79 66.75 68.04 69.26 71.1 73.55 74.62 74.57 73.28 74.57 71.93 71.25 71.96 73.18 73.38 73.98 74.35 75.95 76.89 78.2 80.05 85.39 91.8 94.43 92.79 90.62 88.92
148.18 145.22 143.31 140.84 138.03 130.29 124.01 120.56 113.1 108.53 116.16 102.35 95.16 101.87 98.14 84.15 74.33 71.08 70.25 73.27 68.62 73.47 76.26 69.53 59.13 56.5 58.23 65.05 61.77 54.45 53.75 53.9 54 54.58 55.65 56.39 57.94 59.55 59.39 59.24 59 59.53 60.19 61.2 62.4 63.83 65.24 65.66 66.43 67.36 68.65 70.43 72.47 73.82 74.23 74.1 72.61 71.73 72.03 72.47 72.58511 73 74.11 75.21 75.96 77.03 78.28 79.4 82.1 87.15 92.57 92.19 91.66 91.01 91.14
147.64 145.12 142.71 139.68 138.03 131.32 125.18 121.99 113.52 112.32 113.39 99.86 94.49 99.43 105.82 95.61 76.72 72.01 69.5 69.15 76.71 89.99 71.15 59.62 56.48 55.57 58.27 65.19 61.29 54.1 53.19 53.19 53.99 54.57 55.22 56.17 57.83 59.45 59.81 59.98 59.69 59.55 60.04 61 61.87 62.89 64.22 66.31 69.6 73.26 70.63 71.62 73.55434 73.82692 73.40909 72.8866 72.94 73.2 73.31915 73.78261 73.76471 74.88889 75.44231 76.43549 77.66666 80.53061 83.39 82.88 86.72 90.31 89.07 90.69 91.09 91.97 91.32
148.43 147.2 144.23 140.94 137.61 134.78 129.09 122.7 114.12 112.76 116.32 100.07 94.79 92.47 103.32 94.94 78.18 73.21 70.65 70.82 77.39 77.49 71.52 63.77 58.27 55.77 55.02 57.13 54.8 53.74 53.09 53 53.62 54.11 54.86 55.75 57.02 58.54 60.22 61.75 61.88 61.21 61.58 61.81 62.37 63.02 64.25 68.22 72.3 72.03 72.01 72.7653 73.4 -9999 -9999 73.875 74 74.01818 74 -9999 -9999 -9999 -9999 -9999 -9999 81 86.35 85.65909 87.93221 89.13333 87.74627 88.38028 90.55 92.28 92.94
150.03 150.1 147.23 143.26 137.89 136.77 128.99 122.18 114.47 109.05 112.76 101.82 98.28 92.17 99.78 96.73 84.17 74.62 71.7 70.79 71.6 64.48 62.2 62.28 57.74 55.79 54.90909 54 53.55 53 53 53 53.37 53.98 54.79 55.46 56.01 57 58.54 59.88 60.86 61.24 62.27 65.02 64.56989 63.9 64.60526 66.51807 68.35 70.68687 71.95 72.125 -9999 -9999 75 76.70909 77.16364 75.55556 -9999 -9999 -9999 -9999 -9999 -9999 -9999 -9999 -9999 -9999 -9999 -9999 -9999 -9999 92.33929 94.05 96.22
152.72 151.13 149.38 144.84 139.98 134.97 128.41 123.91 114.65 108.55 106.19 103.61 101.18 98.97 94.77 93.48 91.39 81.21 76.1 70.91 66.41 64.13 65.84 70 58.77 55.91 54.9 54 53.36 53 53 52.84 52.95 53.13 53.99 55.12 56.04 56.01 56.73 57.71 58.38 59.84 60.87 62 62.26316 -9999 -9999 -9999 69.77778 70 -9999 -9999 -9999 -9999 77.42857 80.25 81.94 77.7 -9999 -9999 -9999 -9999 -9999 -9999 -9999 -9999 -9999 -9999 -9999 -9999 -9999 -9999 95.89474 98.17 102.13
159.68 157.24 147.82 147.78 140.7 136.47 130.61 127 115.9 110.34 112.64 101.63 100.98 103.29 92.48 89.84 93.13 88.25 75.16 70.02 67.1 66.64 75.44 84.01 65.52 56.37 55 54 53.27473 53 52.45 52 52.02 52.36735 53.03571 54.44231 56.13 58.37 56.71 57.69 59.4 58.8 60.22 62.44 65.04211 64.05 -9999 -9999 -9999 -9999 -9999 -9999 -9999 -9999 76.27778 77.81967 79.89552 78.95 -9999 -9999 -9999 -9999 -9999 -9999 -9999 -9999 -9999 -9999 -9999 -9999 -9999 -9999 99 101.0492 102.0469
166.77 166.63 159.97 149.48 143.08 138.29 134.54 127.15 118.83 118.35 113.9 104.58 100.41 96.21 92.41 87 83.67 85.76 76.35 71.28 67.61 68.13 79.12 78.97 75.93 60.17 55.36 54.01 53.23 53 52.17 52 52 52 53.8 53.23684 54.34 56.78 59.6 59.64 59.4 60.3 62.49 65.67 67.91 66.95605 67.08696 -9999 -9999 -9999 -9999 -9999 -9999 -9999 -9999 -9999 -9999 -9999 -9999 -9999 -9999 -9999 -9999 -9999 -9999 90.5 93.06451 95.08334 97 -9999 -9999 -9999 -9999 -9999 -9999
173.59 173 162.5 163.41 152.77 143.98 135.85 129.45 124.3 125.26 117.27 110.54 104.83 98.52 93.77 88.75 87.74 84.97 85.44 75.77 71.71 66.53 67.63 74.86 76.65 68.38 56.98 58.7 54.78 53.66 52.55 52 -9999 -9999 53.94872 54.71 55.49 56.38 57.86 60.73 62.41 64.53 67.4 66.53 67.79 66.78409 66 -9999 68.11765 -9999 -9999 -9999 -9999 -9999 -9999 -9999 -9999 -9999 -9999 -9999 -9999 -9999 -9999 -9999 -9999 91 101.1538 107.8021 102.3235 -9999 -9999 -9999 -9999 -9999 -9999
176.92 171.87 182.54 162.25 152.69 143.96 139.18 134.3 127.5 129.5 123.64 114.63 109.03 103.07 97.1 91.21 85.97 82.85 87.12 82.92 74.63 67.78 65.48 65.6 68.85 61.94 60.16 62.56 55.61 53.64 52.59 52 -9999 -9999 54 54.71429 55.80769 56.88 58.44 59.72 60.68 64.34 64.78 64.04 65.03658 66.03333 66.59375 68.09524 70.03448 71.18868 71.59091 -9999 -9999 -9999 -9999 -9999 -9999 -9999 -9999 -9999 -9999 -9999 -9999 -9999 -9999 -9999 -9999 100.5 -9999 -9999 -9999 -9999 -9999 -9999 111
204.74 186.83 189.01 200.21 170.65 158.56 147.88 137.93 131.53 127.61 122.98 117.81 112.98 107.76 99.37 93.93 88.05 82.45 83.47 82.52 72.31 67.86 64.19 62.32 60.83 66.05 78.12 59.58 54.34 53.22 52.78 52.76191 -9999 -9999 -9999 -9999 56 56.82143 57.74242 58.7033 59.50943 61.27119 62.29885 64.64 65 -9999 -9999 -9999 71.94118 72.57895 74.97469 73.34042 -9999 -9999 -9999 -9999 -9999 -9999 -9999 -9999 -9999 -9999 -9999 -9999 -9999 -9999 -9999 -9999 -9999 -9999 -9999 -9999 -9999 -9999 111.5
186.01 220.06 169.68 163.62 176.78 180.08 149.23 141.84 134.34 131.98 125.65 119.75 114.18 109.81 102.44 96.55 90.67 84.66 79.52 82.71 82.18 68.37 63.27 61.19 64.65 79.96 75.97 62.29 55.94 53.65 53.16049 -9999 -9999 -9999 -9999 -9999 -9999 -9999 -9999 59 60 -9999 -9999 63.5 65.28261 67.67567 68.88889 -9999 -9999 -9999 77 79.87805 77.95 -9999 -9999 -9999 -9999 -9999 -9999 -9999 -9999 -9999 -9999 -9999 -9999 -9999 -9999 -9999 111.2 114.7213 119.1548 120.2703 116 -9999 -9999
210.76 256.49 215.23 172.28 168.42 156.17 173.52 162.87 150.75 140.5 128.78 125.88 119.78 113.71 106.33 99.87 92.76 86.21 81.24 77.99 77.05 69.73 66.21 70.41 71.3 69.71 69.41 78.36 83.96 64.29 54.4918 -9999 -9999 -9999 -9999 -9999 -9999 -9999 -9999 60 61.01351 62 -9999 -9999 -9999 68.42857 72.76768 70.93182 69 -9999 -9999 87.08334 82.33334 -9999 -9999 -9999 -9999 -9999 -9999 -9999 -9999 -9999 -9999 -9999 -9999 -9999 -9999 -9999 109.5854 114.2985 118.7037 119.1936 117.2 -9999 114.9412
193.71 185.99 266.27 201 169.87 162.56 162.63 170.18 161.65 138.55 133.11 127.31 121.89 117.8 110.07 102.32 95.8 89.93 84.6 79.63 77.48 72.85 70.2 73.88 69.65 61.56 61.96 76.94 97.18 77.82 56.81111 55.18182 -9999 -9999 -9999 -9999 -9999 -9999 -9999 -9999 62.11364 63.27273 64.95 64.2 -9999 68.3 70.14474 70.77778 69.56 -9999 -9999 -9999 -9999 -9999 -9999 -9999 -9999 -9999 -9999 -9999 -9999 80.25 81.45454 82 87.58823 89.75 -9999 -9999 -9999 -9999 -9999 -9999 -9999 -9999 112.4242
246.11 232.27 215.11 233.88 201.06 178.08 174.1 172.45 151.76 136.65 133.1 129.01 123.71 120.45 114.48 106.12 100.3 94.28 89.01 85.35 80.56 81.16 74.85 72.36 66.32 63.27 62.01 65.6 69.88 70.12 69.25 55.93939 55.4902 -9999 -9999 -9999 -9999 -9999 -9999 -9999 62.26667 64.25 65.52831 66.30121 66.69048 67 68 70.27084 69 -9999 -9999 -9999 -9999 -9999 -9999 -9999 -9999 -9999 -9999 -9999 83.92 84.76 82.72 83.48611 86.20513 89.5 -9999 -9999 -9999 -9999 -9999 -9999 110 110 110.9468
231.8118 238.57 206.92 190.43 214.09 201.48 186.53 183.9 154.01 146.23 138.2 131.78 126.47 123.01 119.24 111.05 104.65 99.5 95.66 90.4 85.01 81.92 80.42 75.88 69.68 66.35 63.36 65.88 63.1 58.67 59.76 63.2 61.75532 60.14286 -9999 -9999 -9999 -9999 -9999 -9999 -9999 -9999 -9999 -9999 -9999 -9999 -9999 -9999 -9999 -9999 -9999 -9999 -9999 -9999 -9999 -9999 -9999 -9999 -9999 -9999 81.47369 82.72 81.87719 85.22973 85.3421 -9999 -9999 -9999 -9999 -9999 -9999 107.2857 107.4286 108.7692 110.69
219.3441 226.57 222.86 193.07 184.64 193.78 185.79 185.93 172.42 152.87 147.69 143.96 130.83 125.99 120.48 114.81 111.44 106.61 103.92 96.51 90.66 86.85 85.99 84.48 73.65 69.82 68.55 62.45 58.48 57.73 57.82 68.97 82.59 68.27 60.02703 -9999 -9999 -9999 -9999 -9999 -9999 -9999 -9999 -9999 -9999 -9999 -9999 -9999 -9999 -9999 -9999 -9999 -9999 -9999 -9999 -9999 -9999 -9999 -9999 -9999 -9999 82 85 85.46667 86.28571 -9999 -9999 -9999 -9999 -9999 -9999 -9999 107.6154 108.6 111.44
210.7101 213.7083 207.07 209.68 206.48 199.36 195.4 188.63 175.62 169.14 154.93 147.34 140.09 128.88 123.77 120.51 115.25 111.24 109.34 105.26 100.06 92.59 87.35 83.74 78.09 73.63 68.18 63.37 59.14 57.93 57.89 61.81 63.27 61.65 61.6 -9999 -9999 -9999 -9999 -9999 -9999 -9999 -9999 -9999 -9999 -9999 -9999 -9999 -9999 -9999 -9999 -9999 -9999 -9999 -9999 -9999 -9999 -9999 -9999 -9999 -9999 -9999 -9999 -9999 -9999 -9999 -9999 -9999 -9999 -9999 -9999 -9999 -9999 109.5 115.24
-9999 207.4286 200.3176 201.38 195.55 192.46 188.5 184.42 174.39 163.6 165.93 155.86 142.66 131.85 127.84 123.41 122.57 116.11 111.38 112.76 109.62 102.21 94.05 88.19 82.63 77.84 71.68 65.81 60.96 59.27 59.6 60.47 62.6 72.11 69.67347 64.33334 -9999 -9999 -9999 -9999 -9999 -9999 -9999 -9999 -9999 -9999 -9999 -9999 -9999 -9999 -9999 -9999 -9999 -9999 -9999 -9999 -9999 -9999 -9999 -9999 -9999 -9999 -9999 -9999 -9999 -9999 -9999 -9999 -9999 -9999 -9999 -9999 -9999 111.5172 118.68
-9999 192.25 192.0308 193.3895 188.91 187.72 178.17 182.11 176.81 160.12 162.96 154.13 147.95 140.59 132.7 128.22 124.3 121.19 116.37 119.37 117.21 111.39 102.19 94.54 87.7 81.95 77.16 70.21 65.86 63.93 63.6 63.82 64.37 65.99 71.86 73.33696 73 68.66666 -9999 -9999 -9999 -9999 -9999 -9999 -9999 -9999 -9999 -9999 -9999 -9999 74 -9999 -9999 -9999 -9999 -9999 -9999 -9999 -9999 85.2 86.27273 -9999 -9999 -9999 -9999 -9999 -9999 -9999 -9999 -9999 -9999 -9999 112 115.8977 119.66
