taller 1/variables/bioclim7.asc
ncols         720
nrows         300
xllcorner     -30.008325510658
yllcorner     30.991671412252
cellsize      0.083333337679505
NODATA_value  -9999
[rows 264 to 296 of 300, columns 222 to 295 of 720]
-9999 -9999 -9999 -9999 -9999 -9999 -9999 -9999 -9999 -9999 -9999 -9999 -9999 -9999 -9999 -9999 -9999 -9999 -9999 -9999 -9999 -9999 -9999 -9999 -9999 -9999 -9999 -9999 -9999 -9999 -9999 -9999 -9999 -9999 -9999 -9999 -9999 -9999 -9999 -9999 -9999 -9999 -9999 -9999 -9999 -9999 -9999 -9999 -9999 -9999 -9999 -9999 -9999 -9999 211.2174 214.337 219.7 228.66 238.97 248.59 262.09 270.82 276.8 282.64 285.66 287.08 288.45 288.07 293.69 296.58 297.59 298.94 302.32 306.54
-9999 -9999 -9999 -9999 -9999 -9999 -9999 -9999 -9999 -9999 -9999 -9999 -9999 -9999 -9999 -9999 -9999 -9999 -9999 -9999 -9999 -9999 -9999 -9999 -9999 -9999 -9999 -9999 -9999 -9999 -9999 -9999 -9999 -9999 -9999 -9999 -9999 -9999 -9999 -9999 -9999 -9999 -9999 -9999 -9999 -9999 -9999 -9999 -9999 -9999 -9999 -9999 212.3333 215.4355 219.1225 226.9 233.77 237.58 249.29 260.34 267.72 278.11 284.67 289.04 292.09 293.85 291.46 292.96 297.15 300.07 300.36 301.43 304.28 308.55
-9999 -9999 -9999 -9999 -9999 -9999 -9999 -9999 -9999 -9999 -9999 -9999 -9999 -9999 -9999 -9999 -9999 -9999 -9999 -9999 -9999 -9999 -9999 -9999 -9999 -9999 -9999 -9999 -9999 -9999 -9999 -9999 -9999 -9999 -9999 -9999 -9999 -9999 -9999 -9999 -9999 -9999 -9999 -9999 -9999 -9999 -9999 -9999 -9999 -9999 210.7778 214.0633 218.98 225.54 232.66 240.43 247.41 248.59 263.15 268.72 276.05 283.37 290.66 291.89 295.36 296.06 291.68 294.97 301.93 305.09 305.43 307.98 309.7 312.46
-9999 -9999 -9999 -9999 -9999 -9999 -9999 -9999 -9999 -9999 -9999 -9999 -9999 -9999 -9999 -9999 -9999 -9999 -9999 -9999 -9999 -9999 -9999 -9999 -9999 -9999 -9999 -9999 -9999 -9999 -9999 -9999 -9999 -9999 -9999 -9999 -9999 -9999 -9999 -9999 -9999 -9999 -9999 -9999 -9999 -9999 -9999 -9999 207.3684 211.2 217.48 225.95 233.05 239.46 247.26 254.2 258.01 259.01 274.61 275.93 281.62 283.85 288.06 293.29 295.9 297.65 301.4 307.19 310.29 310.14 312.57 313.65 315.48 320.71
-9999 -9999 -9999 -9999 -9999 -9999 -9999 -9999 -9999 -9999 -9999 -9999 -9999 -9999 -9999 -9999 -9999 -9999 -9999 -9999 -9999 -9999 -9999 -9999 -9999 -9999 -9999 -9999 -9999 -9999 -9999 -9999 -9999 -9999 -9999 -9999 -9999 -9999 -9999 -9999 -9999 -9999 -9999 -9999 -9999 199.3077 201.6 207.0746 213.303 220.74 229.61 237.6 246.25 253.4 258.41 267.86 270.36 275.56 281.69 286.37 288.33 290.58 293.59 296.51 307.12 309.97 312.5 307.31 312.13 319.58 321.34 325 325.78 331.78
-9999 -9999 -9999 -9999 -9999 -9999 -9999 -9999 -9999 -9999 -9999 -9999 -9999 -9999 -9999 -9999 -9999 -9999 -9999 -9999 -9999 -9999 -9999 -9999 -9999 -9999 -9999 -9999 -9999 -9999 -9999 -9999 -9999 -9999 -9999 -9999 -9999 -9999 -9999 -9999 -9999 -9999 203.5 203.5455 204.4776 206.4898 210.26 218.34 225.09 231.37 240.7 247.57 252.27 263.58 267.39 275.97 279.72 285.71 289.1 293.17 298.26 300.07 301.9 310.37 314.01 323.52 327.2 320.36 321.54 330.16 331.93 334.15 326.65 330.47
-9999 -9999 -9999 -9999 -9999 -9999 -9999 -9999 -9999 -9999 -9999 -9999 -9999 -9999 -9999 -9999 -9999 -9999 -9999 -9999 -9999 -9999 -9999 -9999 -9999 -9999 -9999 -9999 -9999 -9999 -9999 -9999 -9999 -9999 -9999 -9999 -9999 -9999 -9999 205 204.9524 206.5455 208.3617 211.78 215.47 219.17 223.53 230.32 235.74 243.54 249.19 256.96 264.06 269.52 280.53 282.33 289.26 296.98 300.24 308.25 314.99 308.52 308.46 315.02 326.05 333.02 334.29 332.22 325.49 330.07 326.91 323.9 324.96 328.44
-9999 -9999 -9999 -9999 -9999 -9999 -9999 -9999 -9999 -9999 -9999 -9999 -9999 -9999 -9999 -9999 -9999 -9999 -9999 -9999 -9999 -9999 -9999 -9999 -9999 -9999 -9999 -9999 -9999 -9999 -9999 -9999 -9999 -9999 -9999 -9999 -9999 204 204.7091 207.6854 210.92 215.2 219.75 224.79 228.67 232.39 236.07 240.29 247.07 254.19 261.14 266.36 271.69 277.69 288 291.43 297.87 306.45 311.36 319.24 317.33 315.21 325.67 324.99 329.79 331.84 333.18 337.41 339.6 331.76 324.89 322.84 327.37 330.88
-9999 -9999 -9999 -9999 -9999 -9999 -9999 -9999 -9999 -9999 -9999 -9999 -9999 -9999 -9999 -9999 -9999 -9999 -9999 -9999 -9999 -9999 -9999 -9999 -9999 -9999 -9999 -9999 -9999 -9999 -9999 -9999 -9999 -9999 -9999 201.8571 203.64 206.8194 210.04 216.44 221.51 225.49 230.24 235.24 240.45 244 249.05 253.86 259.11 265.59 272.65 282.41 283.75 292.82 292.32 299.44 308.66 316.45 321.52 326.18 325.65 322.25 330.64 330.83 335.99 333 338.1 338.4 337.62 334.4 330.22 328.01 328.58 337.31
-9999 -9999 -9999 -9999 -9999 -9999 -9999 -9999 -9999 -9999 -9999 -9999 -9999 -9999 -9999 -9999 -9999 -9999 -9999 -9999 -9999 -9999 -9999 -9999 -9999 -9999 -9999 -9999 -9999 -9999 -9999 -9999 -9999 -9999 204.5385 205.7931 208.41 214.12 219.09 222.83 226.7 233.52 238.79 243.8 249.12 253.72 259.15 264.38 269.92 277.66 286.54 294.77 298.01 300.04 305.49 315.87 318.97 324.09 329.83 332.34 329.33 327.83 336.07 339.57 342.24 336.97 340.19 341.88 340.79 334.99 335.35 334.03 336.37 349.75
-9999 -9999 -9999 -9999 -9999 -9999 -9999 -9999 -9999 -9999 -9999 -9999 -9999 -9999 -9999 -9999 -9999 -9999 -9999 -9999 -9999 -9999 -9999 -9999 -9999 -9999 -9999 -9999 -9999 -9999 -9999 -9999 -9999 -9999 209.7115 211.45 215.13 220.78 226.06 231.73 232.82 238.74 245.4 252.04 258.31 262.65 267.52 274.92 283.59 294.18 300.82 304.65 307.29 309.04 313.89 322.08 327.59 332.84 335.96 333.94 334.73 337.61 337.54 337.51 339.86 339.31 343.1 346.6 339.8 335.76 337.57 336.12 343.3 350.61
-9999 -9999 -9999 -9999 -9999 -9999 -9999 -9999 -9999 -9999 -9999 -9999 -9999 -9999 -9999 -9999 -9999 -9999 -9999 -9999 -9999 -9999 -9999 -9999 -9999 -9999 -9999 -9999 -9999 -9999 -9999 -9999 -9999 211.439 214.52 218.74 222.2 226.89 232.77 236.79 239.21 243.89 252.41 261.31 269.28 275.34 282.44 289 297.27 303.82 308.48 312.28 315.11 317.74 319.67 323.8 331.04 338.06 342.1 343.38 346.19 347.09 343.11 340.61 339.69 343.65 345.41 339.8 333.63 334.59 333.47 335.61 345.78 347.57
-9999 -9999 -9999 -9999 -9999 -9999 -9999 -9999 -9999 -9999 -9999 -9999 -9999 -9999 -9999 -9999 -9999 -9999 -9999 -9999 -9999 -9999 -9999 -9999 -9999 -9999 -9999 -9999 -9999 -9999 -9999 -9999 211.9583 215.9286 220.83 226.07 229.45 233.93 237.45 240.9 245.23 250.14 259.37 267.72 275.39 284.54 291.25 298.04 302.89 307.99 312.58 316.31 319.42 322.54 324.4 328.05 334.03 340.89 347.44 351.23 352.64 352.08 348.86 347.98 345.87 343.69 341.95 338.45 333.99 331.46 331.29 344.17 351.16 353.45
-9999 -9999 -9999 -9999 -9999 -9999 -9999 -9999 -9999 -9999 -9999 -9999 -9999 -9999 -9999 -9999 -9999 -9999 -9999 -9999 -9999 -9999 -9999 -9999 -9999 -9999 -9999 -9999 -9999 -9999 207 211.6786 217.83 222.32 227.99 232.71 236.96 240.44 243.94 246.63 251.44 255.36 263.8 272.71 280.21 287.28 296.01 302.91 307.64 311.76 315.67 318.49 321.64 324.62 326.95 331.01 336.62 343.18 351.01 355.01 355.36 355.04 353.94 352.7 349.54 345.46 342.74 339.86 334.73 332.33 331.94 339.53 345.23 349.52
-9999 -9999 -9999 -9999 -9999 -9999 -9999 -9999 -9999 -9999 -9999 -9999 -9999 -9999 -9999 -9999 -9999 -9999 -9999 -9999 -9999 -9999 -9999 -9999 -9999 -9999 -9999 -9999 -9999 206.3333 210.9726 217.49 222.35 227.79 233.54 238.98 243.56 247.09 249.67 252.46 256.61 262.54 266.54 276.09 283.86 291.33 298.7 304.25 307.84 311.87 315.95 319.36 322.35 325.78 327.62 330.35 335.65 341.91 347.82 351.49 353.62 354.88 355.02 353.12 351.11 348.08 345.29 341.35 337.09 334.99 335.54 335.86 343.33 345.24
-9999 -9999 -9999 -9999 -9999 -9999 -9999 -9999 -9999 -9999 -9999 -9999 -9999 -9999 -9999 -9999 -9999 -9999 -9999 -9999 -9999 -9999 -9999 -9999 -9999 -9999 -9999 -9999 205.2 209.5059 216.19 221.4 226.82 232.8 239.15 244.66 250.09 253.16 254.84 257.32 263.19 271.1 273.79 277.41 283.7 290.11 299.23 304.92 310.08 313.73 317.59 320.75 323.76 326.28 327.56 330.64 333.8 337.33 341.74 345.58 349.83 353.15 355.38 354.83 352.3 348.99 345.77 342.83 343.49 349.07 351.9 352.6 356.66 357.71
-9999 -9999 -9999 -9999 -9999 -9999 -9999 -9999 -9999 -9999 -9999 -9999 -9999 -9999 -9999 -9999 -9999 -9999 -9999 -9999 -9999 -9999 -9999 -9999 -9999 -9999 -9999 202.04 207.7528 214.09 219.92 225.46 230.95 237.37 243.73 249.11 254.52 257.72 259.34 261.46 268.23 277.07 280.31 282.04 285.97 291.78 301.74 307.62 312.12 315.38 318.7 321.41 323.83 324.92 326.55 328.79 330.8 334.11 337.55 341.22 346.14 351.05 355.89 356.03 353.13 351.03 349.39 354.17 360.47 362.08 363.28 363.15 362.59 358.31
-9999 -9999 -9999 -9999 -9999 -9999 -9999 -9999 -9999 -9999 -9999 -9999 -9999 -9999 -9999 -9999 -9999 -9999 -9999 -9999 -9999 -9999 -9999 -9999 -9999 -9999 198.5 203.8105 210.88 216.76 222.82 228.74 234.89 241.16 247.09 252.69 257.21 261.16 264.26 268.61 273.87 280.38 286.6 290.58 296.39 296.63 301.05 307.55 310.82 313.95 317.54 321.53 322.64 324.05 325.7 326.87 328.96 331.02 333.89 337.13 340.5 345.87 353.89 354.9 353.88 357.77 360.71 364.53 364.73 363.99 363.22 363.07 363.21 364.04
-9999 -9999 -9999 -9999 -9999 -9999 -9999 -9999 -9999 -9999 -9999 -9999 -9999 -9999 -9999 -9999 -9999 -9999 -9999 -9999 -9999 -9999 -9999 -9999 -9999 -9999 -9999 206.987 213.38 219.52 226.3 232.48 238.53 244.57 250.26 255.64 260.81 266.72 272.36 277.45 281.32 285.92 293.46 298.28 299.85 301.12 303.62 306.49 310.41 313.15 316.17 319.31 322.09 323.75 325.31 326.26 327.61 329.44 331.21 332.76 334.44 338.63 345.66 350.29 355.27 358.54 358.34 361.52 359.81 359.33 362.47 365.93 368.54 369.66
-9999 -9999 -9999 -9999 -9999 -9999 -9999 -9999 -9999 -9999 -9999 -9999 -9999 -9999 -9999 -9999 -9999 -9999 -9999 -9999 -9999 -9999 -9999 -9999 -9999 -9999 204.875 209.7071 216.01 222.43 228.56 235.26 241.26 247.4 253.62 259.14 264.6 270.52 276.74 282.4 287.48 292.03 296.73 301.46 304.33 306.21 307.83 311.87 315.84 318.83 319.83 320.81 323.06 324.33 325.46 326.21 327.35 328.66 329.39 330.11 330.26 331.18 342.81 357.19 361.94 362.67 362.64 361.97 361.15 361.6 362.32 367.45 368.76 370.98
-9999 -9999 -9999 -9999 -9999 -9999 -9999 -9999 -9999 -9999 -9999 -9999 -9999 -9999 -9999 -9999 -9999 -9999 -9999 -9999 -9999 -9999 -9999 -9999 -9999 -9999 -9999 210.4719 217.66 224.54 230.77 236.97 243.52 251.36 258.04 262.86 268.65 274.09 278.62 285.56 290.55 294.99 300.21 305.65 309.45 312.23 314.17 317.39 321.4 324.23 323.95 324.38 325.06 325.64 326.38 327.55 328.4 329.27 329.75 329.44 329.86 343.69 359.45 364.02 360.71 362.11 367.07 369.51 370.92 371.32 367.42 371.45 375.22 375.12
-9999 -9999 -9999 -9999 -9999 -9999 -9999 -9999 -9999 -9999 -9999 -9999 -9999 -9999 -9999 -9999 -9999 -9999 -9999 -9999 -9999 -9999 -9999 -9999 -9999 -9999 202 210.4792 218.22 225.3 233.16 241.04 250.28 258.66 263.05 269.15 276.33 280.82 284.78 289.44 293.82 298.37 302.77 307.51 311.83 315.56 319.22 322.75 325.38 327.51 328.23 328.06 328.63 328.37 329.37 331.37 333.97 337.47 342.94 342.79 345.66 359.92 362.18 357.62 360.46 370.8 373.99 375.96 377.36 377.83 377.23 379.1 381.85 382.43
-9999 -9999 -9999 -9999 -9999 -9999 -9999 -9999 -9999 -9999 -9999 -9999 -9999 -9999 -9999 -9999 -9999 -9999 -9999 -9999 -9999 -9999 -9999 -9999 -9999 -9999 200.6825 210.72 219.62 228.34 238.78 247.31 255.66 260.96 266.73 274.14 280.67 285.87 291 295.45 299.39 303.35 306.75 310.12 313.99 317.92 322.19 325.94 329.48 331.57 331.69 332.14 332.48 331.98 336.43 337.5 341.04 344.34 345.71 351.15 354.68 350.24 358.96 364.84 371.92 375.98 376.9 381.91 383.83 379.77 381.84 380.28 381.88 379.56
-9999 -9999 -9999 -9999 -9999 -9999 -9999 -9999 -9999 -9999 -9999 -9999 -9999 -9999 -9999 -9999 -9999 -9999 -9999 -9999 -9999 -9999 -9999 -9999 -9999 189.75 198.2842 209.92 221.76 234.37 245.54 252.95 257.55 262.41 268.73 275.72 282.62 288.44 294.23 299.35 303.74 307.56 311.05 314.34 317.83 322 326.46 330 333.71 335.5 335.16 335.2 335.82 338.45 341.89 342.39 341.88 348.21 356.11 360.18 360.43 358.5 364.94 364.65 367.79 374.9 377.15 378.22 381.49 384.47 387.34 386.22 383.65 384.56
-9999 -9999 -9999 -9999 -9999 -9999 -9999 -9999 -9999 -9999 -9999 -9999 -9999 -9999 -9999 -9999 -9999 -9999 -9999 -9999 -9999 -9999 -9999 -9999 177.5625 186.7033 195.54 210.28 225.83 237.88 246.5 255.33 257.09 263.05 270.64 277.24 284.44 292.48 299.03 304.38 308.57 312.82 316.26 319.67 324.18 328.17 331.73 334.42 335.89 336.89 337.9 338.13 339.14 341.37 346.05 348.44 351.77 353.97 357.24 362.73 369.7 367.61 366.49 372.83 370.47 379.25 381.53 380.24 385.57 387.87 387.98 387.61 387.03 386.27
-9999 -9999 -9999 -9999 -9999 -9999 -9999 -9999 -9999 -9999 -9999 -9999 -9999 -9999 -9999 -9999 -9999 -9999 -9999 -9999 -9999 -9999 -9999 165.1875 175.5222 189.38 196.04 207.51 219.61 231.56 243.03 253 257.43 263.93 272.01 279.09 286.96 294.73 303 307.64 314.07 319.26 323.16 326.4 329.11 331.4 333.53 335.46 336.99 338.56 339.79 340.51 341.71 343.36 346.17 349.43 352.96 357.6 361.97 366.51 369.4 371.03 375.86 380.34 375.63 379.56 385.52 387.07 386.52 386.32 390.25 390.73 387.78 384.07
-9999 -9999 -9999 -9999 -9999 -9999 -9999 -9999 -9999 -9999 -9999 -9999 -9999 -9999 -9999 -9999 -9999 -9999 -9999 -9999 -9999 -9999 152.0909 162.3778 178.33 192.73 208.02 213.83 220.78 229.63 240.84 252.44 259.97 265.96 273.86 281.69 288.51 296.09 303.56 309.5 316.31 323.35 327.69 330.08 331.7 334.22 335.34 336.77 338.46 340.29 342.03 343.11 344.56 345.96 349.44 353.32 356.79 362.29 368.13 372.4 375.36 378.57 382.46 385.67 386.45 384.84 388.96 389.37 383.6 389.33 390.06 387.12 384.8 385.12
-9999 -9999 -9999 -9999 -9999 -9999 -9999 -9999 -9999 -9999 -9999 -9999 -9999 -9999 -9999 -9999 -9999 -9999 -9999 -9999 -9999 -9999 146.6824 165.88 184.5 196.91 213.77 223.71 226.64 237.14 245.11 253.91 263.44 272.58 279.13 285.12 291.53 298.12 305.57 313.06 320.54 327.39 331.49 333.34 334.81 336.26 337.35 338.64 340.1 342.29 345.29 347.76 350.81 353.96 356.68 357.95 363.93 366.88 371.2 373.77 378.46 380.07 384.78 389.78 391 391.33 389.84 385.46 385.39 391.32 389.04 384.03 386.45 384.15
-9999 -9999 -9999 -9999 -9999 -9999 -9999 -9999 -9999 -9999 -9999 -9999 -9999 -9999 -9999 -9999 -9999 -9999 -9999 -9999 -9999 135.3333 146.94 162.05 183.54 201.29 212.62 220.51 230.47 243.2 254.44 262.86 272.81 279.7 285.22 290.37 296.38 303.31 310.21 317.95 326.1 334.18 337.17 337.38 338.16 339.16 340.05 341.45 343.58 347.24 350.79 352.96 360.82 365.41 367.06 368.31 372.51 377.41 377.14 378.44 381.73 384.84 386.98 386.2 387.14 390.67 391.58 386.91 391.29 394.01 388.96 386.8 384.96 381.48
-9999 -9999 -9999 -9999 -9999 -9999 -9999 -9999 -9999 -9999 -9999 -9999 -9999 -9999 -9999 -9999 -9999 -9999 -9999 -9999 121.4 131.9 147.59 165.96 180.64 198.18 213.13 223.82 233.46 244.49 256.26 268.04 279.42 285.74 290.22 294.92 300.66 307.23 313.89 321.07 328.55 334.39 337.65 339.25 340.19 341.35 343.48 345.89 349.23 353.62 358.83 359.27 362.32 366.78 371.27 373.9 379.31 384.91 382.02 387.08 389.7 390.88 390.12 389.58 388.23 391.07 387.8 388.7 389.57 389.6 384.43 381.44 381.65 382.17
-9999 -9999 -9999 -9999 -9999 -9999 -9999 -9999 -9999 -9999 -9999 -9999 -9999 -9999 -9999 -9999 -9999 -9999 -9999 -9999 125.2353 132.66 146.32 166.77 187.39 201.71 215.06 228.27 237.02 246.2 257.35 268.27 277.78 285.31 291.16 296.63 302.69 309.27 315.86 322.13 328.32 333.01 336.12 339.3 341.25 343.42 346.69 350.64 356.97 357.5 363.37 367.46 370.45 371.15 372.72 376.52 380.45 384.56 385.24 388.28 389.29 389.73 387.77 385.45 384.68 384.42 383.96 385.42 384.71 383.86 383.34 383.14 384.06 384.57
-9999 -9999 -9999 -9999 -9999 -9999 -9999 -9999 -9999 -9999 -9999 -9999 -9999 -9999 -9999 -9999 -9999 -9999 -9999 -9999 129.0588 138.2 154.99 170.74 187.16 203.77 222.66 233.62 240.99 250.18 259.4 267.74 276.38 283.92 290.57 296.87 303.17 309.29 315.05 321.05 327.06 330.55 334.32 338.58 341.95 346.28 353.61 356.45 360.33 362.36 368.04 373.85 375.72 379.04 379.96 379.23 382.82 386.75 388.03 385.65 385.13 386.32 385.66 385.18 383.78 383.81 383.33 383.79 384.88 385.66 387.9 388.4 388.86 388.2
-9999 -9999 -9999 -9999 -9999 -9999 -9999 -9999 -9999 -9999 -9999 -9999 -9999 -9999 -9999 -9999 -9999 -9999 -9999 -9999 136.5091 147.43 173.68 181.77 202.23 213.04 226.69 238.6 249.53 256.3 259.77 267.17 275.12 282.72 289.6 296.24 302.42 308.35 313.81 319.52 325.87 330.01 334.71 340.97 345.85 350.54 358.98 362.4 366.6 367.62 369.28 371.4 374.15 378.81 378.97 379.21 383.3 383.12 383.56 383.24 384.75 385.76 386.07 384.99 384.56 384.79 385.52 387.32 389.43 392.65 392.67 394.06 394.9 393.22
