taller 1/variables/bioclim3.asc
ncols         720
nrows         300
xllcorner     -30.008325510658
yllcorner     30.991671412252
cellsize      0.083333337679505
NODATA_value  -9999
[rows 34 to 67 of 300, columns 624 to 701 of 720]
24.11 24.87 25 25 25 25 25.38 26 26 26 26.02 26.82 27 27 27 27 27 27 27 27 27 27 27 27 27 27 27 27 27 27 27 27 26.97 26.99 26.93 26.15 26.01 26 26 26 26 26 26 26 26 26 26 26 25.78 25.12 25 25 25 25 25 25 25 25 25 25 25 24.7 24.55 24.36 24.13 24 24.01 24 24.3 24.49 24.24 24.02 24 24 24 24 24.09 24.43
24.21 24.8 25 25 25 25.06 25.31 26 26 26 26.01 26.52 27 27 27 27 27 27 27 27 27 27 27 27 27 27 27 27 27 27 27 27 27 26.95 26.78 26.48 26.01 26 26 26 26 26 26 26 26 26 26 26 25.8 25.09 25.03 25 25 25 25 25 25 25 25 25 24.98 24.86 24.43 24.38 24.57 24.44 24.74 24.96 24.61 24.63 24.23 24 24 24 24 24.23 24.66 24.64
24.64 24.93 25 25 25 25 25.11 25.99 26 26 26 26.26 26.97 27 27 27 27 27 27 27 27 27 27 27 27 27 27 27 27 27 26.96 26.87 26.87 26.76 26.53 26.15 26 26 26 26 26 26 26 26 26 25.96 25.97 25.8 25.44 25.23 25 25 25 25 25 25 25 25 25 25 25 24.98 24.96 24.98 25 25 25 25 24.88 24.37 24 24 24.02 24.22 24.3 24.79 24.98 24.69
24.95 25 25 25 25 25 25.22 25.96 26 26 26 26.14 26.89 27 27 27 27 27 27 27 27 27 27 27 27 27 27 27 26.98 26.86 26.77 26.52 26.39 26.14 26.18 26 26 26 26 26 26 26 26 26 26 25.83 25.7 25.4 25.4 25.11 25 25 25 25 25 25 25 25 25 25 25 25 25 25 25 25 25 24.89 24.44 24.3 24.04 24.33 24.54 24.73 24.87 25 24.98 24.71
25 25 25 25 25 25.35 25.64 26 26 26 26 26.12 26.73 26.99 27 27 27 27 27 27 27 27 27 27 27 27 26.97 26.99 26.88 26.54 26.28 26.09 26 26 26.03 26 26 26 26 26 26 26 26 26 26 25.41 25.5 25.24 25.05 25 25 25 25 25 25 25 25 25 25 25 25 25 25 25 25 25 25 25 24.74 24.35 24.47 24.92 24.99 24.99 25 25 24.93 24.51
25 25 25 25 25 25.58 25.99 26 26 26 26 26.06 26.56 26.99 27 27 27 27 27 27 27 27 27 27 27 27 26.97 26.97 26.8 26.51 26.03 26 26 26 26 26 26 26 26 26 26 26 26 26 26 25.95 25.63 25.33 25.04 25 25 25 25 25 25 25 25 25 25 25 25 25 25 25 25 25 25 24.98 25 24.94 24.97 25 25 25 25 25 25 24.77
25 25 25 25 25 25.43 26 26 26 26 26 26.05 26.67 26.96 27 27 27 27 27 27 27 27 27 26.97 26.88 26.95 26.99 26.9 26.54 26.09 26.01 26 26 26 26 26 26 26 26 26 26 26 26 26 26 25.97 25.64 25.16 25.01 25 25 25 25 25 25 25 25 25 25 25 25 25 25 25 25 25 25 25 25 24.99 25 25 25 25 25 25 24.95 24.99
25 25 25 25 25 25.23 25.94 26 26 26 26 26 26.14 26.65 26.96 27 27 26.96 27 27 27 27 26.76 26.49 26.51 26.64 26.95 26.59 26.21 26 26 26 26 26 26 26 26 26 26 26 26 26 26 26 26 26 25.72 25.2 25.1 25.01 25 25 25 25 25 25 25 25 25 25 25 25 25 25 25 25 25 25 25 25 25 25 25 25 25 25 25 25
25 25 25 25 25 25.11 25.8 26 26 26 26 26.01 26.26 26.09 26.59 26.99 27 26.95 26.98 26.99 26.99 26.78 26.35 26.36 26.28 26.59 26.73 26.36 26.07 26 26 26 26 26 26 26 26 26 26 26 26 26 26 26 26 25.95 25.94 25.59 25.46 25.05 25 25 25 25 25 25 25 25 25 25 25 25 25 25 25 25 25 25 25 25 25 25 25 25 25 25 25 25
25 25 25 25 25 25 25.53 26 26 26 26 26 26.25 26.09 26.36 26.78 26.92 26.96 26.99 26.93 26.7 26.44 26.17 26.12 26.23 26.07 26.21 26.04 26.06 26 26 26 26 26 26 26 26 26 26 26 26 26 26 26 26 25.97 25.97 25.71 25.35 25.26 25.17 25.02 25 25 25 25 25 25 25 25 25 25 25 25 25 25 25 25 25 25 25 25 25 25 25 25 25 25
25 25 25 25 25 25 25.59 26 26 26 26 26 26.11 26.55 26.73 26.96 26.94 26.94 26.86 26.52 26.13 26.02 26 26 26.01 26 26.17 26.01 26 26 26 26 26 26 26 26 26 26 26 26 26 26 26 26 26 26 25.98 25.82 25.81 25.55 25.28 25.07 25.08 25 25 25 25 25 25 25 25 25 25 25 25 25 25 25 25 25 25 25 25 25 25 25 25 25
25 25 25 25 25 25 25.38 26 26 26 26 26 26 26.08 26.44 26.77 26.88 26.76 26.18 26.01 26 26 26 26 26 26 26 26 26 26 26 26 26 26 26 26 26 26 26 26 26 26 26 26 26 25.93 25.92 25.85 25.87 25.93 25.76 25.63 25.2 25 25 25 25.01 25 25 25 25 25 25 25 25 25 25 25 25 25 25 25 25 25 25 25 25 25
25 25 25 25 25 25.01 25.12 25.98 26 26 26 26 26 26 26 26.25 26.43 26.21 26 26 26 26 26 26 26 26 26 26 26 26 26 26 26 26 26 26 26 26 26 26 26 26 26 26 26 25.96 25.98 25.92 25.99 25.98 25.41 25.47 25.77 25.22 25.03 25 25 25 25 25 25 25 25 25 25 25 25 25 25 25 25 25 25 25 25 25 25 25
25 25 25 25 25.03 25.23 25.53 26 26 26 26 26 26 26 26 26.04 26.09 26.05 26 26 26 26 26 26 26 26 26 26 26 26 26 26 26 26 26 26 26 26 26 26 26 26 26 26 26 26 26 25.98 25.99 26 25.62 25.28 25.17 25.05 25.03 25 25 25 25 25 25 25 25 25 25 25 25 25 25 25 25 25 25 25 25 25 25 25
25 25 25 25 25.01 25.31 25.83 26 26 26 26 26 26 26 26 26 26 26 26 26 26 26 26 26 26 26 26 26 26 26 26 26 26 26 26 26 26 26 26 26 26 26 26 26 26 26 26 25.99 25.96 26 25.99 25.94 25.48 25.02 25 25 25 25 25 25 25 25 25 25 25 25 25 25 25 25 25 25 25 25 25 25 25 25
25 25 25 25.03 25.54 25.95 25.94 26 26 26 26 26 26 26 26 26 26 26 26 26 26 26 26 26 26 26 26 26 26 26 26 26 26 26 26 26 26 26 26 26 26 26 26 26 26 26 26 26 25.99 25.98 26 25.99 25.83 25.35 25.1 25.01 25 25 25 25 25 25 25 25 25 25 25 25 25 25 25 25 25 25 25 25 25 25
25 25.01 25.03 25.56 25.6 25.95 26 26 26 26 26 26 26 26.05 26.07 26 26 26 26 26 26 26 26 26 26 26 26 26 26 26 26 26 26 26 26 26 26 26 26 26 26 26 26 25.99 26 26 26 25.96 25.99 26 26 26 25.78 25.36 25.02 25 25 25 25 25 25 25 25 25 25 25 25 25 25 25 25 25 25 25 25 25 25 25
25.01 25.14 25.41 25.7 25.71 25.8 26 26 26 26 26 26.04 26.17 26.44 26.74 26.16 26 26 26 26 26 26 26 26 26 26 26 26 26 26 26 26 26 26 26 26 26 26 26 26 26 26 26 25.99 26 26 25.9 25.99 26 26 26 25.99 25.81 25.61 25.05 25 25 25 25 25 25 25 25 25 25 25 25 25 25 25 25 25 25 25 25 25 25 25
25.25 25.54 25.58 25.32 25.51 25.34 25.94 26 26 26 26 26.11 26.16 26.94 26.66 26.17 26 26 26 26 26 26 26 26 26 26 26 26 26 26 26 26 26 26 26 26 26 26 26 26 26 26 26 26 26 26 25.75 25.93 26 26 25.94 25.91 25.79 25.4 25.09 25 25 25 25 25 25 25 25 25 25 25 25 25 25 25 25 25 25 25 25 25 25 25
25.83 25.71 25.52 25.28 25.11 25.05 25.7 25.98 26 26 26 26 26.04 26.04 26.02 26 26 26 26 26 26 26 26 26 26 26 26 26 26 26 26 26 26 26 26 26 26 26 26 26 26 26 26 26 26 25.99 26 25.98 25.99 26 25.99 25.99 25.66 25.28 25.01 25 25 25 25 25 25 25 25 25 25 25 25 25 25 25 25 25 25 25 25 25 25 25
25.82 25.61 25.43 25.08 25 25 25.29 25.97 26 26 26 26 26 26 26 26 26 26 26 26 26 26 26 26 26 26 26 26 26 26 26 26 26 26 26 26 26 26 26 26 26 26 25.99 26 25.99 26 26 26 26 26 26 25.99 25.73 25.35 25.02 25 25 25 25 25 25 25 25 25 25 25 25 25 25 25 25 25 25 25 25 25 25 25
25.43 25.44 25.28 25 25 25 25.12 25.88 26 26 26 26.02 26.04 26.04 26.01 26.04 26.02 26 26 26 26 26 26 26 26 26 26 26 26 26 26 26 26 26 26 26 26 26 26 26 26 26 26 26 25.88 25.99 25.98 25.88 26 26 26 26 25.69 25.43 25.02 25 25 25 25 25 25 25 25 25 25 25 25 25 25 25 25 25 25 25 25 25 25 25
25.53 25.3 25.14 25 25 25 25.03 25.9 26 26 26 26.13 26.7 26.74 26.68 26.32 26.41 26.29 26 26 26 26 26 26 26 26 26 26 26 26 26 26 26 26 26 26 26 26 26 26 26 26 26 26 25.84 25.96 26 25.95 25.98 26 26 25.96 25.44 25.22 25.02 25 25 25 25 25 25 25 25 25.01 25 25 25 25 25 25 25 25 25 25 25 25 25 25
25.88 25.24 25.26 25.01 25 25 25.35 25.96 26 26 26.01 26.62 27 27 26.93 26.8 26.69 26.74 26.3 26.03 26 26 26 26 26 26 26 26 26 26 26 26 26 26 26 26 26 26 26 26 26 26 26 26 25.96 25.99 25.98 26 26 26 26 25.95 25.7 25.36 25.01 25 25 25.06 25.02 25.01 25.01 25 25 25.02 25 25 25 25 25 25 25 25 25 25 25 25 25 25
26 25.74 25.4 25.49 25.12 25.04 25.64 25.98 26 26 26.02 26.67 26.99 27 27 26.99 26.93 26.96 26.57 26.25 26.09 26.26 26.31 26 26 26 26 26 26 26 26 26 26 26 26 26 26 26 26 26 26 26 26 26 25.96 25.91 25.99 26 26 26 26 25.95 25.72 25.41 25.05 25.01 25.13 25.16 25.03 25.03 25.16 25.03 25.14 25.04 25.04 25 25 25 25 25 25 25 25 25 25 25 25 25
26 25.88 25.76 25.79 25.79 25.86 25.98 26 26 26 26.09 26.6 26.98 27 27 27 27 27 26.98 26.93 26.93 26.76 26.28 26 26 26 26.02 26 26 26 26 26 26 26 26 26 26 26 26 26 26 26 26 26 25.96 25.91 25.98 25.98 26 26 26 26 25.83 25.3 25.22 25.02 25.28 25.19 25.36 25.25 25.31 25.04 25.09 25.02 25.1 25 25 25 25 25 25 25 25 25 25 25 25 25
26 25.98 25.98 25.93 25.99 25.98 26 26 26 26 26.27 26.8 27 27 27 27 27 27 27 27 26.95 26.92 26.51 26.28 26.31 26.29 26.11 26 26 26 26 26 26 26 26 26 26 26 26 26 26 26 26 26 25.99 25.89 25.99 25.99 26 26 26 25.9 25.72 25.23 25.06 25.08 25.32 25.38 25.82 25.59 25.38 25.06 25.21 25.13 25.03 25.03 25 25 25 25 25 25 25 25 25 25 25 25
26 26 26 26 26 26 26 26 26 26.12 26.67 27 27 27.01 27.16 27.31 27.26 27 27 27 27 27 27 26.76 26.44 26.28 26.01 26 26 26 26 26 26 26 26 26 26 26 26 26 26 26 26 26 26 26 25.99 26 26 26 26 26 25.8 25.43 25.27 25.33 25.51 25.76 25.82 25.73 25.77 25.21 25.22 25.15 25.06 25.05 25 25 25 25 25 25 25 25 25 25 25 25
26 26 26 26 26 26 26 26 26.02 26.41 26.98 27 27 27.23 27.71 27.77 27.55 27.18 27.04 27 27 27 26.95 26.75 26.21 26.05 26 26 26 26 26 26 26 26 26 26 26 26 26 26 26 26 26 26 25.99 26 26 26 26 26 26 26 25.92 25.77 25.43 25.3 25.45 25.69 25.74 25.72 25.91 25.42 25.2 25.06 25.03 25.01 25 25 25 25 25 25 25 25 25 25 25 25
26 26 26 26 26 26 26 26.03 26.26 26.71 27 27 27.06 27.6 28 28 27.92 27.61 27.12 27 27 27 26.98 26.7 26.16 26.1 26.24 26.01 26.01 26 26 26 26 26 26 26 26 26 26 26 26 26 26 26 26 26 26 26 26 26 26 26 25.87 25.62 25.73 25.71 25.63 25.65 25.95 25.95 25.95 25.78 25.22 25.1 25 25 25 25 25 25 25 25 25 25 25 25 25 25
26 26 26 26 26 26 26 26.26 26.91 26.99 27 27 27.09 27.52 27.87 27.9 27.81 27.42 27.04 27 27 27 26.97 26.87 26.56 26.31 26.33 26.02 26.02 26 26 26 26 26 26 26 26 26 26 26 26 26 26 26 26 26 26 26 26 26 26 26 25.94 25.84 25.83 25.91 25.88 25.86 25.86 25.97 25.97 25.88 25.5 25.2 25.04 25 25 25 25 25 25 25 25 25 25 25 25 25
26 26 26 26 26 26 26 26.27 26.98 27 27 27 27 27.24 27.47 27.65 27.8 27.23 27.02 27 27 27 26.91 26.61 26.4 26.05 26.05 26 26 26 26 26 26 26 26 26 26 26 26 26 26 26 26 26 26 26 26 26 26 26 26 26 25.99 25.96 25.91 25.97 25.99 25.99 25.97 26 25.98 25.95 25.99 25.67 25.33 25 25 25.02 25 25 25 25 25 25 25 25 25 25
26 26 26 26 26 26 26.07 26.39 26.76 27 27 27 27 27.19 27.24 27.03 27.2 27.01 27 27 27 27 27 26.93 26.63 26.24 26.13 26 26 26 26 26 26 26 26 26 26 26 26 26 26 26 26 26 26 26 26 26 26 26 26 26 26 26 26 26 25.98 26 25.99 26 26 25.98 25.89 25.89 25.61 25.01 25 25.16 25.11 25 25 25 25 25 25 25 25 25
26 26 26 26 26 26 26.01 26.28 26.94 27 27 27 27 27.07 27.14 27.21 27.08 27.01 27 27 27 27 26.97 26.83 26.6 26.28 26.26 26.04 26.01 26 26 26 26 26 26 26 26 26 26 26 26 26 26 26 26 26 26 26 26 26 26 26 26 26 26 26 26 26 26 26 26 26 25.88 25.8 25.48 25.35 25.01 25.21 25.17 25.08 25.06 25.04 25.03 25.04 25.03 25 25 25
