taller 1/variables/bioclim2.asc
ncols         720
nrows         300
xllcorner     -30.008325510658
yllcorner     30.991671412252
cellsize      0.083333337679505
NODATA_value  -9999
[rows 136 to 169 of 300, columns 456 to 531 of 720]
71.12 68.63 70.86 71.47 74.65 74.96 75.8 77.21 77.93 77.95 79.15 80.31 75.95 69.27 64.08 70.29 68.63 65.97 64.83 68.45 72.06 73.17 71.22 78.03 77.29 77.04 76.42 82.4 85.02 84.95 86.5 87.63 90.15 90.73 91.02 91.48 91.52 91.8 91.59 90.87 88.71 86.35 84.13 82.32 81.29 80.51 79.94 79.36 78.51 77.49 76.33 75.81396 -9999 -9999 -9999 -9999 -9999 -9999 -9999 -9999 -9999 -9999 -9999 -9999 -9999 -9999 -9999 -9999 -9999 -9999 -9999 -9999 -9999 -9999 76 76.16666
68.88 69.3 69.58 71.56 73.05 73.16 71.8 73.9 74.43 72.4 75.53 78.85 75.08 69.88 67.95 67.98 64.77 63.3 61.47 67.73 68.92 68.2 72.46 72.42 64.35 67.54 73.5 74.19 80.13 77.23 78.21 82.68 85.62 88.2 89.2 90.45 91.45 91.75 92.16 92.53 89.82 87.36 85.64 84.27 83.16 82.22 81.49 80.62 79.77 78.62 77.28 76.29412 -9999 -9999 -9999 -9999 -9999 -9999 -9999 -9999 -9999 -9999 -9999 -9999 -9999 -9999 -9999 -9999 -9999 -9999 -9999 -9999 -9999 -9999 -9999 77.83334
68.95 68.87 68.99 72.47 70.63 71.26 67.65 68.14 72.73913 74.41558 75.17583 76.08163 75.19 73.81 72.47 69.29 69.22 62.89 64.03 65.75 69.51 66.08 64.38 63.85 60.93 62.8 65.83 72.58 72.5 72.87 76.16 79.33 80.74 76.74 80.75 85.61 87.13 87.66 86.74 88.51 86.94 87.07 86.56 85.57 84.72 84.05 83.33 82.62 81.77 80.69 79.13 77.74648 -9999 -9999 -9999 -9999 -9999 -9999 -9999 -9999 -9999 -9999 -9999 -9999 -9999 -9999 -9999 -9999 -9999 -9999 -9999 -9999 -9999 -9999 -9999 -9999
70.74 67.82 69.46 71.66 70.78 73.64 75.49397 75.14634 75.83334 -9999 -9999 74.61539 75.25 75.30189 75.51613 75.26667 75.54 69.29 68.03 68.75 59.78 61.43 73.09 69.77 58.78 57.71 59.61 61.31 67.86 70.84 71.46 74.01 70.86 71.43 74.91 78.42 74.91 76.65 82.36 84.6 83.95 81.72 83.86 85.01 86 85.68 85.35 84.85 84.17 83.55 82.67 81.76 83 -9999 -9999 -9999 -9999 -9999 -9999 -9999 -9999 -9999 -9999 -9999 -9999 -9999 -9999 -9999 -9999 -9999 -9999 -9999 -9999 -9999 -9999 -9999
67.87 66.16 65.67 67.7 73.16 79.40298 -9999 -9999 -9999 -9999 -9999 -9999 -9999 -9999 74.5 79 75.32433 74.02174 69.18 69.87 70.47 65.24 67.47 78.8 73.74 68.24 59.02 54.55 52.9 56.96 62.09 61.51 64.91 71.01 76.52 71.41 70.13 80.69 80.73 75.68 77.05 78.23 82.43 84.49 85.38 86.16 87.12 87.1 86.89 86.64 86.67 86.72 86.46512 -9999 -9999 -9999 -9999 -9999 -9999 -9999 -9999 -9999 -9999 -9999 -9999 -9999 -9999 -9999 -9999 -9999 -9999 -9999 -9999 -9999 -9999 -9999
65.92 65.23 66.01 76.71 76.95 81.6 -9999 -9999 -9999 -9999 -9999 -9999 -9999 -9999 -9999 -9999 -9999 75 72.70588 69.98889 70.74 72.41 73.8 76.99 79.74 76.18 67.92 66.15 60.62 56.7 54.92 58.67 52.9 62.26 69.23 71.43 78.7 71.91 73.47 62.73 66.06 72.75 77.14 78.56 81.91 84.82 85.47 87.57 88.97 89.34 89.73 90.44 89.57609 89.19048 -9999 -9999 -9999 -9999 -9999 -9999 -9999 -9999 -9999 -9999 -9999 -9999 -9999 -9999 -9999 -9999 -9999 -9999 -9999 -9999 -9999 -9999
67.93 72.84 79.17347 85.29412 -9999 -9999 -9999 -9999 -9999 -9999 -9999 -9999 -9999 -9999 -9999 -9999 -9999 -9999 -9999 71.875 66.55556 70.32222 78.61539 81.20834 75.28 67.26 59.69 61.74 72.55 74.4 61.18 52.95 55.78 56.27 56.07 66.68 70.57 62.55 66.01 61.14 71.97 69.4 68.99 74.15 79.07 79.82 82.62 85.87 87.91 87.99 89.91 90.3 90.94 90.02062 89.88889 89 -9999 -9999 -9999 -9999 -9999 -9999 -9999 -9999 -9999 -9999 -9999 -9999 -9999 -9999 -9999 -9999 -9999 -9999 -9999 -9999
75.21 83.51 87.70689 -9999 -9999 -9999 -9999 -9999 -9999 -9999 -9999 -9999 -9999 -9999 -9999 -9999 -9999 -9999 -9999 -9999 -9999 67 78.14286 79.5 86.44736 83.43182 72.4 65.37 65.07 76.57 80.56 74.64 69.28 66.57 67.31 63.91 62.44 76.04 77.13 79.11 74.15 66.56 64.6 68.52 70.41 77.94 81.6 84.03 85.46 87.34 88.34 86.25 88.72 90.06 89.93 89.83582 89 -9999 -9999 -9999 -9999 -9999 -9999 -9999 -9999 -9999 -9999 -9999 -9999 -9999 -9999 -9999 -9999 -9999 -9999 -9999
74.14 80.1039 89.28571 -9999 -9999 -9999 -9999 -9999 -9999 -9999 -9999 -9999 -9999 -9999 -9999 -9999 -9999 -9999 -9999 -9999 -9999 -9999 -9999 -9999 -9999 88.83334 89.27778 80.93 70.59 79.21 83.4 70.78 77.89 75.2 87.01 89.44 83.47 82.82 80 83.85 87.84 88.13 79.58 69.46 65.39 68.69 79.41 77.89 76.75 82.31 85.01 84.08 85.89 83.99 86.77 88.22 88.13043 85.79166 84.61539 85 -9999 -9999 -9999 -9999 -9999 -9999 -9999 -9999 -9999 -9999 -9999 -9999 -9999 -9999 -9999 -9999
81.36667 87 -9999 -9999 -9999 -9999 -9999 -9999 -9999 -9999 -9999 -9999 -9999 -9999 -9999 -9999 -9999 -9999 -9999 -9999 -9999 -9999 -9999 -9999 -9999 -9999 90.875 91.68421 88.56 91.86 94.16 93.08 93.36 94.3 91.26 93 94.75 92.51 88.06 82.11 80.13 80.12 86.03 68.65 59.65 65.01 73.18 74.84 74.01 79.23 78.95 79.6 72.81 76.45 81.01 83.83 85.43 85.17 84.54 83.31396 83.93333 -9999 -9999 -9999 -9999 -9999 -9999 -9999 -9999 -9999 -9999 -9999 -9999 -9999 -9999 -9999
-9999 -9999 -9999 -9999 -9999 -9999 -9999 -9999 -9999 -9999 -9999 -9999 -9999 -9999 -9999 -9999 -9999 -9999 -9999 -9999 -9999 -9999 -9999 -9999 -9999 -9999 -9999 92.47143 93.92 89.69 84.73 94.04 94.99 95.18 94.91 89.97 92.52 94.45 94.85 93.31 90.3 92.26 78.06 64.28 79.19 72.97 65.21 69.15 65.53 65.48 76.96 67.77 73.03 81.43 83.62 84.57 83.93 79.96 81.21 83.32 82.54 82.16923 83 -9999 -9999 -9999 -9999 -9999 -9999 -9999 -9999 -9999 -9999 -9999 -9999 -9999
-9999 -9999 -9999 -9999 -9999 -9999 -9999 -9999 -9999 -9999 -9999 -9999 -9999 -9999 -9999 -9999 -9999 -9999 -9999 -9999 -9999 -9999 -9999 -9999 -9999 -9999 -9999 92.78333 94.82 95.5 90.12 94.36 94.7 95.04 94.91 95.32 93.27 92.52 92.04 92.98 88.19 94.35 79.84 60.41 74.58 89.86 83.93 67.47 76.51 68.5 72.15 72.94 79.16 81.94 81.55 81.38 79.29 79.84 82.86 81.19 81.22 81.11 81.46739 81.34286 83 -9999 -9999 -9999 -9999 -9999 -9999 -9999 -9999 -9999 -9999 -9999
-9999 -9999 -9999 -9999 -9999 -9999 -9999 -9999 -9999 -9999 -9999 -9999 -9999 -9999 -9999 -9999 -9999 -9999 -9999 -9999 -9999 -9999 -9999 -9999 -9999 -9999 -9999 91.93182 93.4 94.4 94.51 94.41 93.76 92.62 93.17 94.46 93.61 90.71 90.72 90.11 83.05 95.05 96.53 79.37 64.98 84.58 89.75 70.37 87.31 81.63 70.28 73.7 77.51 78.62 79.36 81.75 79.17 75.72 78.13 80.58 80.56 80.98 78.59 80.24 80.39081 72.92593 70.97778 -9999 -9999 -9999 -9999 -9999 -9999 -9999 -9999 -9999
-9999 -9999 -9999 -9999 -9999 -9999 -9999 -9999 -9999 -9999 -9999 -9999 -9999 -9999 -9999 -9999 -9999 -9999 -9999 -9999 -9999 -9999 -9999 -9999 -9999 -9999 -9999 90.3 88.16 88.47 91.23 89.52 92.52 92.54 89.18 88.44 93.89 93.32 89.69 87.45 81.59 88.39 98.28 100.29 98.65 97.17 101.19 87.62 92 94.28 88.35 79.4 74.95 74.37 70.72 75.57 77.69 77.16 77.34 77.51 78.63 78.58 78.28 78.33 74.37 69.43 70.67 69.33334 -9999 -9999 -9999 -9999 -9999 -9999 -9999 -9999
-9999 -9999 -9999 -9999 -9999 -9999 -9999 -9999 -9999 -9999 -9999 -9999 -9999 -9999 -9999 -9999 -9999 -9999 -9999 -9999 -9999 -9999 78.25 -9999 -9999 -9999 -9999 -9999 85.82609 86.74 88.47 80.16 86.48 91.14 89.61 83.77 89.08 93.65 92.68 85.83 86.37 85.51 86.62 97.68 96.32 102.47 103.35 87.8 82.94 87.87 88.42 86 79.32 76.49 73.53 75.93 67.23 73.51 77.09 74.46 75.8 74.97 75.47 73.97 73.03 72.14 71.97 73.26881 74 -9999 -9999 -9999 -9999 -9999 -9999 -9999
-9999 -9999 -9999 -9999 -9999 -9999 -9999 -9999 -9999 -9999 -9999 -9999 -9999 -9999 -9999 -9999 -9999 -9999 -9999 -9999 -9999 -9999 -9999 -9999 -9999 -9999 -9999 -9999 -9999 88.60656 87.33 84.3 85.64 90.29 88.76 87.04 88.71 91.61 87.89 91.35 91.26 92.98 93.58 92.28 95.27 102.41 99.46 89.76 81.96 86.35 90.68 88.34 83.15 79.36 76.88 74.28 73.4 71.92 77.07 76.45 69.65 72.22 70.46 73.04 72.52 72.1 71.59 72.64 73.84 -9999 -9999 -9999 -9999 -9999 -9999 -9999
-9999 -9999 -9999 -9999 -9999 -9999 -9999 -9999 -9999 -9999 -9999 -9999 -9999 -9999 -9999 -9999 -9999 -9999 -9999 -9999 -9999 -9999 -9999 -9999 -9999 -9999 -9999 -9999 -9999 88 87.93827 85.96 86.56 84.59 86.2 87.82 87.78 85.59 86.74 92.73 95.01 96.44 96.96 94.92 95.61 100.04 100.58 96.46 83.55 83.99 87.78 85.09 85.91 79.2 77.26 79.23 78.29 72.93 72.35 76.31 73.55 70.07 72.76 73.87 73.74 72.77 73.36 73.75 74.88541 76.08334 -9999 -9999 -9999 -9999 -9999 -9999
-9999 -9999 -9999 -9999 -9999 -9999 -9999 -9999 -9999 -9999 -9999 -9999 -9999 -9999 -9999 -9999 -9999 -9999 -9999 -9999 -9999 -9999 -9999 -9999 -9999 -9999 -9999 -9999 -9999 -9999 86.32692 85.15 81.72 81.82 76.61 76.46 82.85 86.72 88.03 92.74 92.49 96.81 96.51 94.12 91.85 97.96 97.82 96.48 94.01 89.63 86.83 84.69 82.28 83.79 79.38 79.64 77.23 74.49 71.22 72.64 76.84 73.44 74.54 74.85 74.32 74.53 74.73 74.7 75.31 76.45763 -9999 -9999 -9999 -9999 -9999 -9999
-9999 -9999 -9999 -9999 -9999 -9999 -9999 -9999 -9999 -9999 -9999 -9999 -9999 -9999 -9999 -9999 -9999 -9999 -9999 -9999 -9999 -9999 -9999 -9999 -9999 -9999 -9999 -9999 -9999 -9999 83.06123 78.4 84.21 84.56 80.12 73.81 76.52 84.14 85.66 90.07 93.18 95.83 95 92.69 87.92 91.58 95.71 94.33 93.94 92.92 89.78 87.56 83.91 84.02 82.45 79.57 76.2 77.57 70.43 69.46 75.8 76.11 72.91 75.36 74.69 75.65 75.6 76.59 76.37 76.97916 78.2 -9999 -9999 -9999 -9999 -9999
-9999 -9999 -9999 -9999 -9999 -9999 -9999 -9999 -9999 -9999 -9999 -9999 -9999 -9999 -9999 -9999 79.8 79.84615 -9999 -9999 -9999 69.25 72.22222 -9999 -9999 -9999 -9999 -9999 -9999 79 81.48529 82.28 84.86 84.69 84.52 85.47 82.03 81.77 87.2 88.7 93.35 86.89 89.8 89.83 91.08 83.03 90.41 93.55 91.37 89.98 89.83 88.9 87.05 85.12 84.21 83.34 76.6 77.61 73.97 70.7 76.06 73.09 69.05 75.49 77.06 77.15 77.11 77.57 78.18 77.48 78.86487 -9999 -9999 -9999 -9999 -9999
-9999 -9999 -9999 -9999 -9999 -9999 -9999 -9999 -9999 -9999 -9999 -9999 -9999 -9999 -9999 -9999 73.64789 76.40298 -9999 -9999 -9999 -9999 -9999 -9999 -9999 -9999 -9999 -9999 -9999 76.25 78.06154 82.5 83.50909 85.94681 87.71 89.79 93.34 93.55 91.96 94.36 94.66 92.36 88.99 74.6 81.23 85.18 78.63 92.06 87.65 84.4 86.1 89.31 88.81 85.13 83.6 86.51 86.47 77.34 75.02 71.57 70.95 72.09 57.89 68.28 79.04 78.59 78.3 79.22 80.01 80.04 80.63889 -9999 -9999 -9999 -9999 -9999
-9999 -9999 -9999 -9999 -9999 -9999 -9999 -9999 -9999 -9999 -9999 -9999 -9999 -9999 -9999 78.33334 65.98959 75.74712 -9999 -9999 -9999 -9999 -9999 -9999 -9999 -9999 -9999 67.33334 69 70.11111 -9999 -9999 -9999 84.7619 80.26 87.89 94.05 92.8 89.86 93.49 90.91 77.06 69.83 59.3 76.43 83.61 81.09 86.3 90.66 86.43 83.47 86.61 90.01 86.93 85.49 86.53 89.11 77.68 74.69 79.98 77.44 69.07 59.53 63.34 79.62 82.53 83.62 83.76 83.83 83.08 82.45 82.85714 -9999 -9999 -9999 -9999
-9999 -9999 -9999 -9999 -9999 -9999 -9999 -9999 -9999 -9999 -9999 -9999 -9999 -9999 -9999 -9999 65.50603 68.11364 -9999 -9999 -9999 -9999 -9999 -9999 -9999 57.18 58.55696 63.40506 65.8421 68.23529 -9999 -9999 83 81.76744 82.47059 89.74737 93.65 94.71 93.43 90.74 86.3 76.35 71.16 73.91 75.47 87.22 84.91 85.56 91.41 90.56 83.92 86.08 90.23 90.38 84.43 84.36 90.61 87.34 80.09 78.96 78.75 79.09 64.09 70.15 80.32 84.53 81.68 78.52 84.66 84.73 83.87 83.46429 -9999 -9999 -9999 -9999
-9999 -9999 -9999 -9999 -9999 -9999 -9999 -9999 -9999 -9999 -9999 -9999 82.07692 78.91765 80.71579 83.22642 73.08247 75.70175 -9999 -9999 -9999 -9999 -9999 -9999 -9999 56.66667 61.5 -9999 61.63636 64.71429 -9999 -9999 -9999 -9999 -9999 90.3 91.44566 92.19 88.46 82.75 79.71 83.17 82.05 82.67 79.41 81.55 83.39 82.41 84.55 90.7 92.64 89.14 87.43 90.47 90.87 86.47 86.73 82.67 76.15 77 80.02 74.74 69.01 77.19 61.53 74.8 79.9 79.27 86.75 86.32 85.34 84.32258 83.86667 -9999 -9999 -9999
-9999 -9999 -9999 -9999 -9999 -9999 -9999 -9999 78 78.91666 77.17242 78.11765 76.87629 75.94 61.92 76.28 69.57 85.16216 86.66666 -9999 -9999 -9999 -9999 -9999 53.875 53.7 -9999 -9999 -9999 -9999 -9999 -9999 -9999 -9999 -9999 -9999 89.28571 86.16883 86.98 85.76 86.54 86.46 83.8 85.64 83.06 80.57 85.1 89.24 83.93 88.13 93.97 92.37 86.83 91.81 94.18 88.58 89.83 91.31 74.98 81.72 76.84 69.37 77.85 81 59.24 67.75 84.01 89.89 90.07 88.38 86.99 85.55 84.04819 83.66666 -9999 -9999
-9999 -9999 -9999 -9999 -9999 -9999 -9999 -9999 73.79661 76.30209 70.52 60.67 59.23 66.29 60.52 59.96 64.26 82.82 86.08334 -9999 -9999 -9999 -9999 -9999 -9999 -9999 -9999 -9999 -9999 -9999 -9999 -9999 -9999 -9999 -9999 -9999 -9999 85.71429 86.52631 86.3 85.47 84.65 82.12 84.13 83.36 81.65 84.81 88.25 86.81 90.63 94.14 95.69 93.38 94.81 97.98 99.24 93.45 94.14 81.74 67.12 72.74 85.17 84.51 81.9 69.73 73.72 81.86 85.12 91.95 89.26 88.01 86.42 84.4 83.2375 82.1 -9999
-9999 -9999 -9999 -9999 -9999 -9999 -9999 75.5 73 66.15 55.86 48.71 53.03 59.95 70.42 62.83 59.74 68.65 80.64286 -9999 -9999 -9999 -9999 -9999 -9999 -9999 -9999 -9999 -9999 -9999 -9999 -9999 -9999 -9999 -9999 -9999 -9999 78.05556 82.6125 81.30434 83.08 82.43 82.64 83.49 83.5 84.48 86.31 88.96 90.79 90.81 89.56 93.52 96.44 98.99 96.45 93.75 84.53 98.1 99.04 77.93 75.69 76.43 82.19 87.6 73.73 66.67 58.96 65.41 69.1 81.82 89.18 87.83 86.08 83.86 81.89888 80.5
-9999 -9999 -9999 -9999 -9999 -9999 72.61539 70.65334 66.98 62.97 52.62 47.49 51.68 56.67 60.51 53.68 55.08 55.79 74.8 -9999 -9999 -9999 -9999 -9999 -9999 -9999 -9999 54.06667 -9999 -9999 -9999 -9999 -9999 -9999 70.62963 70 -9999 73.78261 74 -9999 82 82.4 82.06944 82.02 82.28 82.95 84.89 87.09 89.12 84.47 80.86 91.34 96.23 100.36 101.25 99.24 89.69 94.98 98.73 97.99 88.87 75.95 76.75 98.29 97.09 96.14 81.9 70.1 69.27 70.53 85.94 89.26 87.24 85.23 82.18 80.49
-9999 -9999 -9999 -9999 -9999 -9999 -9999 72.19355 68.78651 57.54 50.04 49.63 48.64 52.97 63.97 57.48 54.9 60.51 72.61842 -9999 -9999 -9999 -9999 -9999 -9999 -9999 -9999 51.33333 -9999 -9999 -9999 -9999 -9999 -9999 -9999 -9999 -9999 75 -9999 -9999 -9999 -9999 -9999 80.18519 79.52128 80.14 81.65 83.86 85.51 83.58 86.37 91.8 96.29 100.51 103.63 106 100.93 98.01 99.49 95.38 96.23 84.22 78.47 80.46 75.02 81.82 96.48 91.1 90.01 92.26 87.63 90.97 88.89 85.88 83.07 80.5
-9999 -9999 -9999 -9999 -9999 -9999 73.66666 69.11224 60.87 61.1 57.68 52.06 46.54 49.22 59.55 62.87 63.87 69.68 70.72369 -9999 -9999 -9999 -9999 -9999 -9999 -9999 -9999 -9999 -9999 -9999 -9999 -9999 -9999 -9999 -9999 -9999 -9999 -9999 -9999 -9999 -9999 -9999 -9999 -9999 77.22581 77.11 78.47 80.59 82.37 83.64 85.89 90.61 95.58 99.29 103.34 108.23 109.61 106.72 102.64 93.68 90.32 95.6 94.45 81.35 57.62 61.04 72.66 86.9 90.04 91.43 89.71 90.29 83.94 74.98 82.01 81.11
-9999 -9999 -9999 -9999 -9999 -9999 -9999 69.40625 70.41558 66.7 61.85 58.58 54.77 48.89 51.9 57.76 65.99 69.77 69.18868 -9999 -9999 -9999 -9999 -9999 -9999 -9999 -9999 -9999 -9999 -9999 -9999 -9999 -9999 -9999 -9999 -9999 -9999 -9999 -9999 -9999 -9999 -9999 -9999 -9999 -9999 73.86567 75.15 77.62 80.67 82.41 87.34 91.23 94.3 98.92 105.72 110.54 112.76 106.4 90.82 95 100.48 95.27 89.57 94.9 84.68 73.97 76.81 67.09 89.41 92.89 93.66 74.03 73.08 54.61 75.6 82.59
-9999 -9999 -9999 -9999 -9999 -9999 -9999 -9999 69.65385 66.64 63.16 60.09 53.55 46.44 48.3 56.36 67.95959 68.6 68.33334 -9999 -9999 -9999 -9999 -9999 -9999 -9999 -9999 -9999 -9999 -9999 -9999 -9999 -9999 -9999 -9999 -9999 -9999 -9999 -9999 -9999 -9999 -9999 -9999 -9999 -9999 71.5 73.2 77.10606 80.42857 83.44 86.53 91.78 96.73 102.4 107.68 111.26 114.08 107.51 99.04 103.52 101.36 83.66 72.49 90.84 99.44 99.59 100.45 96.42 83.77 82.1 91.44 89.61 73.95 56 79.87 79.78
-9999 -9999 -9999 -9999 -9999 -9999 -9999 68.15151 66.42857 70.25 66.73 58.77 52.67 51.79 49.53 56.56 63.62195 -9999 -9999 -9999 -9999 -9999 -9999 -9999 -9999 -9999 -9999 -9999 -9999 -9999 -9999 -9999 -9999 -9999 -9999 -9999 -9999 -9999 -9999 -9999 -9999 -9999 -9999 -9999 -9999 -9999 -9999 -9999 82.45 85.65278 89.3 93.31 96.99 101.7 107.37 111.8 115.4 114.31 107.44 100.63 106.16 83.59 73.18 70.1 81.63 91.44 95.16 93.71 84.09 72.16 69.34 72.84 66.79 68.98 70.51 76.55
-9999 -9999 -9999 -9999 -9999 -9999 -9999 -9999 -9999 68.93182 62.03 58.45 57.81 51.44 47.2 53.95 61.14865 -9999 -9999 -9999 -9999 -9999 -9999 -9999 -9999 -9999 -9999 -9999 -9999 -9999 -9999 -9999 -9999 -9999 -9999 -9999 -9999 -9999 -9999 -9999 -9999 -9999 -9999 -9999 -9999 -9999 -9999 -9999 -9999 -9999 90.80282 93.37 96.14 99.55 105.4 111.03 113.84 113.64 107.69 98.64 108.22 93.6 91.59 83.29 68.61 94.95 83.56 75.95 67.27 65.21 62.4 62.09 65.81 68.24 74.23 71.45
