taller 1/variables/bioclim13.asc
ncols         720
nrows         300
xllcorner     -30.008325510658
yllcorner     30.991671412252
cellsize      0.083333337679505
NODATA_value  -9999
[rows 33 to 65 of 300, columns 525 to 599 of 720]
63.63 63.19 64.53 64.43 63.75 64.8 64.9 64.85 65.34 66.95 67.45 67.69 67.56 67.86 68.18 68.95 69.63 70.36 71.01 71.67 72.11 73.44 74.5 74.97 75.18 75.71 76.17 76.61 76.93 77.68 78.6 78.39 78.81 78.82 78.83 77.58 77.3 77.84 77.89 77.98 78.02 77.96 77.93 77.94 77.92 77.91 78 77.89 77.7 77.22 76.69 76.9 76.96 75.67 76.05 75.79 76 76.05 76 75.79 75.13 74.89 74.53 74.13 74.04 74.26 74.42 74.67 76.13 76.17 76.15 76.73 77.31 77.32 77.17
64.28 64.01 63.79 63.55 64 64.23 64.6 65.35 66.98 67.9 68.35 68.89 69.12 69.22 69.43 70.05 70.06 70.55 71.1 71.65 72.45 73.26 73.99 74.55 74.89 75.11 75.46 75.82 76.23 76.61 77.43 77.54 77.44 76.95 76.48 76.27 76.29 77.02 77.32 77.04 76.8 77.08 76.56 76.43 76.3 76.44 76.45 76.36 76.41 76.22 76.23 75.99 75.48 75.44 75.62 75.5 75.84 76.87 76.67 76.04 75.79 75.13 74.95 74.6 74.4 74.82 74.66 74.3 75.64 75.9 75.81 76.2 76.33 76.37 76.75
64.9 64.5 64.03 64.14 64.82 64.82 64.94 65.45 67.13 68.23 68.95 69.98 69.88 70.11 70.22 70.88 71.28 71.35 72.07 72.58 73.04 73.17 73.24 73.42 73.91 74.31 74.57 74.93 75.2 75.8 76.2 75.85 75.89 75.73 75.26 75.96 76.27 75.62 75.12 75.47 75.92 76.4 76.61 76.7 76.84 76.8 76.63 76.69 76.27 76 76.04 76.42 76.52 76.25 76.1 75.96 75.79 76.25 76.72 76.15 75.73 75.53 75.39 75.18 74.81 74.97 75.14 75.29 75.1 75.53 75.24 75.46 75.85 75.9 75.99
65.33 64.68 63.86 64.36 63.69 64.9 67.12 66.17 67.36 68.55 68.87 69.54 69.97 69.99 70.09 70.68 71.12 71.81 72.04 72.24 72.87 73.01 73.13 73.06 73.24 73.66 73.69 73.63 73.99 74.56 74.67 74.79 74.89 74.43 75.2 75.97 76.2 76.33 76.1 76.21 76 76.02 76.18 76.49 76.74 76.97 76.49 76.07 76.34 76.39 76.2 76.28 76.13 76.23 76.17 76.71 76.89 76.99 76.85 75.93 75.68 75.82 76 75.61 75.44 75.42 75.85 75.97 75.99 75.55 75.1 75.04 75.17 75.14 75.25
64.76 64.02 63.44 63.66 63.58 65.03 66.78 67.09 67.99 68.84 69.68 69.82 69.94 70.04 70.23 70.71 71.08 71.36 71.64 71.83 71.84 71.99 72.33 72.57 72.84 72.91 72.66 72.89 73.08 73.42 73.67 73.87 74.16 74.9 75.44 75.29 74.98 75.1 75.13 75.29 75.64 75.76 75.89 76 76.06 76.19 76.28 76.01 76.18 76.17 76.41 76.3 76.01 76.27 76.39 76.74 77 77 77.02 76.63 75.71 75.25 75.2 75.82 75.73 75.86 76.02 76 75.8 75.53 75.4 75.03 75 75.01 75.04
65.66 65.21 64.77 63.65 63.16 64.01 65.71 67.14 67.91 68.64 69.22 69.65 69.84 70.04 70.34 70.83 71.05 70.62 71.06 71.51 70.83 70.36 70.88 71 71.73 72.06 72.55 72.95 73.2 73.61 73.94 73.96 74.05 74.24 74.28 74.03 74.1 74.27 74.5 74.58 74.99 75.06 75.14 75.74 75.99 75.98 76 75.92 75.94 76.14 76.09 76.15 75.99 76 76.06 76.15 76.73 77 77 76.94 76.62 76.01 75.09 75.68 76 76 76 76.05 75.58 75.1 75.83 75.59 75.54 75.22 75.29
66.48 66.31 66.08 65.29 64.35 64.05 65.01 65.98 67.01 68.27 69.12 69.53 69.99 70.01 70.34 71.03 69.97 69.5 69.89 70.09 70.16 70.78 70.93 71.45 71.95 72.01 72.58 72.89 72.79 72.93 73.13 73.22 73.3 73.33 73.59 73.62 73.88 73.81 74.13 74.66 74.72 74.95 75 75.77 75.94 75.93 75.78 75.98 76.28 76.04 75.84 76.02 75.85 76 76 76.01 76.01 76.25 76.38 76.24 76.35 76 75.29 75.27 75.81 75.95 75.99 75.97 75.54 75.13 75.69 75.93 76 76 76
66.46 66.23 65.64 64.76 64.86 64.66 65.25 66.11 67.02 67.9 68.87 69.48 69.12 69 69 69.07 69.23 69.56 69.88 70.04 70.04 70.53 70.69 70.88 71.2 71.36 71.54 72.19 72.63 72.96 73.25 73.72 73.53 73.12 73 73.02 73.11 73.58 73.88 74.14 74.29 74.9 74.97 75.23 75.07 75.15 75.42 75.72 75.98 76.1 75.22 75.44 75.87 76 75.8 75.37 76.01 76.02 76 76.03 76.04 75.91 75.66 75.02 75.06 74.86 75.02 75 75.33 75.1 75.39 75.19 75.9 76.13 76.07
65.88 65.09 64.34 63.9 64.64 65.93 66.58 67.44 67.48 68.17 68.93 69.41 69.89 69.96 70.01 70.16 70.36 70.52 70.58 70.58 70.21 70.65 70.8 71.05 71.31 72.04 72.49 72.96 73.28 73.36 73.51 73.79 73.89 73.5 73.09 73.03 73 73.47 73.15 73.94 74.67 74.91 75 75.03 75 75.04 75.17 75.24 75.46 75.01 75.02 75.06 75.38 75.39 75.54 75.04 75.89 76 75.86 75.97 76 75.98 75.99 75.89 75.74 75.48 75.3 75.46 75.19 74.9 74.75 74.53 74.98 75.71 75.88
65.49 64.69 63.93 63.84 65.22 66.27 67.56 68.34 69.01 69.48 69.26 71.02 71.64 70.67 71.81 71.89 71.36 71.88 72.7 71.32 70.51 70.26 70.33 70.69 70.89 71.5 72.34 72.57 72.68 73.3 73.02 73 73.18 73.15 73.02 73.01 72.98 73.13 72.91 73.66 73.94 74.01 74.52 75.04 75 74.99 75.04 75.01 74.94 74.99 74.94 75.01 75 75 75 75.01 75.35 75.59 75.95 75.98 76 76.08 76.24 76.69 76.78 76.94 76.47 76.13 75.75 76.16 76.31 75.71 74.84 74.2 74.46
65.12 64.29 63.62 63.46 64.56 65.85 67.19 68.92 70.47 70.11 70.42 71.03 71.13 70.92 71.4 71.62 71.86 72.03 72.73 71.96 70.76 70.73 70.61 71.07 70.73 70.66 71.37 72 72.36 73.08 73.08 73.01 73 73 73.03 73.03 73 72.83 72.79 73.12 73.8 74 74.08 74.59 74.83 74.56 74.41 74.23 74.06 74.56 74.29 74.35 74.35 74.35 74.51 74.74 74.85 75.01 75.84 76 76 76.27 76.85 76.97 77 77 77 76.96 76.95 76.61 76.63 76.91 76.57 75.79 74.78
64.86 64.01 63.43 64.1 65.66 66.42 67.12 68.32 70.04 70.54 70.37 70.66 70.64 71.08 71.17 71.51 71.45 71.22 71.17 70.84 70.42 70.61 70.3 70.11 70.69 70.54 71.05 71.49 71.99 72.28 73.35 73.11 73 73 73 73.03 73.53 73.1 73.22 73.22 73.12 73.94 74 74 74 74 74 73.94 73.68 73.55 73.76 73.91 73.9 74.04 74 74.01 74.36 75.07 75.79 75.92 75.88 76.04 76.31 76.98 77 77 77 77.05 77 76.92 76.54 76.4 76.54 76.01 75.98
64.98 64.37 63.5 64.01 65.96 66.41 67.16 68.46 69.88 70.61 70.09 69.67 69.97 70.58 70.09 70.02 70.11 70.42 70.36 70.07 69.57 69.92 70.69 70.58 70.24 70.44 70.51 71.04 71.92 72.35 73.01 73 73 73 73.01 73.01 73.14 73.03 73.09 73.2 73.32 73.78 73.74 73.61 73.66 73.89 73.63 73.18 73 72.99 72.92 72.94 73.03 73.25 73.79 74.19 74.07 74.27 74.76 75.37 75.42 76.01 76.26 76.91 77.04 77.04 76.98 76.93 76.9 76.94 76.89 76.59 76.05 76 76
65.1 64.33 63.86 64.41 65.36 66.25 67.47 68.95 70.32 71.82 70.61 69.16 69.71 69.97 70.16 69.55 69.43 69.52 69.19 68.88 68.81 68.99 69.82 70.27 69.71 70.23 70.42 71.01 71.52 72.24 72.66 72.52 72.86 73.02 73.06 73.17 73.82 73.82 73.86 73.21 73.56 73.29 73.09 73.25 73.21 73.32 73.09 73 73 73 72.9 72.9 73 73.01 74 74.27 74.34 75.04 74.75 75.01 75.26 75.63 76.01 76.52 76.83 76.95 76.77 76.67 76.76 76.74 76.84 76.73 76.07 76 75.97
65.72 64.45 64.14 64.97 65.88 66.51 67.64 68.9 70.06 70.72 70.62 69.78 69.12 69.29 69.16 69.03 69.08 68.81 68.72 68.3 68.12 68.29 68.58 69.4 69.17 70 70.44 71.01 71.3 72.03 72.05 72.77 73.28 73.64 73.66 73.74 74 74.04 74.11 74.15 74.04 74.15 74.13 74.05 74.03 73.76 73.4 73.02 72.68 72.79 72.91 72.57 72.74 73.01 73.32 74.29 74.75 74.44 74.89 74.99 75.12 75.7 75.98 76.09 76.17 76.67 77 77.04 77.07 77.13 77.16 77.44 77.14 76.8 76.42
65.35 64.78 64.97 65.92 66.63 67.42 68.35 68.91 69.65 69.84 69.73 69.29 69.32 69.68 69.63 69.35 69 69.03 69.15 69.23 69.44 69.58 69.54 69.36 69.47 70.05 70.59 71.06 71.63 72.24 72.43 73.58 74.21 74.57 74.63 74.29 74.21 74.36 74.62 74.81 75.03 74.83 74.81 74.8 74.81 74.7 74.11 73.9 73.09 72.35 72.3 72.38 72.67 73 73.43 74.6 75.24 74.95 75.05 75.16 75.3 76.09 76.17 76.56 77.12 77.67 77.74 78.21 78.15 78.28 78.52 78.43 78.49 78.85 78.35
65.9 65.52 65.86 66.5 67 67.8 68.19 68.68 69.04 69.65 69.57 69.12 69 69.06 69.41 69.11 69.14 69.31 69.35 69.2 68.93 68.94 69.13 69.55 69.94 70.73 71.51 71.41 72.02 72.51 73.83 74.59 74.55 74.98 75.22 75.32 75.65 75.94 75.9 75.63 76.03 76.02 75.83 75.73 75.56 75.02 74.89 74.45 73.72 72.91 72.12 71.9 72.11 72.74 73.02 73.94 74.88 75.02 75.2 75.34 76 76.76 76.74 77.12 77.85 78.26 79.19 79.85 80.18 80.43 80.07 80 79.69 80.29 79.99
66.67 67.04 67.59 67.71 67.96 68.22 68.77 68.99 69.07 69.27 69.16 69.46 69.31 69.02 69.25 69.03 69.31 69.19 69.39 69.88 69.99 69.34 69.24 69.71 70.23 70.83 71.55 72.35 73.03 73.54 74 74.01 74.31 74.8 75.08 75.48 75.71 76 75.98 76.48 76.41 76.09 76 75.94 75.93 75.74 75.61 75.06 74.39 73.31 72.52 71.74 71.85 72.49 73.28 73.92 74.46 75.01 75.31 75.54 76.02 76.89 77.3 77.66 78.06 78.74 79.48 80.03 81.03 82.29 82.01 81.74 80.93 80.73 80.19
69.83 70.07 70.32 69.08 69.12 69.38 69.64 69.66 69.69 69.93 69.58 69.71 69.95 70.06 70.8 70.55 70.87 70.38 69.78 70.43 70.65 71.34 71.78 71.16 72.16 72.3 71.87 72.21 72.86 73.25 73.96 74.3 75.35 75.35 76.05 76.4 76.09 76.23 76.6 76.9 76.72 76.05 76.02 76.06 76.22 75.97 75.15 74.94 74.3 73.44 72.95 72.31 71.87 72.8 73.21 74.17 74.95 75.27 75.61 75.9 76.89 77.37 78.09 78.6 78.9 79.68 79.76 80.02 80.47 81.15 81.86 81.76 81.95 81.57 81.54
71.37 71.43 71.28 70.77 70.81 71.08 70.61 70.54 70.61 71.11 70.81 70.71 70.41 70.94 71 71.19 71.5 70.89 70.16 70.91 71.23 71.76 72.06 72.68 73.34 73.93 74.39 75.41 74.44 73.77 74.13 74.76 75.36 76 76.68 77.19 76.87 76.99 77 77 76.95 76.71 76.93 77.13 76.75 76.01 75.29 75 74.37 74.16 73.49 72.85 72.66 73.18 73.78 75.07 75.84 76.27 76.22 76.22 76.96 78.19 78.86 79.09 79.38 80.1 80.46 81.02 81.67 81.81 81.65 81.34 81.53 81.19 81.46
72.35 72.77 72.1 71.58 71.27 71.25 71.24 70.87 71.06 71.01 71.06 70.61 70.59 70.42 70.94 71.09 71.11 70.7 70.77 71.11 71.56 72.16 72.7 73.5 73.92 74.34 74.78 75.87 75.74 75.57 75.73 76.76 76.23 76.67 77.91 77.16 77.41 77.53 77.57 77.67 77.55 77.68 77.52 76.95 76.2 75.99 75.54 75.35 74.96 74.89 75.47 74.49 73.99 73.95 74.86 75.78 77.25 77.38 77.01 77.26 77.55 77.83 78.85 79.21 79.83 80.45 80.79 81.49 82.06 83.13 82.56 82.03 81.75 81.58 81.29
73.11 73 72.85 73.08 72.62 72.15 71.66 71.2 70.97 70.94 70.72 70.4 70.46 70.3 70.64 71.03 71.15 71.15 71.67 72.11 72.62 73.21 73.73 74.46 75.22 75.59 75.59 76.04 77.02 77.5 77.19 76.23 76.44 77.52 79.18 78.38 78.55 78.32 78.27 78.2 78.16 78.81 80.12 78.34 77.25 76.89 76.89 76.4 76.25 76.39 76.95 75.84 74.92 75.18 75.64 76.22 76.92 77.51 78.03 78.21 78.16 78.35 78.62 79.61 80.18 80.9 81.5 81.98 82.27 82.73 83.03 82.54 82.53 82.32 82.05
75.25 75.04 74.91 74.52 74.36 72.88 72.12 71.71 71.21 70.77 70.58 70.47 70.78 70.63 70.8 71.07 71.74 71.99 72.62 73.42 74.04 74.6 75.16 75.63 75.71 76.14 76.41 76.92 77.34 76.86 76.7 77.11 77.34 78 78.52 80 80.83 80.37 80.2 79.81 79.42 79.51 80.23 79.8 79.49 79.93 79.34 77.95 77.9 78.98 78.18 77.02 76.52 76.24 76.74 77.14 77.93 78.2 78.21 78.59 78.7 79.08 79.17 79.66 80.13 81.09 81.99 82.33 83.09 83.02 83.08 82.85 82.73 82.59 83.26
78.24 77.62 77.27 77.23 75.25 74 73.15 72.44 71.74 71.03 71.04 71.48 70.91 71 71 71.38 72.71 73.12 73.78 74.78 75.31 75.83 76.71 77.41 77.84 77.83 77.08 76.85 77.18 77.36 77.36 77.64 78.25 79.22 79.99 80.46 81.29 81.79 82.51 82.73 82.24 81.78 81.04 80.17 80.02 80.02 79.55 79.02 78.77 78.18 78.14 77.91 77.53 77.45 78.27 78.5 78.74 78.96 79 79.31 79.39 79.97 80.12 80.2 80.69 81.21 81.52 82.52 83.73 83.69 83.22 83.68 84.08 83.61 83.87
79.85 79.62 80.48 79.98 78.91 76.26 74.69 73.93 72.58 71.67 71.46 71.69 71.77 72.46 72.07 71.96 73.39 75 75.16 75.28 76.45 77.31 79.11 79.56 80.34 79.44 79.37 78.78 77.95 77.37 78.1 78.68 79.17 79.75 80.16 80.78 81.51 81.69 81.6 81.53 81.17 81 80.36 80.03 80 80.02 80.04 79.15 79.07 79.11 79.56 78.81 78.43 78.59 79.08 79.14 79.61 80.14 80.45 80.27 80.28 80.52 81.4 81.93 82.08 82.74 82.68 83.08 84.63 84.36 84.38 84.74 85.01 84.68 84.88
81.51 81.59 80.84 80.2 79.51 78.62 77.77 76.91 75.21 76.01 74.71 72.89 73.28 73.13 72.01 72.58 74.14 75.68 75.65 77.32 79.31 79.18 79.48 81.65 81.83 82.06 82.53 81.22 80.55 80.22 80.47 80.6 80.89 81.28 81.77 82.04 82.46 82.93 82.56 81.95 81.18 81 80.47 80.07 80.09 80.17 79.97 79.7 79.3 79.55 80.37 80.02 79.61 79.88 80.14 80.42 81.01 81.86 81.54 81.07 81.76 81.93 82.35 83.12 83.02 83.12 84.06 84.31 84.84 85.16 85.92 86 85.91 85.61 85.82
78.4 80.34 80.35 79.51 79.95 80.19 80.49 79.17 76.92 76.79 76.31 75.53 73.94 73.22 72.54 73.23 75.57 77.86 77.67 79.87 81.78 83.93 83.58 84.08 86.11 85.25 87.22 88.64 84.81 82.6 82.92 83.21 82.42 82.48 82.83 82.93 83.01 83.29 83.09 82.59 81.76 81.04 81 80.67 80.35 80.39 80.02 80.06 80.38 80.2 80.17 80.03 80.65 80.86 81.87 82.33 81.57 81.97 82.98 83.3 83.18 83.02 83.13 82.93 83.26 83.52 83.92 84.53 85.21 86.39 87.01 86.85 86.29 86.19 88.39
82.26 78.83 77.32 78.09 77.27 77.48 77.91 78.92 79.03 77.89 76.55 74.93 74.45 73.1 74.43 74.84 77.14 80.42 82.9 83.23 85.07 86.13 85.76 86.79 90.95 91.46 91.24 90.49 87.22 85.44 84.74 84.41 83.93 83.62 83.41 83.23 83.08 83.09 83 82.72 82 81.72 81.12 81 80.87 80.79 80.71 80.69 80.51 80.45 80.82 81.11 81.43 81.69 82.6 83.03 84.15 84.39 83.84 83.68 84.31 84.55 84.48 84.27 84.16 84.76 85.59 85.32 85.4 86.34 87.1 87.02 87.13 87 87.83
85.03 83.82 82.32 81.46 79.87 77.48 77.1 75.71 77.99 79.54 78.93 76.77 74.29 73.1 75.32 78.78 81.98 87.75 96.29 95.66 97.48 92.02 89.08 88.09 89.5 91.18 94.67 93.53 92.41 89.86 88.19 86.48 85.35 84.49 84.56 87.62 84.47 83.3 83.31 83 82.41 82 81.83 81.62 81.16 81 81.02 81 81.18 81.36 81.76 82.12 82.37 82.9 83.68 84.54 85.48 85.05 84.95 85.65 85.92 86.47 86.09 85.7 85.77 86.27 86.43 86.35 86.44 87.06 87.75 87.65 87.6 88.44 89.14
90.1 88.91 87.83 84.12 81.01 75.67 77.02 74.96 77.97 78.33 76.56 75.6 75.46 76.97 78.65 77.82 84.39 89.61 91.64 95.13 100.95 107.77 104.1 103.24 98.21 98.64 96.72 93.67 94.27 95.22 92.28 91.89 88.84 85.97 85.62 86.21 84.98 83.74 83.3 83.06 83.01 82.57 82.09 82.02 81.97 81.81 81.34 81.19 81.33 81.94 82.38 82.7 83.14 84.18 84.81 85.6 86.52 86.74 86.18 86.58 87.13 87.57 87.55 86.89 86.76 87.4 89.11 88.96 88.09 88.26 88.46 88.51 89.07 89.79 90.64
88.98 85.52 79.46 78.88 78.05 76.46 79.55 76.39 74.84 72.83 73.11 73.54 74.33 75.57 78.55 79.68 80.94 85.03 85.74 89.4 91.1 99.57 103.23 112.79 107.65 101.54 96.17 95.99 95.64 97.35 99.11 94.46 97.48 93.63 87.17 87 86.57 85.87 85.46 84.05 85.05 83.17 83.3 82.67 82.05 82.21 82.03 82.46 82.22 82.16 82.68 83.17 83.94 84.14 84.96 85.65 86.29 87.07 87.68 87.79 88.32 88.64 89.56 88.69 88.39 88.73 91.11 92.55 91.52 90.8 90.1 90 90.62 91.33 91.43
76.8 76.44 75.65 76.11 80.03 77.6 78.15 74.81 74.4 72.99 72.76 73.12 73.9 75.36 76.04 76.48 77.54 79.8 83.61 85.18 87.8 91.02 92.19 95.7 98.06 97.94 95.39 97.11 97.43 94.77 93.48 93.9 95.49 95.1 93.6 88.06 86.7 87 85.79 84.43 85.05 84.39 84.03 82.96 82.14 83.59 82.93 83.24 83.83 83.41 83.34 83.99 84.47 84.96 85.69 86.45 86.94 87.54 88.14 88.81 89.18 89.84 90.61 90.74 90.93 90.61 91.31 93.49 95.04 94.47 92.84 92.12 91.62 92.15 93.62
77.55 83.08 79.78 73.79 72.94 71.6 71.83 72.36 73.22 73.25 73.48 73.53 73.93 74.06 73.85 75.03 76.61 78.75 81.45 86.47 87.22 90.01 90.66 91.47 92.91 93.93 94.28 94.1 95.56 93.65 94.97 91.19 90.19 90.17 91.17 88.71 85.97 84.96 85.47 85.46 85.81 85.07 84.16 83.38 83.05 83.56 83.9 84.03 84.52 84.78 84.2 85.17 86.21 86.94 87.39 87.82 88.77 89.15 89.6 89.95 90.38 90.99 91.25 91.4 92.24 93.26 93.21 93.65 96.03 96.73 95.76 95.52 94.15 93.73 94.15
