taller 1/variables/bioclim7.asc
ncols         720
nrows         300
xllcorner     -30.008325510658
yllcorner     30.991671412252
cellsize      0.083333337679505
NODATA_value  -9999
[rows 33 to 65 of 300, columns 296 to 369 of 720]
-9999 -9999 -9999 -9999 -9999 -9999 -9999 -9999 -9999 161 162.1538 164.2688 166.1053 168.8132 172.2 175.7895 181.32 180.75 180.32 183.3 183.93 185.28 185.61 185.77 187.14 187.69 187.37 186.7172 186.63 187.23 187.28 188.08 188.33 188.72 188.99 189.13 189.38 190.88 193.08 194.94 196.58 196.61 197.21 198.04 198.36 199.51 201.09 203.02 205 206.16 206.47 206.37 206.12 205.53 204.58 203.81 203.11 201.81 203.03 205.49 207.16 207.82 208.5 208.24 207.83 207.37 207.09 206.79 205.9565 -9999 -9999 -9999 -9999 -9999
-9999 -9999 -9999 -9999 -9999 -9999 -9999 -9999 -9999 -9999 -9999 163.7273 165.6795 170.09 174.49 179.01 180.58 181.17 180.52 183.77 185.19 186.7 187.17 186.45 186.44 188.47 188.06 187.93 187.51 187.58 187.85 188.46 189.52 189.96 190.45 190.77 191.38 192.68 194.15 194.92 196.57 197.06 198.03 199.01 199.99 201.81 203.9 206.28 208.33 209.45 209.96 209.49 208.98 207.98 207.28 206.59 205.88 205.75 206.75 208.07 208.87 209.61 209.62 209.75 210.06 209.6 208.23 207.4419 206.7692 -9999 -9999 -9999 -9999 -9999
-9999 -9999 -9999 -9999 -9999 -9999 -9999 -9999 -9999 -9999 163 165.575 166.93 171.99 174.14 176.65 179.8 181.36 182.16 183.59 184.95 185.94 187.21 186.95 187.45 188.85 189.77 188.47 188.44 188.11 188.87 190.9 191.92 192.09 192.27 192.83 193.22 194.01 194.52 195.75 196.63 197.71 198.79 199.95 201.85 203.81 206.12 209.1 211.81 213.46 213.08 212.37 211.25 210.64 210.01 209.76 210.12 211.36 211.88 211.15 211.31 211.9 211.57 211.07 211 210.663 209.5366 209 -9999 -9999 -9999 -9999 -9999 -9999
-9999 -9999 -9999 -9999 -9999 -9999 -9999 -9999 160 160.8537 163.4268 164.65 165.9574 168.2556 171.0225 172.8351 178.05 181.16 183.18 184.67 184.71 185.66 186.35 188.01 189.47 189.28 188.84 188.62 189.32 189.65 191.32 193.09 193.94 194.41 194.51 194.38 194.74 194.79 195.38 196.35 197.02 197.93 199.34 201.22 203.08 205.12 207.68 211.02 213.6 214.79 214.64 213.67 213.24 213.11 212.85 212.7 213.34 213.71 214.35 214.31 213.38 213.06 212.9 212.52 211.1429 211 -9999 -9999 -9999 207.9 206.1733 203.7778 201.9348 200.7195
-9999 -9999 -9999 -9999 -9999 -9999 -9999 159.4688 160.1563 160.81 161.5094 162.7143 163 -9999 168.6956 173.9 178.26 179.93 182.68 183.53 184.39 186.95 188.17 189.76 189.59 189.25 189.6 189.23 190.25 191.41 193.26 196 196.86 196.51 195.58 195.79 195.7 195.49 195.82 196.43 197.49 198.51 200.45 201.88 203.6 205.92 208.47 210.73 212.83 214.2 214.67 214.57 214.33 214.4 214.22 214.47 214.84 215.48 215.52 215.3 214.5 213.91 213.31 213.01 212.2283 211.5195 210.9048 -9999 210 208.8254 207.82 204.98 201.94 200.19
-9999 -9999 -9999 -9999 -9999 -9999 158.5 159.3571 160.5455 160.1304 160.25 -9999 -9999 -9999 167.3611 173.4646 176.4694 177.19 180.69 184.18 185.52 187.46 187.74 187.72 188.04 188.4 188.67 189.93 191.23 192.7 195.34 197.82 198.96 197.6 196.93 196.92 196.38 196.31 196.42 197.23 197.87 199.16 200.42 202.12 204.16 206.49 208.73 210.8 212.53 213.71 214.5 214.52 214.79 214.79 215.01 215.51 215.97 216.18 216.06 215.93 215.86 214.76 214.01 213.99 213.5 212.82 212.4433 211.4545 211.7229 211.02 210.14 207.86 204.29 202.3
-9999 -9999 -9999 -9999 -9999 -9999 -9999 -9999 -9999 -9999 -9999 -9999 -9999 -9999 165.3333 170.7302 174.6531 178.04 180.18 181.09 184.22 186 186.34 186.91 187.78 188.56 189.42 191.32 192.32 193.79 195.73 197.59 198.58 198.08 197.72 196.97 197.21 196.85 197.22 197.58 198.77 199.14 200.41 202.13 203.95 206.12 208.39 209.97 211.76 213.27 214.32 214.75 214.94 215.42 215.79 216.15 216.53 216.79 216.8 216.31 215.46 215.01 214.66 214.57 213.94 213.15 213.5 212.95 213.16 213.26 213.59 211.38 207.64 205.29
-9999 -9999 -9999 -9999 -9999 -9999 -9999 -9999 -9999 -9999 -9999 -9999 -9999 -9999 165.3548 168 172.95 175.06 176.49 179.55 182.71 185.29 187.46 187.41 188.68 189.04 190.3 192.57 193.68 195.24 195.89 197.35 197.71 198.2 197.51 197.55 197.38 197.57 197.69 198.07 198.45 199.4 200.75 201.87 204.12 206.17 208.29 210.17 211.69 213.04 214.2 214.51 215.37 215.95 216.51 216.84 217.15 217.51 217.52 216.06 215.34 214.75 214.5 214.79 214.94 213.32 212.84 213 213.37 213.85 214.58 213.29 210.36 207.7
-9999 -9999 -9999 -9999 -9999 -9999 -9999 -9999 -9999 -9999 -9999 -9999 -9999 -9999 -9999 165.6207 168.7778 175.75 178.77 182.32 183.58 184.89 186.08 187.12 188.62 189.54 191.55 192.89 194.57 195.85 196.42 196.86 197.6 197.78 197.34 197.4 197.29 197.62 197.94 198.15 198.28 199.33 200.9 202.79 204.61 206.35 208.33 210.05 211.66 212.72 213.65 214.39 215.38 215.92 216.41 216.87 217.42 217.44 216.59 215.37 214.58 214.64 215.08 215.48 215.06 214.32 213.26 212.63 212.88 213.25 213.4 212.77 211 209.16
-9999 -9999 -9999 -9999 -9999 -9999 -9999 -9999 -9999 -9999 -9999 -9999 -9999 -9999 -9999 164.4302 169.54 176.09 180.7 183.02 183.36 184.26 186.93 189.75 191.51 192.67 193.58 193.67 194.47 194.97 195.57 196.24 197.35 197.2 197.09 197.16 197.6 197.5 198.13 198.25 199.06 199.71 201.64 203.04 204.55 206.41 208.15 209.71 210.72 211.94 213.11 214.3 215.25 215.99 216.79 217 217.08 216.65 215.94 215.13 213.85 213.7 215.81 215.88 215.03 213.92 213.08 212.33 211.27 211.27 211.92 212.02 210.94 209.74
-9999 -9999 -9999 -9999 -9999 -9999 -9999 -9999 -9999 -9999 -9999 -9999 -9999 -9999 163.125 164.87 168.4 174.6 179.7 183.83 184.44 186.34 187.83 190.33 191.63 193.41 193.37 194.21 194.77 195.03 195.45 195.76 196.62 196.74 196.76 197.07 197.31 197.31 198.12 198.79 199.77 200.73 202.14 203.3 204.78 206.2 207.67 209.26 210.57 211.55 212.66 213.98 214.88 215.68 216.35 216.35 216.59 216.31 215.85 214.58 212.79 212.34 217.16 216.76 214.53 212.84 211.84 211.17 210.74 209.7 210.55 210.82 210.43 210.24
-9999 -9999 -9999 -9999 -9999 -9999 -9999 -9999 -9999 -9999 -9999 -9999 160 161.871 164.6702 169.51 171.78 175.09 180.8 184.01 185.16 186.76 187.78 189.78 191.17 194.03 194.23 194.62 194.92 195.08 194.83 195.1 195.69 195.81 196.02 196.77 196.78 197.39 198 199.36 200.48 201.24 202.6 203.67 204.98 206.22 207.49 208.87 210.03 210.95 212.09 213.23 214.17 215.14 215.85 216.29 216.59 216.47 215.87 214.62 213.36 213.57 215.45 215.61 214.05 212.4 211.09 210.46 209.85 209.41 209.44 209.92 210.07 210.38
-9999 -9999 -9999 -9999 -9999 -9999 -9999 -9999 -9999 -9999 159 160.3833 162.6706 164.16 166.73 169.13 172.48 178.61 182.1 184.86 186.59 188 188.18 190.58 192.69 195.05 194.7 194.98 194.85 194.57 194.01 194.65 195.25 195.65 195.43 196.01 196.41 197.24 198.57 199.94 200.77 202.02 203.64 204.63 205.68 206.58 207.53 208.51 209.23 210.56 211.58 212.88 214.09 214.95 215.9 216.64 217.16 217.36 216.74 215.64 214.64 213.88 213.87 213.77 212.47 211.25 211.1 210.24 210.22 209.76 209.2 209.8 209.95 210.31
-9999 -9999 -9999 -9999 -9999 -9999 161 160.6956 158.6974 158.1039 159.9588 163.35 165.58 167.54 168.56 171.24 175.84 179.35 181.27 184.94 185.42 187.86 190.31 191.92 193.89 195.33 194.95 194.82 194.5 194.46 194.13 193.49 193.65 193.81 194.78 195.81 196.38 197.43 198.91 200.23 201.45 203.05 204.78 205.74 206.67 207.45 207.8 207.98 208.76 209.76 211.03 212.19 213.71 215.17 216.55 218.02 218.01 218.5 217.98 217.17 215.86 214.74 213.83 213.37 212.94 212.53 211.81 211.52 210.93 209.22 208.33 208.79 209.03 209.68
-9999 -9999 -9999 170.2051 168.2692 167.0476 164.5059 163.05 161.37 160.5 162.04 163.71 166.2 168.83 172.98 174.22 175.44 179.53 180.01 183.68 187.44 190.21 192.01 193.65 194.85 195.24 197.14 197.54 196.24 194.46 193.55 192.93 192.66 192.95 193.72 195.5 196.32 197.63 199.43 201.09 202.47 204.37 205.56 206.26 207.05 207.46 207.91 207.95 208.57 209.05 210.35 211.92 213.76 215.73 216.92 218.73 219.22 219.64 219.56 218.86 217.2 216.22 215.42 214.9 214.67 215.28 214.35 213.41 211.42 208.49 206.99 207.62 208.16 209.08
170 172.2222 173.2727 172.1111 170.51 169.49 168.8 166.56 165.38 164.9 166.1 167.46 169.05 172.29 173.24 175.12 176.86 178.2 182 186.4 188.69 190.87 192.9 194.67 196.56 197.93 199.49 198.85 197.12 195.01 194.43 193.1 192.03 192.24 193.4 194.8 196.22 197.84 199.88 201.66 203.43 205.13 206.67 207.48 207.93 208.27 208.15 207.98 207.96 208.57 210.04 211.8 214.16 215.81 217.48 219.23 219.98 220.51 220.89 220.77 218.71 217.34 216.52 215.94 216.1 217.03 217.53 215.79 212.39 208.47 206.72 207.59 208.15 208.9
170.7407 172.881 174.7353 173.8 171.35 169.93 168.3 166.9 166.07 166 166.81 168.25 169.74 171.92 173.62 175.85 178.59 182.82 185.77 189.29 191.04 193.22 195.7 197.37 198.28 199.09 198.89 198.94 197.57 196.48 194.2 193.54 192.3 193.9 194.45 195.06 196.25 198.31 200.65 202.28 203.72 206.04 207.78 208.95 209.3 209.04 208.03 207.65 207.35 207.66 209.1 211.78 214.17 216.66 218.47 219.73 220.48 221.16 221.35 221.28 218.68 216.55 216.1 216.62 217.08 217.8 219.07 217.3 213.4 210.49 208.85 208.77 208.68 209
170 171.4444 173.5098 173.6 171.6 169.98 169.04 168.45 168.31 168.1414 168.1461 169.8375 172.43 174.5 177.34 178.52 181.01 183.8 185.35 187.83 190.63 193.15 196.05 198.45 199.77 201.17 201.03 199.95 196.98 196.06 194.64 194.94 194.76 194.76 194.5625 195.6923 196.97 198.99 200.78 202.48 204.34 206.94 209.27 210.13 210.19 209.49 208.55 206.97 206.14 206.71 208.61 211.6 214.92 217.66 219.38 220.74 221.41 221.27 220.01 217.93 214.85 214.34 214.92 215.63 216.51 217.54 217.98 216.91 214.1 211.66 209.79 209.25 209.09 208.59
170.6667 172.1852 172.6579 172.5417 171.6829 170.34 169.46 169.0857 168.5 -9999 169 171.3333 172.8533 176.3768 178.2198 179.33 182.36 183.61 185.35 188.15 191.47 194.43 195.97 199.06 201.47 202.59 201.79 200.44 197.97 196.54 196.26 196.5 195.6517 194.6866 195.4444 196.77 198.23 199.67 201.11 202.82 205.15 207.84 210.41 211.32 210.64 209.71 208.76 207.01 206.01 205.95 208.6 212.12 215.55 218.34 220.74 222.22 222.75 222.11 219.79 215.97 212.43 213.53 215.38 215.1 215.7 216.64 216.14 215.73 213.85 211.93 210.38 209.92 208.978 208.1268
-9999 -9999 -9999 172 171.65 170.8571 169.9286 168.5 -9999 -9999 -9999 -9999 175.5152 177.2958 179.8706 182.33 182.7288 182.7333 184.3182 188.6 190.34 193.42 195.05 198.28 200.87 201.29 200.78 198.57 197.25 196.98 196.7778 196.1026 196.1225 195.8557 196.68 198.11 199.3 200.25 200.68 202.21 204.34 207.49 209.54 210.36 210.03 209.31 208.44 206.84 206.1 206.63 209.17 212.87 216.41 219.79 222.25 223.9 224.48 223.66 221.47 216.82 213.11 214.22 216.19 215.04 214.63 214.17 214.46 214.24 212.98 211.41 210.22 209.69 209.01 208.38
-9999 -9999 -9999 -9999 -9999 -9999 -9999 -9999 -9999 -9999 -9999 -9999 176.2 178.4545 179 182.6667 182.3333 -9999 183.3846 184.3158 186.09 186.78 189.21 190.71 194.04 196.8 197.0404 196.5441 196.8 196.0769 195.4167 197.1786 197.46 197.58 198.11 199.08 199.81 200.65 200.5 201.85 203.25 206.14 208.39 209.43 209.51 208.77 207.67 206.86 206.53 207.31 210.05 213.58 217.47 221.11 223.88 225.75 226.51 226.72 225.13 218.93 213.2 214.81 217.79 214.87 212.27 211.77 212.16 212.02 211.51 210.5889 209.8356 209.5789 208.6875 208.1961
-9999 -9999 -9999 -9999 -9999 -9999 -9999 -9999 -9999 -9999 -9999 -9999 -9999 -9999 -9999 -9999 -9999 -9999 -9999 182.8 183.5405 184.0842 184.36 185.99 187.86 189.44 192.8333 -9999 -9999 195.4815 196.978 197.93 198.79 198.52 199.55 200.29 200.69 201.15 201.07 202.1 203.43 205.64 207.53 208.99 209.33 208.76 207.56 206.61 205.79 207.24 210.71 214.98 218.63 222.25 226.29 228.09 228.13 228.66 228.19 221.42 214.56 215.31 217.57 215.56 213.14 212.03 211.3 211.32 210.9022 209.55 209.5222 208.8226 208 206.5833
-9999 -9999 -9999 -9999 -9999 -9999 -9999 -9999 -9999 -9999 -9999 -9999 -9999 -9999 -9999 -9999 -9999 -9999 -9999 -9999 -9999 183.1667 182.9333 182.9286 184.7619 186 -9999 -9999 194.931 195.6735 197.8 199.27 200.29 200.22 200.95 201.13 201.48 201.57 202.01 203.19 204.57 206.2 208.39 209.83 209.95 209.26 208.01 206.68 205.6 207.2 210.59 215.22 218.95 223.25 227.89 228.95 228.17 227.8 226.26 221.64 217.44 216.47 216.61 216.28 214.17 212.88 211.94 211.61 210.91 209.43 209.0313 207.8846 206.5795 205.8539
-9999 -9999 -9999 -9999 -9999 -9999 -9999 -9999 -9999 -9999 -9999 -9999 -9999 -9999 -9999 -9999 -9999 -9999 180 -9999 -9999 -9999 -9999 -9999 -9999 -9999 -9999 192 193.8384 195.94 198.82 200.12 201.2 201.62 202.13 202.3 202.31 202.27 203.28 204.32 205.4 207.08 209.9 211.59 211.59 210.2 208.77 207.5 206.92 208.33 211.48 215.2 218.72 222.52 226.06 227.17 226.71 225.85 224.11 220.93 218.62 217.55 216.28 215.49 214.09 213 211.75 210.94 209.75 208.57 208.11 207.2 206.26 204.7
-9999 -9999 -9999 -9999 -9999 -9999 -9999 -9999 171.8 -9999 -9999 -9999 -9999 176.3704 178.303 180.25 182.0494 184.6 186.25 187.4674 187.4557 185.1236 183.9692 183.7419 185.0968 187.4565 189.1833 191.4769 194.2121 196.18 198.83 200.23 201.91 202.29 202.8 203.09 203.01 203.33 204.15 205.1 206.2 208.57 211.49 214.93 213.43 211.05 209.15 208.29 208.26 209.42 211.47 214.52 217.91 220.82 223.49 224.39 224.04 223.39 221.58 219.53 216.9 213.96 212.95 212.42 211.61 210.75 210.06 209.65 208.33 207.58 207.26 206.32 205.24 203.7
-9999 -9999 -9999 -9999 -9999 -9999 -9999 -9999 -9999 -9999 -9999 -9999 -9999 174.942 176.5978 178.88 181.03 184.19 186.84 188.04 188.4 188.42 189.54 188.86 188.41 190.81 191.77 192.55 194.66 196.93 199.4 201.46 202.93 203.51 203.89 203.46 203.26 203.66 204.41 205.28 206.84 209.14 212.08 214.4 213.1 210.71 208.93 208.19 208.33 209.84 212.01 213.88 216.75 218.79 220.69 221.61 221.27 221.06 219.91 217.61 215.76 213.04 212.01 211.76 211.15 210.11 209.85 209.52 208.43 207.55 206.68 205.41 204.25 202.59
-9999 -9999 -9999 -9999 -9999 -9999 -9999 -9999 -9999 170.7143 171.9722 172 172.52 173.6709 175.59 176.88 179.01 181.3 183.03 185.49 187.13 187.77 188.93 190.16 189.43 189.7 191.52 193.48 195.11 197.5 199.96 202.26 204.23 204.27 203.82 203.03 203.19 203.32 204.33 205.11 206.61 208.38 209.91 211.02 210.43 208.95 207.72 207.27 207.55 209.45 211.38 213.27 215.36 216.95 218.17 218.98 219.06 218.72 217.73 215.83 214.27 212.92 211.5 210.77 210.23 210.26 209.64 208.79 207.87 207.1 206 204.64 203.47 201.69
-9999 -9999 -9999 -9999 -9999 -9999 -9999 -9999 -9999 171.68 173.02 173.3 174.21 174.42 175.55 177.9 178.97 180.73 183.05 185.37 187.04 188.36 188.77 190.02 190.32 192.04 193.45 195.19 195.53 197.57 199.73 201.97 203.25 203.5 202.91 202.25 202.21 202.65 203.45 204.05 205.46 206.34 207.12 207.87 207.56 206.53 205.38 204.98 205.96 208.06 210.29 212.23 214.04 215.41 216.25 216.71 216.82 216.16 215.51 214.47 212.77 211.64 210.74 210.07 209.09 209.05 208.94 208.27 207.63 206.73 205.54 204.41 203.1237 201.8889
-9999 -9999 -9999 -9999 -9999 -9999 -9999 -9999 -9999 171.0725 172 172.76 173.61 174.21 175.17 176.7 179.12 180.69 182.24 184.81 186.4 188.32 189.15 190.14 191.7 193.59 194.44 195.61 195.99 197.54 199.12 200.45 201.09 201.44 201.23 201.19 201.35 201.77 201.76 202.47 203.24 204.1 205.03 205.04 204.8 204.41 203.4388 203.1429 204.9367 206.9495 209.0121 210.6778 212.3256 213.6703 214.2323 214.4 214.47 214.14 213.51 212.65 211.9688 211.129 210.44 209.8 208.65 208.57 208.31 207.09 206.9596 206.3256 205.3714 204.4528 203.3333 -9999
-9999 -9999 -9999 -9999 -9999 -9999 -9999 -9999 170.9333 170.253 170.75 171.51 173.18 174.3 175.5 176.92 178.62 180.91 182.14 183.74 185.13 187.32 189.33 191.06 192.01 193.14 194.01 194.01 195.38 196.33 197.56 198.2 199.09 199.17 199.63 199.84 200.03 200.35 200.29 200.96 201.15 201.69 202.15 202.19 202.26 201.9247 201.9452 202.5909 203.6765 206.5417 208.4194 209.2308 210.36 211.7359 211.6629 212.7273 212.7692 212.6522 212.4 211.6 -9999 -9999 209.2 209.04 208.8044 208.5352 208.1075 207.24 206.3 -9999 -9999 -9999 -9999 -9999
-9999 -9999 -9999 -9999 -9999 -9999 171 171.9444 172.9574 172.01 171.09 171.24 172.25 173.27 175.68 180.65 183.63 182.64 182.78 184.58 185.54 187.06 189.1758 191.33 192.0947 192.9412 193.9492 193.1628 194.9286 195.5385 196.48 196.2545 196.9333 197.71 197.79 198.38 198.08 198.32 198.41 198.3243 199.283 200.3571 200.45 200.5 200.4545 199.7059 199.8154 201.1099 202.8163 205.11 206.5147 207 -9999 -9999 210.5 -9999 -9999 -9999 -9999 -9999 -9999 -9999 -9999 -9999 -9999 -9999 -9999 -9999 -9999 -9999 -9999 -9999 -9999 -9999
-9999 -9999 -9999 -9999 172 172.3182 172.4091 173.47 174.36 173.43 171.88 171.25 170.63 172.92 175.57 181.91 185.15 184.22 184.57 184.07 184.22 187.23 187.9552 190.1875 191.0625 -9999 -9999 -9999 -9999 -9999 -9999 -9999 195 195.6046 195.9825 197.5652 197.7143 197.3095 197.4138 197.1392 197.3044 -9999 -9999 -9999 -9999 -9999 199.6667 200.05 200.9176 203 205 -9999 -9999 -9999 -9999 -9999 -9999 -9999 -9999 -9999 -9999 -9999 -9999 -9999 -9999 -9999 -9999 -9999 -9999 -9999 -9999 -9999 -9999 -9999
-9999 -9999 -9999 172.9048 173.3611 172.6531 171.88 172.42 173.21 173.41 173.18 170.69 170.36 169.84 171.77 177.88 182.73 182.82 181 181.44 182.35 184.7917 186.7 -9999 -9999 -9999 -9999 -9999 -9999 -9999 -9999 -9999 -9999 -9999 194.65 -9999 -9999 -9999 -9999 -9999 -9999 -9999 -9999 -9999 -9999 -9999 -9999 -9999 -9999 -9999 -9999 -9999 -9999 -9999 -9999 -9999 -9999 -9999 -9999 -9999 -9999 -9999 -9999 -9999 -9999 -9999 -9999 -9999 -9999 -9999 -9999 -9999 -9999 -9999
