taller 1/variables/bioclim13.asc
ncols         720
nrows         300
xllcorner     -30.008325510658
yllcorner     30.991671412252
cellsize      0.083333337679505
NODATA_value  -9999
[rows 66 to 98 of 300, columns 300 to 374 of 720]
124.46 126.8 123.42 123.22 122.35 124.51 122.62 121.48 119.88 117.375 121.81 127.06 137.7 138.81 120.21 110.02 107.97 105.678 102 -9999 -9999 -9999 -9999 -9999 -9999 -9999 -9999 -9999 -9999 -9999 -9999 -9999 -9999 -9999 -9999 -9999 -9999 -9999 -9999 -9999 -9999 -9999 -9999 -9999 -9999 -9999 -9999 -9999 -9999 -9999 -9999 -9999 -9999 -9999 -9999 -9999 -9999 -9999 -9999 -9999 -9999 -9999 -9999 -9999 -9999 -9999 -9999 -9999 -9999 -9999 -9999 -9999 -9999 -9999 -9999
126.79 129.37 129.8687 122.8214 120.1531 123.6064 121.1857 122.4 117.6207 117.3521 117.7808 117.8 118.29 117.48 117.01 115.52 111.3 107.0139 100.6667 -9999 -9999 -9999 -9999 -9999 -9999 -9999 -9999 -9999 -9999 -9999 -9999 -9999 -9999 -9999 -9999 -9999 -9999 -9999 -9999 -9999 -9999 -9999 -9999 -9999 -9999 -9999 -9999 -9999 -9999 -9999 -9999 -9999 -9999 -9999 -9999 -9999 -9999 -9999 -9999 -9999 -9999 -9999 -9999 -9999 -9999 -9999 -9999 -9999 -9999 -9999 -9999 -9999 -9999 -9999 -9999
126.67 126.09 125.2297 122 -9999 -9999 -9999 -9999 -9999 120.25 119 118.0741 117.5909 114.6119 112.71 112.51 110.5313 -9999 -9999 -9999 -9999 -9999 -9999 -9999 -9999 -9999 -9999 -9999 -9999 -9999 -9999 -9999 -9999 -9999 -9999 -9999 -9999 -9999 -9999 -9999 -9999 -9999 -9999 -9999 -9999 -9999 -9999 -9999 -9999 -9999 -9999 -9999 -9999 -9999 -9999 -9999 -9999 -9999 -9999 -9999 -9999 -9999 -9999 -9999 -9999 -9999 -9999 -9999 -9999 -9999 -9999 -9999 -9999 -9999 -9999
127.7121 128.5 126.75 -9999 -9999 -9999 -9999 -9999 -9999 -9999 -9999 -9999 -9999 112 114.7308 113.6875 112.6667 -9999 -9999 -9999 -9999 -9999 -9999 -9999 -9999 -9999 -9999 -9999 -9999 -9999 -9999 -9999 -9999 -9999 -9999 -9999 -9999 -9999 -9999 -9999 -9999 -9999 -9999 -9999 -9999 -9999 -9999 -9999 -9999 -9999 -9999 -9999 -9999 -9999 -9999 -9999 -9999 -9999 -9999 -9999 -9999 -9999 -9999 -9999 -9999 -9999 -9999 -9999 -9999 -9999 -9999 -9999 -9999 -9999 -9999
129 -9999 -9999 -9999 -9999 -9999 -9999 -9999 -9999 -9999 -9999 -9999 -9999 -9999 -9999 -9999 -9999 -9999 -9999 -9999 -9999 -9999 -9999 -9999 -9999 -9999 -9999 -9999 -9999 -9999 -9999 -9999 -9999 -9999 -9999 -9999 -9999 -9999 -9999 -9999 -9999 -9999 -9999 -9999 -9999 -9999 -9999 -9999 -9999 -9999 -9999 -9999 -9999 -9999 -9999 -9999 -9999 -9999 -9999 -9999 -9999 -9999 -9999 -9999 -9999 -9999 -9999 -9999 -9999 -9999 -9999 -9999 -9999 -9999 -9999
-9999 -9999 -9999 -9999 -9999 -9999 -9999 -9999 -9999 -9999 -9999 -9999 -9999 -9999 -9999 -9999 -9999 -9999 -9999 -9999 -9999 -9999 -9999 -9999 -9999 -9999 -9999 -9999 -9999 -9999 -9999 -9999 -9999 -9999 -9999 -9999 -9999 -9999 -9999 -9999 -9999 -9999 -9999 -9999 -9999 -9999 -9999 -9999 -9999 -9999 -9999 -9999 -9999 -9999 -9999 -9999 -9999 -9999 -9999 -9999 -9999 -9999 -9999 -9999 -9999 -9999 -9999 -9999 -9999 -9999 -9999 -9999 -9999 -9999 -9999
-9999 -9999 -9999 -9999 -9999 -9999 -9999 -9999 -9999 -9999 -9999 -9999 -9999 -9999 -9999 -9999 -9999 -9999 -9999 -9999 -9999 -9999 -9999 -9999 -9999 -9999 -9999 -9999 -9999 -9999 -9999 -9999 -9999 -9999 -9999 -9999 -9999 -9999 -9999 -9999 -9999 -9999 -9999 -9999 -9999 -9999 -9999 -9999 -9999 -9999 -9999 -9999 -9999 -9999 -9999 -9999 -9999 -9999 -9999 -9999 -9999 -9999 -9999 -9999 -9999 -9999 -9999 -9999 -9999 -9999 -9999 78.63636 78.3 78.77273 79.66666
-9999 -9999 -9999 -9999 -9999 -9999 -9999 -9999 -9999 -9999 -9999 -9999 -9999 -9999 -9999 -9999 -9999 -9999 -9999 -9999 -9999 -9999 -9999 -9999 -9999 -9999 -9999 -9999 -9999 -9999 -9999 -9999 -9999 -9999 -9999 -9999 -9999 -9999 -9999 -9999 -9999 -9999 -9999 -9999 -9999 -9999 -9999 -9999 -9999 -9999 -9999 -9999 -9999 -9999 -9999 -9999 -9999 -9999 -9999 -9999 -9999 -9999 -9999 -9999 -9999 -9999 81.46154 80.39535 80.16949 79.90769 79.02273 78.75 79.03 78.77 78.12
-9999 -9999 -9999 -9999 -9999 -9999 -9999 -9999 -9999 -9999 -9999 -9999 -9999 -9999 -9999 -9999 -9999 -9999 -9999 -9999 -9999 -9999 -9999 -9999 -9999 -9999 -9999 -9999 -9999 -9999 -9999 -9999 -9999 -9999 -9999 -9999 -9999 -9999 -9999 -9999 -9999 -9999 -9999 -9999 -9999 -9999 -9999 -9999 -9999 -9999 -9999 -9999 -9999 -9999 -9999 -9999 -9999 -9999 -9999 -9999 -9999 -9999 -9999 -9999 80.65517 81.88235 81.81818 80.76 80.93 80.56 80.26 79.34 79.13 79.17 78.76
-9999 -9999 -9999 -9999 -9999 -9999 -9999 -9999 -9999 -9999 -9999 -9999 -9999 -9999 -9999 -9999 -9999 -9999 -9999 -9999 -9999 -9999 -9999 -9999 -9999 -9999 -9999 -9999 -9999 -9999 -9999 -9999 -9999 106.3333 -9999 -9999 111.5625 114.2576 114.8837 112.3462 111.2 111 112.0244 109.7097 106.3333 105 -9999 -9999 -9999 -9999 -9999 -9999 -9999 -9999 -9999 -9999 -9999 -9999 -9999 -9999 -9999 -9999 82.38983 82.3617 82.2 81.89 81.58 81.08 80.35 80.64 80.66 79.63 79.31 78.74 78.39
-9999 -9999 -9999 -9999 -9999 -9999 -9999 -9999 -9999 -9999 -9999 -9999 -9999 -9999 -9999 -9999 -9999 -9999 -9999 -9999 -9999 -9999 -9999 -9999 -9999 -9999 -9999 -9999 -9999 -9999 -9999 -9999 -9999 -9999 -9999 -9999 -9999 113 115.57 114.8 114.2604 115.13 114.59 111.4 107.046 104.1818 -9999 -9999 -9999 -9999 -9999 -9999 -9999 -9999 -9999 -9999 -9999 -9999 -9999 -9999 -9999 82.03226 82.35 82.27 81.58 81.02 80.97 80.45 79.76 79.27 78.95 78.8 78.82 78.08 77.65
-9999 -9999 -9999 -9999 -9999 -9999 -9999 -9999 -9999 -9999 -9999 -9999 -9999 -9999 -9999 -9999 -9999 -9999 -9999 -9999 -9999 -9999 -9999 -9999 -9999 -9999 -9999 -9999 -9999 102.3571 -9999 -9999 -9999 -9999 -9999 -9999 -9999 110.6071 112.4 112.92 113.44 112.61 110.91 108.67 105.4107 -9999 -9999 -9999 -9999 -9999 -9999 -9999 -9999 -9999 -9999 -9999 -9999 -9999 -9999 -9999 82 81.04494 79.88 80.39 80.45 79.17 78.14 78.84 76.57 76.1 76.23 75.92 76.02 76.47 76.48
-9999 -9999 -9999 -9999 -9999 -9999 -9999 -9999 -9999 -9999 -9999 -9999 -9999 -9999 -9999 -9999 -9999 -9999 -9999 -9999 -9999 -9999 -9999 -9999 -9999 -9999 -9999 101 103.8085 104.7551 103 106.3333 -9999 -9999 -9999 -9999 -9999 107.5 109.2558 110.35 109.99 107.91 106.75 104.93 103.23 100.6604 -9999 -9999 -9999 -9999 -9999 -9999 -9999 -9999 -9999 -9999 -9999 -9999 -9999 -9999 -9999 77.91666 77.48 76.30137 75.97675 75.05264 74.61 74.66 74.5 73.39 72.31 72.7 72.96 73.55 74.48
-9999 -9999 -9999 -9999 -9999 -9999 -9999 -9999 -9999 -9999 -9999 -9999 -9999 -9999 -9999 -9999 -9999 -9999 -9999 -9999 -9999 -9999 -9999 -9999 -9999 -9999 -9999 -9999 -9999 -9999 -9999 -9999 -9999 -9999 -9999 -9999 -9999 -9999 108.0741 106.9524 106.6 105.56 104.19 102.59 101.06 99.23404 96.40476 95.56626 93.85394 92.70968 90.62162 88.43333 86.48 83.92857 82.28571 81 -9999 -9999 -9999 -9999 77.78947 78.91358 79.76 78.4 77.95 76 75.51 75.61 75.45 74.78 73.41 71.4 71.08 70.14 72.39
-9999 -9999 -9999 -9999 -9999 -9999 -9999 -9999 -9999 -9999 -9999 -9999 -9999 -9999 -9999 -9999 -9999 -9999 -9999 -9999 -9999 -9999 -9999 -9999 -9999 -9999 -9999 -9999 -9999 -9999 -9999 -9999 -9999 106.1579 108.2727 105 -9999 -9999 -9999 103.9 103.3626 103.92 103.27 100.34 98.98 97.25 95.67 94.45 92.51 91.05 89.73 87.82 85.94 84 82.42 81.28283 79.78571 78.74468 77.67188 79.59303 79.34 77.64 76.75 77.22 77.25 77.12 76.02 74.44 73.52 73.51 72.79 71.81 68.38 68.39 66.46
-9999 -9999 -9999 -9999 -9999 -9999 -9999 -9999 -9999 -9999 -9999 -9999 -9999 -9999 -9999 -9999 -9999 -9999 -9999 -9999 -9999 -9999 -9999 -9999 -9999 -9999 -9999 -9999 -9999 -9999 -9999 -9999 -9999 106.1569 108.9322 107.7797 -9999 -9999 -9999 -9999 100.4444 100.1237 99.73 98.5 96.82 95.48 94.73 93.4 92.93 92.31 90.32 87.7 85.75 83.87 81.54 80.33 78.85 78.41 76.9 77.03 78.3 78.92 76.72 77.27 76.91 76.44 75.9 74.36 72.16 71.99 71.49 70.69 69.62 67.96 65.48
-9999 -9999 -9999 -9999 -9999 -9999 -9999 -9999 -9999 -9999 -9999 -9999 -9999 -9999 -9999 -9999 -9999 -9999 -9999 -9999 -9999 -9999 -9999 -9999 -9999 -9999 -9999 -9999 -9999 -9999 -9999 -9999 -9999 -9999 -9999 -9999 -9999 -9999 -9999 -9999 97.27273 98.17347 99.04 99.24 97.06 95.92 94.16 94.14 94.13 91.59 91.03 88.32 86.4 84.07 81.49 79.34 79.15 77.5 77.01 75.55 76.2 78.09 76.51 75.9 76.09 76.05 74.81 73.24 71.37 70.92 69.92 68.68 67.44 65.21 63.79
-9999 -9999 -9999 -9999 -9999 -9999 -9999 -9999 -9999 -9999 -9999 -9999 -9999 -9999 -9999 -9999 -9999 -9999 -9999 -9999 -9999 -9999 -9999 -9999 -9999 -9999 -9999 -9999 -9999 -9999 -9999 -9999 -9999 -9999 -9999 -9999 -9999 -9999 -9999 -9999 95.4 95.84524 96.39 96.66 96.37 95.56 94.08 91.7 91.94 91.86 91.71 90.08 87.03 85.98 81.96 81.89 80.56 78.67 77.11 75.53 75.6 75.96 77.12 76.06 75.4 75.2 73.91 72.67 71.39 69.83 68.89 67.4 65.75 63.86 62.43
-9999 -9999 -9999 -9999 -9999 -9999 -9999 -9999 -9999 -9999 -9999 -9999 -9999 -9999 -9999 -9999 -9999 -9999 -9999 -9999 -9999 -9999 -9999 -9999 -9999 -9999 -9999 -9999 -9999 -9999 -9999 -9999 -9999 -9999 -9999 -9999 -9999 -9999 -9999 -9999 -9999 92.66666 93.23 93.91 94.27 94.42 94.22 91.2 91.4 90.08 90.29 90.77 89.33 85.88 82.29 84.23 82.21 80.36 77.33 75.54 76.28 77.23 76.51 76.47 76.15 74.87 73.8 72.52 71.16 69.79 68.33 66.73 64.87 63.6 62.21
-9999 -9999 -9999 -9999 -9999 -9999 -9999 -9999 -9999 -9999 -9999 -9999 -9999 -9999 -9999 -9999 -9999 110.5 109.8 106 105.8333 104.8158 102.9792 99 99 -9999 -9999 -9999 -9999 -9999 -9999 -9999 -9999 -9999 -9999 -9999 -9999 -9999 90 -9999 89 90.8046 92.35 92.54 93.76 93.24 92.99 91.55 89.97 88.59 89.25 88.43 85.84 84.17 83.03 81.86 82.14 80.89 78.72 76.07 75.94 77.18 76.36 76.61 76.95 75.37 74.33 72.76 70.88 69.62 68.25 66.61 64.78 63.45 62.17
-9999 -9999 -9999 -9999 -9999 -9999 -9999 -9999 -9999 -9999 -9999 125.1667 125 -9999 -9999 -9999 -9999 113.7887 112.5851 110.5778 107.99 105.34 104.02 101.9767 100.6522 -9999 -9999 -9999 -9999 -9999 -9999 -9999 -9999 -9999 -9999 -9999 -9999 -9999 -9999 -9999 -9999 89.12658 90.7 91.36 91.93 92.1 92.39 94.56 93.66 91.41 91.15 87.78 85.79 85.61 84.69 83.24 81.99 80.85 80.2 78.55 76.88 75.4 76.3 76.52 77.25 76.24 74.88 72.75 70.82 69.25 67.54 66 64.72 63.35 61.97
-9999 -9999 -9999 -9999 -9999 -9999 -9999 133.75 133.5 130.5882 129.4783 127.2632 126.0789 122.1875 122.5469 121.48 116.5313 115.9524 113.6 110.89 108.54 106.84 104.55 102.79 101.2826 99.06896 -9999 -9999 -9999 -9999 -9999 89.25 90.69231 -9999 -9999 -9999 84.82353 85.11905 -9999 -9999 -9999 88 87.07792 86.78125 87.6 88.36 88.57 88.76 90.52 91.3 90.57 88.79 87.55 85.43 84.94 83.48 82.82 80.89 78.78 77.46 76.68 75.98 75.31 75.31 76.14 75.19 73.88 72.38 70.56 68.95 67.49 66.02 64.73 63.83 62.72
-9999 -9999 -9999 -9999 137.7778 138.2143 138.8056 136.9 134.9886 134.5729 133.57 130.39 127.82 125.908 124.2 123.24 120.66 119.4 117.06 113.87 112.25 109.04 105.74 103.07 101.5 99.45 97.38461 -9999 -9999 92.48 92.475 91.18085 89.23077 87.55173 85.10938 84.25641 83.63 82.70454 81.11111 81.93023 83.47541 83.54054 84.05334 84.83871 84.98 86.59 86.7 86.14 86.22 87.06 86.42 84.8 85.04 85.01 85.44 83.85 82.95 82.45 80.25 80.61 78.31 75.69 74.88 73.93 73.36 72.58 72.7 72.86 70.9 69.65 68.91 67.52 65.63 64.08 63.3
-9999 -9999 139.125 140.2353 140.8384 140.12 140.35 139.91 138.9 137.62 135.53 133.87 131.67 129.41 127.26 126.84 126.24 124.92 120.48 117.65 117.87 113.44 107.94 107.85 104.4 102.71 99.77551 96.17647 94.08064 94.7 93.91 91.16 88.92 86.41 85.79 84.27 81.66 81.04 80.64 82.01 83.73 83.41 83.49 84.97 86.53 86.93 86.89 85.75 86.71 85.91 85.35 83.37 83.06 82.08 81.7 81.23 81.53 82.57 82.53 81.55 81.13 77.49 73.78 72.36 71.75 71.3 71.59 70.46 69.8 68.79 68.42 67.67 66.49 65.59 64.72
-9999 -9999 140.4615 142.24 142.47 142.44 141.88 141.3125 139.433 139.26 138.2 136.22 135.58 137.31 134.75 130.69 128.56 127.11 125.18 122.31 120.56 118.05 112.08 111.3 109.36 105.23 102.29 99.08 94.68 93.68 92.63 91.41 89.04 87.47 86.5 83.93 82.09 81.52 80.82 82.61 83.8 83.82 83.26 85.13 86.29 86.41 86.3 86.18 86.59 86.08 84.79 83.45 81.71 81.56 82.65 80.83 80.82 81.93 81.84 78.22 75.58 74.62 73.66 73.52 71.28 70.93 69.93 68.79 68.37 67.58 66.83 67.04 66.73 65.49 63.8
140 -9999 140.5294 142 142.5405 141.2787 139.7143 139.3425 138.5517 137.52 138.03 140.9 141.71 139.43 135.51 129.22 125.76 124.11 120.53 121.96 121.69 118.76 116.2 113.74 111 108.59 106.07 103.23 99.3 97.6 94.31 90.67 88.08 87.19 85.61 81.76 80.34 79.45 79.34 80.88 82 82.24 82.94 83.71 84.43 84.54 84.88 85.98 85.21 85.37 84.07 82.85 81.17 81.4 83.98 82.37 81.38 81.37 79.12 76.61 76.02 74.27 74.58 73.06 70.86 69.36 69.93 69.13 67.76 66.66 66.04 66.86 67.42 66.18 64.21
-9999 -9999 -9999 -9999 139.9231 139.8689 140.1967 139.3061 138.5069 136.8913 137.05 137.63 134.94 134.1 131.58 127.31 125.16 122.71 121.96 121.68 120.36 115.81 113.05 112.79 111.61 107.62 106.83 103.26 101.57 102.29 97.98 93.66 89.95 87.57 85.06 83.38 83 81.49 79.5 80.15 81.06 81.99 82.11 82.22 82.29 82.49 83.07 83.71 82.97 82.32 82.96 81.4 80.44 80.3 80.72 81.84 82.43 80.26 77.81 75.69 73.56 71.89 71.07 70.34 68.7 68.02 68.72 67.86 66.69 66.69 66.82 67.99 67 65.32 63.62
-9999 -9999 -9999 -9999 -9999 140.4474 138.5 140.1333 140.6081 140.69 138.74 135.61 133.94 131.68 130.09 127.92 128.41 126.38 126.2 122.91 119.99 117 115.48 111.98 107.92 105.9 103.94 103.71 99.85 99.58 97.91 93.57 90.39 88.06 85.49 83.27 81.35 80.03 77.9 78.37 78.49 80.51 81.09 81.64 82.15 82.14 82.55 82.43 82.98 81.44 80.42 79.69 80.21 79.5 79.07 80.71 82.43 80.73 79.64 77.19 73.96 71.72 70.14 69.16 68.47 68.75 68.96 67.32 66.82 67.6 67.99 67.48 65.89 64.88 63.75
-9999 -9999 -9999 -9999 139 140.2 140.6071 140.4 138.0926 140.66 139.97 139.19 138.87 135.83 134.58 132.51 128.2 126.55 124.81 123.75 121.29 118.23 115.52 109.86 105.81 105.32 102.45 100.89 98.93 96.89 95.13 91.57 89.43 87.07 84.99 82.86 81.02 77.53 75.66 75.11 76.61 78.21 79.43 80.59 80.66 80.77 81.25 81.87 81.29 80.69 78.98 78.71 78.7 78.67 78.71 78.86 80.47 80.01 78 76.04 74.97 72.42 70.08 69.32 68.53 68.3 67.57 66.52 66.94 67.25 68.31 67.24 65.89 64.9 64.04
-9999 -9999 -9999 141.8182 141.7188 141.9873 141.7551 141.65 142.05 142.22 139.33 137.91 136.59 135.58 135.53 132.61 130 125.32 122.09 120.78 118.27 115.82 113.42 111.98 106.48 105.29 103.27 100.42 97.82 96.07 93.31 91.27 90.29 91.49 88.79 85.52 82.16 78.92 75.8 74.39 75.8 77.47 78.59 79.45 80.01 80.24 80.03 80.94 79.89 79.3 78.19 77.31 77.22 77.66 77.89 77.96 78.92 79.58 77.78 75.48 74.14 72.21 70.39 69.32 68.06 67.92 67.66 67.44 68.39 66.99 66.88 66.82 66.45 65.32 63.91
-9999 -9999 -9999 -9999 -9999 -9999 140.3333 140 141.04 140.62 137.7667 135.5102 135.4 134.55 132.26 129.74 126.54 124.25 121.41 119.09 118.61 116.38 112.81 108.95 108.05 104.88 103.52 101.81 99.08 96.02 93.24 91.56 90.67 90.4 86.83 85.18 82.93 80.36 78.39 77.49 78.11 78.47 78.83 79.02 79.22 79.24 78.9 78.57 78.12 77.75 77.34 76.35 76.92 76.54 76.26 76.56 77.12 77.3 76.35 74.51 73.07 70.87 69.51 68.89 68.88 68.48 68.8 68.67 67.91 66.94 66.24 67.21 66.6 66.23 64.26
-9999 -9999 -9999 -9999 -9999 -9999 -9999 138.1333 138.83 137.4255 135.9259 134.6618 132.375 130.9398 129.71 127.4646 125.22 122.48 119.81 117.8 116.33 113.67 112.05 110.12 107.82 106.69 104.7 102.52 101.42 99.55 94.48 92.63 91.17 89.29 86.75 84.18 82.23 81.34 79.5 79.18 78.64 79.02 79.1 79.88 79.98 79.88 78.96 77.8 76.72 76.43 76.22 75.35 75.3 75.81 75.39 74.76 75.33 74.96 74.31 73.35 71.84 70.67 69.26 69.5 70.12 68.93 68.64 67.95 67.36 66.23 66.83 66.17 65.92 64.96 64.44
-9999 -9999 -9999 -9999 -9999 -9999 -9999 138 137.6136 136.675 135.4 -9999 -9999 128.7857 127.9348 125.6341 124 121.9733 119.52 116.7813 114.5914 112.86 110.55 109.88 107.96 107.1 104.85 102.99 100.31 98.19 95.89 92.84 90.58 89.32 86.67 85.25 84.34 82.81 80.62 80.57 80.35 79.9 79.86 80.26 80.22 79.39 78.78 77.99 76.4 75.39 75.15 74.16 73.65 73.95 73.67 73.23 73.54 73.79 73.57 72.8 72.31 71.07 69.64 69.43 70.36 69.18 67.47 67.11 66.02 66.07 65.84 65.52 65.48 65.06 64.77
