taller 1/variables/bioclim8.asc
ncols         720
nrows         300
xllcorner     -30.008325510658
yllcorner     30.991671412252
cellsize      0.083333337679505
NODATA_value  -9999
[rows 132 to 164 of 300, columns 600 to 674 of 720]
191.57 192.81 193.48 194.73 197 198.47 199.12 198.28 196.74 194.11 191.45 189.15 187.52 185.96 185.53 188.44 187.02 185.58 184.51 183.3 179.68 161.91 145.17 164.02 171.17 171.85 159.63 169.41 174.68 155.5 146.91 163.25 168.24 170.31 178.62 183.27 186.28 188.52 188.25 185.4 183.77 182.44 186.03 179.05 179.89 178.49 179.16 176.86 179.56 181.08 185.36 186.54 178.96 173.93 170.63 171.15 173.44 177.09 177.72 176.24 172.83 173.35 173.39 175.89 177.19 179.49 181.22 181.39 182.07 183.86 185.05 187.02 189.15 189.49 189.8
192.01 192.93 193.23 194.56 197.15 199.96 199.96 199.17 197.62 195.44 193.32 191.68 189.12 187.12 187.75 188.56 188.44 184.53 180.59 177.21 173.28 166.66 168.05 174.92 171.54 158.84 140.94 149.03 171.96 154.5 165 165.66 167.33 177.32 183.15 182.82 181.94 184.36 188.14 189.44 186.17 183.32 186.84 181.58 182.44 180.26 182.19 180.68 182.36 180.66 184.09 188.65 180.73 176.73 175.71 176.39 176.77 176.88 181.54 179.89 178.51 178.97 178.68 179.83 181.27 183.51 184.52 185.63 185.25 186.74 188.56 190.19 191.9 193.27 193.67
192 192.58 193.32 194.56 197.67 198.71 195.25 198.09 197.73 195.7 194.36 193 191.77 190.81 189.92 188.96 185.11 182.32 184.52 176.31 165.24 163.24 167.35 161.62 156.74 152.31 146.11 155.21 174.58 172.3 171.2 171.03 174.37 181.49 183.53 186.4 184.23 184.95 186.05 188.93 187.76 186.91 188.84 184.51 183.41 181.99 185.3 184.74 184.28 184.26 185.49 190.69 184.02 180.23 180.21 180.23 180.68 180.02 181.34 183.23 184.75 184.73 184.37 184.8 184.83 185.65 186.92 187.83 189.09 190.07 191.07 192.01 192.98 194.04 194.79
191.9 192.85 194.35 195.36 194.29 194.37 192.77 193.63 195.29 195.87 194.5 193.14 191.65 190.45 189.43 187.49 184.28 183.58 186.07 188.09 177.09 174.83 180.96 173.17 170.34 160.88 164.74 171.21 185.98 182.09 179.78 184.49 187.09 181.62 182.89 184.31 187.06 187.08 186.51 189.07 192.4 189.69 190.63 187.81 186.32 184.84 185.92 187.75 185.1 185.73 187.91 192.14 186.3 183.8 183.33 183.73 183.81 184.4 184.31 184.84 185.65 186.56 187.61 188.26 188.77 188.9 189.41 189.99 190.72 191.44 192.26 193.28 193.77 194.15 194.94
191.4 192.38 193.23 191.69 190.9 188.16 188.29 190.45 189.92 189.61 188.77 189.7 190.68 190 188.16 187.79 182.63 182.89 184.03 180.87 171.29 173.61 175.03 177.9 173.76 158.84 165.3 176.03 171.71 174.12 187.5 192.09 193.47 185.33 181.66 183.31 185.53 187.54 189.56 189.7 190.31 194.41 193.01 187.97 190.79 187.65 187.68 190.78 187.52 188.2 189.31 193.97 189.72 186.46 186.35 186.72 187.1 187.5 187.12 187.19 187.39 188.21 188.58 189.34 190.1 190.61 191.19 191.67 192.09 192.82 193.33 194.26 194.94 195.5 195.45
189.79 191.66 193.03 192.39 192.33 189.68 186.17 189.1 186.71 185.51 186.99 187.66 189.48 189.35 186.19 186.11 184.28 181.02 180.82 178.14 172.69 172.35 167.01 165.08 179.87 170.55 179.53 171.23 175.24 183.65 192.5 193.77 193.89 190.27 184.21 182.74 183.57 184.17 186.3 187.9 190.54 193.08 195.64 190.98 192.29 190.36 190.4 190.53 192.15 190.24 191.75 195.29 191.63 189.22 189.29 189.02 189.96 189.68 189.19 189.49 189.74 189.48 190.18 190.64 191.07 191.71 192.22 192.67 193.31 193.67 194.35 194.72 195.26 196 196.1
189.56 189.8 191.4 192.73 191.43 189.24 185.43 186.25 187.41 185.4 185.63 184.73 186.02 188.35 186.04 183.92 183.07 179.4 175.95 173.61 179.06 173.62 169.67 162.89 166.7 180.47 178.38 173.96 179.05 190.39 192.08 191.67 192.61 192.95 191.07 185.67 186.78 183.74 185.1 187.16 189.61 191.91 194.39 196.64 195.81 194.44 192.19 193.19 193.38 193.68 193.12 196.67 193.67 191.91 190.91 191.28 192.06 191.83 191.02 190.82 191.18 191.62 191.37 191.71 192.39 192.91 193.25 193.45 193.86 194.77 194.7 195.09 195.54 196.23 196.44
183.2 188.84 189.87 186.65 186.01 185.72 184.75 186.92 188.44 187.5 187.01 186 184.91 187.62 186.08 181.93 181.92 182.2 172.58 161.62 163.34 164.07 165.46 167.42 171.07 173.57 176.73 173.37 183.5 186.5 193.99 193.46 193.57 193.99 192.31 189.98 187.99 185.95 187 187.9 190.21 192.06 194.57 195.93 199.33 198.24 194.29 194.07 194.55 196.32 194.96 197.02 196.42 193.94 192.96 192.81 193.12 193.65 192.69 192.59 192.59 192.92 193.2 192.91 193.34 193.67 193.91 194.64 194.83 195.05 195.62 195.98 195.94 196.05 196.29
186.08 185.95 186.83 187.93 182.89 179.6 175.56 180.76 184.81 184.94 185.24 182.25 182.71 186.85 185.92 180.75 180.08 181.22 171.46 168.61 168.05 162.17 157.64 163.29 165.17 177.56 167.81 175.82 181.84 183.77 192.87 195.29 194.27 192.84 193.21 194.22 191.98 188.63 189.09 190.21 191.42 193.43 194.63 195.11 196.15 200.27 197.45 195.35 196.09 196.02 197.57 198.3 198.9 196.18 194.8 193.74 194.45 195.08 194.51 194.51 194.3 194.24 194.57 194.27 194.17 194.58 194.79 194.74 195.22 195.43 195.76 195.87 196.38 196.47 196.74
176.46 176.5 180.7 182.57 179.82 173.99 172.29 177.34 180.85 181.32 180.92 181.29 183.48 185.94 183.8 183.17 178.55 168.98 167.56 167.89 165.76 168.3 159.05 155.76 161.79 162.42 162.45 170.28 180.26 184.49 192.35 195.51 195.85 195.59 195.89 195.64 194.98 194.66 194 193.47 193.93 195.11 196.13 197.14 196.74 198.8 201.22 197.16 196.16 196.94 197.05 197.98 199.38 199.47 196.47 195.29 195.14 195.36 195.65 195.73 195.8 195.56 195.79 196.01 195.58 195.57 195.44 195.67 195.63 195.99 196.18 196.65 196.62 196.82 196.86
151 161.19 159.3 166.45 174.75 172.09 155.99 164.24 170.5 176.56 179.55 181.75 182.42 183.79 182.26 179.62 180.91 175.33 170.62 158.06 140.3 143.94 146.68 155.25 165.75 169.1 172.15 173.86 181.43 186.32 188.37 192.85 193.01 192.12 195.71 198.28 197.76 197.89 198.36 198.12 197.28 198.59 199.05 199.94 198.86 197.91 201.42 200.19 197.81 197.48 197.41 197.47 198.72 200.03 199.95 197.52 196.15 196.07 196.03 196.53 197.17 196.56 196.9 196.71 196.8 196.15 196.12 196.16 196.2 196.26 196.26 195.99 195.34 194.9 195.13
159.85 162.14 170.06 166.32 173.27 174.32 166.99 170.85 174.94 173.99 180.52 181.8 174.06 172.71 181.04 184.98 180.78 176.18 167.35 157.27 148.86 141.55 148.16 162.99 172.72 176.21 178.78 181.52 184.22 182.68 184.75 186.37 190.91 195.41 197.77 198.76 199.51 198.69 199.34 200.33 200.84 201.69 201.91 202.48 201.67 200.54 201.74 202.14 199.41 198.83 198.45 198.31 198.67 199.98 200.6 200.63 197.49 197.05 196.78 197.02 197.3 197.89 198.14 197.7 198.02 197.14 196.47 196.14 196.02 195.65 195.39 195.48 196.45 198.17 198.87
167.97 161.27 170.03 177.91 178.7 174.54 165.43 173.05 178.76 177.85 175.41 172.2 170.33 175.49 182.03 182.86 184.09 179.76 168.13 159.01 146.88 147.28 154.28 169.23 181.3 182.41 180.1 187.45 183.64 180.03 183.71 184.79 189.18 195.84 198.82 199.09 199.47 197.82 190.2 191.26 202 202.76 203.44 203.62 202.48 202.38 203.32 202.27 199.98 199.64 199.67 199.82 199.75 200.78 200.94 201.09 198.81 197.48 197.98 197.79 197.37 197.15 196.91 197.73 198.32 198.12 196.41 196 195.86 195.43 196.46 198.25 199.34 198.84 197.91
174.12 174.04 170.62 172.29 180.63 183.71 182.12 177.97 171.02 178.88 163.08 161.47 169.11 178.79 178.31 173.33 185.09 181.52 177.54 167.84 155.57 157.92 170.92 179.41 176.02 176.77 182.74 187.67 178.32 180.94 184.12 185.28 187.35 190.94 198.23 199.38 186.43 170.31 168.2 170.12 188.66 201.17 204.34 204.59 204.84 203.7 204.63 203.25 201.22 200.58 200.4 200.79 201.66 202.13 201.53 201.68 201.26 198.78 198.01 197.45 198.42 199.13 197.63 197.44 197.87 198.71 196.86 196.91 197.16 198.41 199.33 198.91 196.77 194.63 194.61
171.32 176.07 172.72 172.93 163.42 177.33 183.88 183.71 173.88 178.36 171.82 158.33 167.88 175.94 172.94 176.02 186.17 182.97 179.6 170.76 161.73 166.52 158.2 165.14 169.5 174.37 177.51 183.81 173.08 176.93 181.9 184.3 187.63 188.02 191.99 188.59 173.3 169.06 167.98 187.86 193.79 201.02 200.26 201.79 203.68 205.07 205.39 205.29 204.22 203.98 203.46 203.62 203.84 203.47 203.16 202.58 202.42 202.28 200.64 199.32 199.32 199.16 198.94 197.26 197.46 198.37 198.52 198.53 199.72 200.43 199 195.14 191.63 192.11 190.63
161.44 172.4 165.26 167.36 164.15 165.78 177.82 181.87 182.36 183.42 181.36 166.67 172.84 177.79 177.76 182.32 186.25 183.57 178.88 170.8 164.51 172.97 166.58 162.78 156.81 161.27 163.62 184.5 166.75 160.32 173.85 181.35 182.49 185.61 188.37 189.03 173.85 169.41 179.89 178.89 183.89 199.37 197.7 198.42 200.54 203.44 201.96 198.09 201.99 204.07 203.12 202.46 201.97 203.36 203.49 204.07 203.48 200.55 199.85 198.63 201.97 202 201.93 200.76 199.57 200.16 200.65 200.4 199.97 197.65 193.1 193.06 191.51 189.83 188.78
145.56 161.59 163.9 157.37 140.88 141.18 164.05 154.51 166.49 164.65 177.6 180.55 183.26 185.9 184.2 183.97 183.88 179.75 183.47 184.58 178.05 168.93 158.22 154.98 159.91 166.28 177.36 182.12 164.9 155.88 160.02 170.18 172.39 183.87 187.24 188.59 186.41 191.61 188.69 188.59 189.91 197.23 198.65 200.21 201.67 202.54 201.68 198.14 198.22 197.81 198.62 200.08 202.13 197.59 196.91 201.52 201.46 196.72 198.94 192.07 197.58 200.13 201.81 198.61 198.12 198.9 200.38 196.8 191.74 190.45 189.86 190.09 190.09 188.51 186.35
135.38 149.44 155.63 147.86 139.35 141.82 145.05 161.64 146.9 136.57 148.25 158.34 170.63 181.5 184.61 184.78 184.89 181.77 183.06 186.1 187.22 179.72 166.55 158.21 156.23 163.9 174.85 177.39 166.01 149.1 148.02 158.57 171.3 175.3 174.17 181.2 187.93 187.75 184.45 194.07 193.56 198.9 200.74 199.25 199.3 200.38 200.37 198.14 199.07 199.68 201.42 201.31 197.28 197.91 200.49 199.97 195.63 195.39 197.26 199.96 196.43 195.39 197.49 193.38 194.61 197.92 196.11 197.75 195.58 187.5 186.64 190.17 187.52 185.94 183.94
128.58 142.55 147.51 129.55 142.33 129.75 153.06 167.4 157.29 131.74 137.44 158.56 170.82 180.02 181.73 178.67 166.05 160.02 175.53 181.14 185.32 188.47 178.66 168.75 169.79 172.67 163.8 163.45 167 161.76 139.75 125.63 140.73 146.8 157.78 171.14 179.18 185.12 191.86 191.22 194.49 195.07 196.97 196.36 196.36 197.38 198.54 199.2 198.6 199.01 203.03 199.58 197.61 200.09 201.55 196.62 192.31 193.07 196.67 200.45 200.24 198.5 196.69 197.12 196.43 197.38 196.76 195.34 198.19 190.02 188.48 185.87 180.9 181.42 182.64
134.99 133.06 130.44 120.04 131.65 130.45 156.09 170.02 152.75 133.72 125.84 151.13 165.76 175.56 172.58 164.92 156.49 145.25 157.85 164.7 175.2 169.29 169.94 168.75 171.63 162.84 159.79 155.29 158.51 162.14 151.15 122.53 117.61 113.93 153.62 166.69 177.16 187.98 190.6 192.05 192.46 197.14 193.88 193 193.94 193.89 195.77 196.49 198.28 202.23 200.96 196.55 198.79 200.79 196.53 192.56 189.85 190.32 195.62 197.53 198.94 200.41 198.43 195.53 196.95 195.41 195.18 196.84 192.18 185.46 187.08 183.6 179.12 180.89 185.98
106.45 129.61 130.57 126.88 116.66 140.53 158.16 165.06 156.59 115.18 123.53 145.39 157.2 155.06 166.26 176.96 179.06 178.39 178.01 179.02 181.11 160.41 161.77 167.17 165.54 170.59 173 158.75 157.51 163.51 161.6 151.92 128.34 112.21 131.72 163.67 167.75 177.81 184.41 187.81 190.24 187.44 192.45 186.78 191.4 191.71 187.4 190.93 197.18 198.9 195.95 193.65 196.89 192.73 189.63 188.46 186.35 191.04 195.11 198.27 199.29 196.83 196.1 196 193.64 193.74 192.05 196.29 193.99 185.62 187.58 185.23 186.46 181.26 181.23
72.04 83.01 112.41 101.4 115.85 104.01 108.29 150.32 152.93 152.17 139.62 143.91 150.54 158.21 169.23 174.82 179.18 178.56 168.71 169.52 162.92 157.68 162.02 163.28 169 157.79 148.93 157.83 164.29 166.29 171.62 158.03 144.26 142.23 128.4 118.33 113.43 150.6 171.54 178.02 172.82 158.62 170.77 182.84 184.83 181.68 185.57 191.6 194.92 193.5 196.91 193.67 193.24 189.79 188.11 184.67 192.73 196.49 189.81 182.03 179.81 182.61 190.64 194.33 196.47 196.81 198.42 198.35 198.39 195.73 193.12 194.51 186.56 179.24 164.45
35.5 34.14 42.14 49.34 60.65 50.65 55.01 127.57 138.3 141.98 146.91 123.34 134.11 142.33 161.69 170.96 168.99 168.64 160.29 165.52 160.25 156.16 156.99 158.16 159.95 167.35 150.08 132.97 158.47 161.26 169.32 174.71 157.11 145.89 146.42 140.65 122.62 119.15 115.7 130.95 152.94 150.65 155.31 175.81 187.99 190.72 192.3 191.61 188.04 191.81 191.13 193.55 189.14 186.48 184.14 181.46 189.51 185.41 181.17 179.8 182.1 186.01 186.33 183.13 186.12 189.54 190.64 189.99 191.93 196.44 194.39 192.05 172.9 153.4 140.42
24.9 27.52 29.32 33.22 37.06 41.51 48.74 95.74 104.95 97.26 128.44 133.77 124.33 150.93 158.72 162.65 162.16 148.16 157.59 160.02 153.62 155.31 154.62 158.57 155.11 165.2 165.93 165.81 161.28 162.99 144.44 158.16 166.47 161.69 160.25 158.04 146.63 139.2 137.41 133.05 158.34 151.66 148.24 163.97 175.27 182.81 185.05 174.95 173.68 181.3 183.13 183.21 184.15 185.01 176.42 174.23 182.92 174.99 176.82 177.25 188.59 188.09 181.38 178.72 182.46 184.24 187.34 191.92 188.32 193.02 191.79 165.88 143.95 142.69 135.32
25.92 15.06 30.11 38.69 38.49 36.62 35.31 42.81 55.88 50.94 82.36 115.43 118.74 132.65 139.87 145.15 154.59 148.58 155.44 153 151.38 154.71 156.32 156.64 156.09 156.86 155.57 157.28 157.06 147.28 145.19 151.59 151.49 161.29 158.21 156.23 155.28 152.38 153.6 153.25 160.4 143.07 133.76 156.33 185.96 186.73 179.98 176.31 184.03 171.73 169.67 160.96 163.55 163.79 169.39 175.78 180.83 177.06 179.95 183.44 188.32 189.98 183.32 175.97 176.87 180.37 177.11 183.44 179.54 176 158.75 143.49 136.16 136.69 138.94
30.14 30.38 30.56 19.53 1.9 -8.3 -12.55 22.49 42.49 50.97 56.07 65.16 85.31 125.52 138.56 132.25 139.71 144.09 142.26 146.69 151.82 149.24 154.8 155.38 156.63 159.72 145.72 132.05 135.2 138.4 134.15 141.07 149.58 152.47 159.98 162.06 165.24 168.25 163.62 157.6 163.77 155.28 153.15 145.45 152.49 174.52 154.99 167.24 170.67 158.89 162.77 152.44 158.84 140.43 147.45 162.86 170.28 169.19 168.77 165.47 168.51 174.01 170.1 176.95 172.28 168.84 170.85 174.68 166.54 143.28 135.33 135.37 129.13 133.31 131.72
-15.7 -7.41 -16.24 -10.64 19.75 38.59 51.41 56.07 49.72 50.85 51.21 54.73 56.34 58.71 103.11 127.25 125.45 128.51 135.25 139.58 145.56 146.12 150.32 139.05 152.99 157.19 141.64 124.31 121.1 146.24 151.29 153.06 145.03 148.47 152.06 152.71 160.69 167.37 174.08 176.63 177.31 171.76 160.75 149.27 143.45 151.13 139.32 140.03 139.33 126.49 122.68 109.12 112.75 123 132.24 130.93 134.02 142.33 141.06 147.34 138.18 141.47 141.11 151.6 155.45 144.15 152.38 150.8 134.13 117.51 116.67 106.52 111.99 122.28 120.68
-14.68 -6.57 -6.53 34.68 63.4 65.53 63.96 59.64 56.3 53.02 52.6 49.59 57.48 56.59 53.8 99.58 117.74 126.09 122.94 123.09 129.06 135.64 142.15 149.15 150.81 149.57 151.18 127.63 128 110.97 135.98 139.02 142.27 151.8 160.77 159.58 156.52 157.67 166.93 174.82 177.38 178.28 177.56 174.54 171.37 167.09 157.95 155.89 148.15 162.77 160.5 150.77 133.37 140.58 165.33 170.54 142.79 113.14 85.45 101.8 119.37 120.53 156.12 164.1 160.73 128.84 115.46 124.01 130.86 128.64 134.65 129.41 136.08 136.82 130.33
-25.59 -30.66 -19 42.88 64.63 65.81 66.6 62.75 58.79 53.14 55.31 53.75 57.76 57.74 52.24 48.2 71.48 121.38 134.57 135.02 128.12 114.55 115.62 141 147.54 121.19 60.98 69.92 103.84 104.96 140.67 148.51 152.44 155.33 153.09 163.82 160.86 158.39 129.73 110.39 164.52 169.41 169.63 173.17 171.23 165.63 158.08 166.43 171.94 152.25 138.71 128.76 134.69 129.39 140.7 172.39 185.51 185.48 174.55 169.1 169.64 178.84 180.99 182.31 184.64 178.57 140.98 138.76 145.53 151.16 151.39 148.73 150.51 151.79 155.79
-26.06 -36.3 -8.54 55.1 64.14 65.78 67.01 61.52 60.49 56.48 49.48 52.61 57.4 58.66 56.08 46.8 46.55 75.94 131.52 146.57 141.61 125.05 143.82 147.83 134.81 90.8 -6.13 1.52 44.66 120.94 145.33 146.4 155.16 158.62 164.79 165.74 156.28 153.97 120.26 61.03 129.06 144.65 153.28 153.7 159.59 154.7 149.27 167.83 171.62 159.64 167.19 162.88 165.42 155.69 165.04 169.86 177.63 186.27 188.99 176.05 159.66 159.34 164.96 172.56 168.07 155.63 147.05 145.34 139.88 139.23 146.46 155.42 157.88 158.63 158.28
-5.38 -11.89 4.05 60.2 68.02 68.79 69.35 57.93 56.4 58.63 50.09 46.06 56.3 59.58 57.4 48.97 52.32 60.5 107.98 139.23 145.66 150.11 148.48 136.98 59.34 13.4 2.09 -12.92 7.56 97.36 145.59 143.59 141.08 146.7 163.21 169.89 170.28 165.24 139.29 131.81 136.25 122.36 152.69 156.28 158.79 171.08 164.33 171.85 176.16 170.78 179.18 179 181.6 186.18 191.06 192.02 192.5 193 190.31 178.8 176.72 174.46 170.72 161.89 147.51 141.55 142.56 148.89 155.4 159.55 161.18 161.85 161.15 156.79 124.68
7.62 37.16 21.93 40.37 69.34 71.6 72.36 70.59 65.01 66.03 61.6 29.63 39.85 55.88 59.15 60.26 61.09 59.76 55.93 110.45 148.14 137.68 139.89 134.49 93.91 64.74 1.63 -14.71 3.51 74.74 120.49 138.11 146.04 132.69 123.46 146.9 159.31 167.75 146.74 129.61 140.67 145.38 154.86 148.84 160.53 168.48 168.73 163.5 186.38 187.17 180.54 188.64 189.65 191.02 194.88 196.16 196.78 197.93 197.87 196.11 194.32 191.31 190.86 172.93 151.04 152.8 154.83 160.76 162.03 162.6 163.16 156.93 120.1 83.68 46.07
36.21 28.84 22.03 24.33 50.76 45.66 61.37 68.5 72.32 67.3 34.23 3.65 11.64 40.59 58.85 56.28 54.66 34.82 43.15 69.04 149.46 142.28 145.35 98.17 21.26 38.66 3.7 34.24 70.8 110.64 115.82 124 143.83 149.82 148.6 148.76 156.69 165.13 156.19 122.59 87.87 93.14 107.7 99.28 135.3 154.59 176.65 169.87 183.27 194.6 197.22 197.96 197.27 198.36 199.63 199.54 199.8 200.43 200.73 200.4 199.39 199 192.95 158.84 151.6 156.96 159.64 160.86 161.91 160.31 130.34 54.4 40.5 40.86 40.9
