taller 1/variables/bioclim2.asc
ncols         720
nrows         300
xllcorner     -30.008325510658
yllcorner     30.991671412252
cellsize      0.083333337679505
NODATA_value  -9999
[rows 102 to 135 of 300, columns 456 to 531 of 720]
78.87 79.47 80.76 79.85 78.65 78.4 78.48 78.07 78.21 78.65 78.89 79.44 79.85 80.49 80.99 81.2 82.17 83.13 84.09 86.63 88.78 88.8 91.05 90.94 88.23 83.89 86.6 95.16 80.03 79.82 78.47 84.58 86.42 83 80.11 82.71 80.15 83.87 84.31 84.4 77.41 80.78 82.4 83.65 89.49 87.08 98.7 99.09 99.33 100.65 98.87 97.24 99.84 95.14 95.65 97.15 92.74 97.73 96.43 83.68 81.83 89.12 101.09 96.45 96.21 94.21 90.41 82.62 85.05 91.16 95.18 98.36 94.05 92.03 86.34 86.67
80.77 79.88 79.06 79.09 77.62 77.08 77.29 76.45 77.84 77.62 77.49 77.54 78.65 79.59 79.67 80.59 81.34 81.73 84.94 87.52 86.62 84.45 87.9 86.38 82.34 79.05 85.49 90.27 75.56 73.98 83.09 76.34 76.67 75.34 80.71 74.89 75.62 78.86 84.47 83.91 76.98 73.01 77.05 84.57 95 95.41 99.8 88.39 89.37 94.38 94.42 91.19 91.51 92.54 88.31 91.55 93.22 98.88 96.29 94.02 94.31 96.61 101.62 96.3 96.35 95.7 94.96 92.67 93.54 86.99 85.87 89.13 86.29 86.96 82.74 83.27
78.8 77.35 77.86 76.24 78.36 76.38 75.58 76.66 76.99 77.84 77.5 76.92 76.99 78.41 77.85 77.05 73.73 78.34 85.29 87.87 84.91 77.56 74.65 79.6 79.41 75.4 74.34 73.18 75.73 78.07 76.11 70 74.16 84.38 88.84 91.29 86.97 88.45 92.19 88.28 90.14 96.62 99.3 95.67 90.42 80.77 97.48 83.8 80.01 80.76 86.37 91.07 96.92 98.37 98.03 96.73 98.66 101.22 97.18 97.44 96.58 96.12 95.14 91.17 89.73 87.35 86.85 81.58 79.82 78.76 80.59 79.07 81.28 79.58 81.14 82.19
78.39 77.17 75.71 76.72 77.31 78.08 76.17 75 76.37 77.21 78.9 79.82 79.73 72.81 75.67 72.82 72.82 84.23 84.78 83.48 87.31 87.32 82.25 73.54 66.07 68.66 65.75 70.37 64.87 66.99 64.56 79.99 86.16 87.18 84.46 69.53 60.05 69.44 79.53 81.4 93.53 88.57 70.94 72.4 72.86 76.52 99.82 86.07 85.71 78.67 83.87 86.54 78.61 84.19 82.88 87.32 78.67 80.01 87.28 92.97 87.74 93.85 92.35 86.26 81.38 82.19 80.35 84.41 85.34 87.66 81.1 85.58 85.08 90.42 93.2 92.56
78.13 77.15 77.23 77.95 77.91 77.67 74.18 72.46 72 72.62 72.24 71.21 76.3 76.45 75.1 76.5 73.94 77.8 82.04 70.39 72.6 77.28 89 84.04 77.48 68.06 66.06 68.02 68.79 79.36 80.44 82.8 79.73 70.35 63.09 78.93 56.59 59.37 63.43 78.14 80.79 89.75 77.8 69.72 72.05 83.94 86.32 75.42 74.47 64.55 71 63.53 58.62 70.25 75.98 68.93 60.38 74.91 76.04 80.58 83.12 93.3 82.87 80.97 75.51 80.4 88.06 88.39 94.59 93.58 89.47 89.5 90.82 92.88 92.49 92.91
74.86 75.26 75.23 76.96 78.06 75.13 72.64 75.87 69.65 68.62 65.6 66.41 70.5 67.29 61.22 63.46 74.46 82.92 81.2 67.92 65.97 65.71 68.49 79.56 72.3 62.04 57.48 64.26 66.72 62.14 61.75 84.19 72.56 61.84 63.53 67.96 62.05 51.93 66.09 66.98 76.32 81.85 80.73 63.63 66.76 68.62 63.18 72.13 78.1 72.87 63.16 67.59 76.43 80.81 89.42 77.63 67.21 75.06 83.97 70.59 73.82 78.46 79.08 69.11 74.34 77.88 79.65 86.49 84.6 84.3 87.97 85.9 85.27 85.3 91.25 90.84
72.35 68.11 66.2 75.16 75.07 71.04 71.52 73.65 64.52 66.32 62.44 58.85 70.39 64.35 66.85 59.77 60.32 69.61 83.39 81.35 83.78 76.64 62.19 63.46 70.08 64.51 63.22 58.73 58.7 67.64 78.37 66.61 56.8 53.06 57.92 55.34 67.99 52.63 53.03 67.32 75.71 83 75.55 69.91 64.03 66.2 77.26 93.48 74.9 67.38 68.1 70.07 76.77 84.84 94.13 91.46 68.57 70.05 88.07 81 82.46 90.01 94.45 78.08 76.4 88.56 92.59 92.22 83.26 79.04 82.2 80.54 87.07 90.34 92.73 94.9
67.31 66.65 75.28 70.89 67.57 58.87 59.12 72.67 65.17 60.61 54.83 61.73 55.38 57.87 55.22 61.15 62.47 72.56 83.32 70.62 66.85 65.86 74 63.96 55.08 51.01 51.69 55.82 66.33 75.99 68.29 56.61 51.33 47.18 49.13 54.87 57.53 64.5 69.06 76.28 86.98 90.17 84.85 72.28 85.55 78.58 85.22 97.55 71.44 79.23 73.72 75.92 73.34 73.3 74.23 86.84 94.76 92.44 95.07 91.96 90.02 78 83.34 93.46 93.37 92.11 96.02 85.39 83.98 81.35 85.49 84.13 91.84 96.49 96.47 96.93
69.1 69 66.22 60.57 59.08 57.91 54.23 63.86 64.82 55.55 52.37 52.73 62.28 69.57 72.69 73.09 77.46 75.83 68.52 61.85 63.82 63.07 63.64 54.67 55.88 64.29 67.5 74.02 66.63 57.57 73.21 55.48 48.36 50.35 48.29 49.28 52.56 66.53 90.67 76.74 74.72 71.06 76.85 95.38 102.45 93.14 103.72 102.34 101.64 94.63 94.27 78.59 86.37 90.43 90.33 93.54 92.13 90.52 96 92.73 86.38 86.86 91.52 92.41 98.18 94.78 101.01 98.44 92.14 90.25 87.64 89.93 95.21 96.68 94.98 96.1
63.4 63.62 69.26 63.89 55.91 51.93 56.98 62.5 54.41 57.82 62.97 64.47 57.63 63.45 69.66 61.06 67.63 78.29 72.65 64.5 67.86 59.39 53.63 51.79 56.89 64.45 57.2 57.42 55.91 60.8 85.49 69.61 53.61 56.16 62.58 68.81 71.53 89.08 97.72 71.58 82.5 72.83 78.26 98.74 90.94 80.03 90.53 89.79 78.34 89.18 93.4 88.51 92.31 83.49 84.36 87.03 88.56 93.04 94.75 99.26 98.34 96.22 95.98 97.67 91.65 91.66 94.55 99.58 97.54 94.25 93.7 93.32 97.88 99.53 100.08 100.38
64.6 52.64 53.83 57.7 51.27 52.53 57.93 56.15 53.64 54.43 54.91 53.12 53.85 56.26 58.5 54.74 56.96 67.43 61.75 68.11 58.63 60.76 51.58 60.56 61.52 53.44 62.64 58.25 62.89 71.76 75.81 84.97 83.26 87.52 86.91 84.9 84.21 96.27 101.24 83.46 91.14 74.64 99.29 95.72 83.06 68.44 82.65 75.8 73.7 80.09 80.43 75.91 82.21 90.28 90.32 91.18 83.12 89.89 85.23 92.31 91.91 95.05 94.85 97.33 98.14 96.17 97.19 95.62 92.34 97.93 100.34 99.45 99.33 99.58 99.87 100.47
49.66 49.31 51.87 57.67 58.47 52.85 57.51 59.57 60.31 56.91 57.95 65.42 50.68 52.84 56.02 57.38 57.93 59.7 53.83 62.34 49.4 50.72 62.99 54.1 51.35 58.73 56.8 59.4 56.75 50.46 59.19 50.33 54.74 61.36 59.28 72.71 78.99 84.04 99.94 99.47 101.46 97.32 95.98 76.05 76.26 68.79 75.01 77.09 68.61 91.99 81.38 87.37 91.13 101.29 95.26 90.78 93.1 96.07 98.96 93.81 96.75 95.95 89.69 91.87 91.91 91.37 91.76 96.29 96.14 94.83 91.91 91.88 95.85 96.82 96.44 97.41
53.06 57.5 60.56 56.99 54.27 54.88 55.66 60.25 56.9 64.25 66.31 70.59 59.19 53.29 59.66 54.58 59.59 55.81 52.81 54.11 54.81 58.08 53.66 53.99 52.53 52.17 54.47 61.77 75.66 62.71 50.82 44.89 49.63 57.42 62.87 69.15 88 93.29 89.01 106.21 99.05 95.9 89.79 69.81 78.02 71.13 66.02 85.8 85.42 77.17 97.22 86.43 101.26 98.02 92.17 87.41 91.65 94.87 102.17 96.93 100.99 95.64 95.82 93.02 91.31 84.99 87.94 88.88 87.13 86.35 87.89 91.29 90.25 88.07 84.5 87.06
68.02 64.68 59.62 55.28 56.02 58.69 63.31 68 61.14 61.95 65.01 75.36 62.25 61.11 67.52 58.2 68.61 60.62 60.64 62.95 56.12 50.93 46.82 44.51 63.68 58.4 54.64 62.59 71.9 51.92 48.71 52.84 68.06 62.79 79.76 85.65 99.05 95.4 87.36 105.37 91.39 78.18 73.17 78.95 72.74 65.59 82.03 90.97 80.67 89.88 94.78 91.79 97.08 86.42 84.9 94.8 96.61 99.15 97.38 97.9 100.07 98.46 94.81 95.25 92.67 81.47 87.78 92.01 87.66 79.93 79.21 84.04 91.14 95.97 94.82 92.92
65.12 56.63 58.38 64.81 65.8 59.6 64.02 69.1 70 66.33 63.86 68.7 69.71 69.07 70.99 63.01 82.65 74.26 62.08 57.94 52.32 56.26 69.15 54.73 62.69 70.06 65.82 83.57 64.21 62.03 64.83 60.36 70.49 71.91 75.35 74.87 98.85 93.2 98.05 92.7 89.99 89.35 82.45 79.64 72.38 73.22 64.94 85.08 98.75 86.27 90.38 98.28 93.15 98.12 95.48 90.61 98.13 100.58 98.01 97.95 98.63 99.03 94.16 93.9 91.92 91.98 93.54 88.5 82.46 81.04 88.29 90.33 88.05 86.24 91.69 96.12
59.21 61.83 66.77 75.42 70.5 61.33 65.54 70.74 77.61 75.36 76.31 71.69 79.36 71.71 65.05 69.78 76.93 86.76 62.52 76.19 76.35 74.1 85.68 76.54 76.17 89.12 84.93 77.04 79.84 62.25 50.84 56.15 59.68 74.77 62.77 63.52 91.56 100.94 95.52 91.61 74.03 70.77 65.03 72.79 81.76 81.61 86.06 86.12 91.06 98.27 91.96 101.4 93.39 91.37 98.12 96.57 98.46 100.91 99.48 99.52 98.75 97.7 96.2 95.12 92.72 92.15 89.99 91.81 91.51 88.69 86.99 86.66 86.93 87.54 91.2 93.46
54.61 61.19 69.79 84.9 72.79 69.86 73.29 72.54 79.68 80.5 73.06 77.77 69.76 66.47 68.28 85.25 83.45 79.13 82.73 82.3 72.85 76.54 77.17 72.15 74.11 70.86 63.9 76.3 81.8 58.09 50.33 52.84 73.57 81.97 60.29 81.84 87.54 100.08 95.84 86.86 69.17 77.9 77.43 77.44 82.5 90.69 83.24 91.13 97.04 103.26 102.51 98.71 99.09 89.67 89.84 100.21 101.52 100.7 99.73 98.83 97.33 95.82 94.21 93.66 93.66 92.8 91.44 90.5 90.13 88.81 89.13 89.08 87.66 88.89 89.69 90.28
57.41 67.8 77.53 86.67 72.9 71.13 70.36 76.83 87.21 80.55 75.69 80.38 76 76.83 77.8 86.21 78.23 68.78 63.67 66.73 66.3 64.55 58.03 67.4 66.38 66.14 66.7 74.59 88.42 61.16 60.17 62.53 84.56 86.58 92.76 96.11 82.83 97.27 92.69 91.2 87.04 90.25 87 92.1 91.35 95.77 97.76 101.13 99.83 97.99 96.02 95.85 93.93 94.23 101.3 101.54 100.36 99.3 98.25 97.19 96.26 95.23 93.19 92.68 92.88 92.49 90.14 88.66 86.08 84.43 84.24 85.03 86.11 86.59 86.92 89.32
65.33 70.63 66.58 71.82 77.31 90.46 90.03 89.93 85.61 85.09 82.27 81.41 74.05 78.6 80.7 85.08 71.55 79.2 69.94 77.82 81.26 66.52 69.35 82.01 70.54 80.67 80.36 94.71 74.08 59.24 67.2 80.88 77.85 79.01 91.8 88.94 87.82 91.95 79.48 86.05 75.97 71.58 73.18 79.74 92.31 92.35 91.66 95.99 90.56 98.26 100.02 100.43 100.32 99.88 99.71 99.14 98.16 97.08 96.07 95.05 94.38 93.79 92.67 92.21 92.45 92.16 90.94 88.54 85.87 81.83 80.28 81.99 83.31 84.06 85.2 86.97
68.12 70.75 76.41 74.9 84.13 81.22 90.59 96.11 91.55 84.19 85.07 83.5 80.72 80.87 76.83 81.85 85.36 78.34 80.08 83.23 85.23 77.45 84.59 86.17 86.54 88.65 89.62 69.8 65.55 71.18 76.96 84.77 81.33 84.43 95.69 88.77 94.16 81.39 76.42 79.76 86.66 83.19 83.68 85.31 89.62 83.2 92.82 98.27 99.49 99.7 99.1 98.69 97.91 97.31 96.68 96 95.27 94.23 93.47 92.78 92.11 91.58 91 90.84 91.24 91.72 87.94 83.97 82.16 81.62 81.84 81.57 79.72 80.52 82.07 83.57
73.46 75.95 76.61 85.05 87.38 90.98 95.42 99.02 97.46 94.52 90.31 87.25 86.22 84.89 85.24 87.32 86.83 87.48 84.76 89.2 88.23 88.15 92.22 86.91 94.95 89.2 76.95 84.52 79.14 82.29 88.65 79.95 84.99 94.78 79.64 84.56 87.68 79.38 75.32 85.15 88.28 86.39 86.12 89.07 92.89 95.8 97.54 97.99 98.39 97.51 97.54 96.09 94.85 93.94 93.23 92.7 92.08 91.46 90.74 89.96 89.39 89.02439 88.65714 88.21111 88.12 88.29 86.60294 80.6 77.28283 76.9 77.33 78.1 77.49 79.2 80.12 79.9
69.17 74.46 84.09 91.37 91.15 96.42 98.23 101.58 101.72 98.84 95.17 91.62 88.97 87.38 87 87.15 88.08 89.92 91.43 93.36 94.2 94.37 93.54 91.33 93.45 91.41 88.33 85.18 91.28 89.82 83.84 87.9 93.3 84.96 77.11 84.19 73.29 71.45 81.38 88.02 89.35 89.55 90.07 91.61 93.6 95.25 96.68 97.5 97.71 97.29 95.31 93 91.3 90.21 89.65 89.18 88.78 88.3 87.74 87.13 86.34344 85.375 86 84.75 83.93939 83.14063 82 -9999 73.42857 72.85263 73.93 74.96 75.89 76.7 77.77 77.58
82.41 86.57 91.33 94.15 96.62 98.42 101.37 103.66 106.69 104.1 98.91 94.56 91.05 88.59 87.78 88.06 89.01 90.38 92.1 93.57 94.65 95.44 95.85 95.63 95.7 94.11 92.3 88.89 88.81 92.12 93.25 95.3 93.59 86.4 87.94 84.11 80.72 79.36 83.1 85.95 86.84 87.05 87.5 89.73 92.23 94.32 95.66 96.08 95.65 94.36 91.8 88.94 86.9 86.14 85.84 85.74 85.6 85.25 85.07407 85.02381 84.6 84 -9999 -9999 -9999 -9999 -9999 -9999 65.45454 66.84415 70.29 72.57 73.54 74.41 75.48 75.84
90.87 92.73 94.71 96.14 97.75 99.68 101.9 104.05 105.13 103.24 99.32 95.14 91.46 88.4 87.03 88.05 89.44 90.82 92.41 93.55 94.58 95.02 95.41 95.43 95.22 95.1 94.42 92.31 92.24 92.95 93.98 94.65 94.09 92.14 89.96 87.91 86.63 84.91 84.9 85.27 85.85 85.69 86.2 88.56 91.22 93.61 94.86 94.46 93.01 90.65 87.5 83.98 82.45238 82.68965 82.40909 82.6087 83 83.28 -9999 -9999 -9999 -9999 -9999 -9999 -9999 -9999 67.375 64.67442 64.47692 65.2234 67.35 70.49 71.47 72.36 73.49 74.47
90.44 92.43 94.25 95.72 97.16 98.82 100.5 101.83 102 100.6 97.84 94.62 91.27 88.23 86.71 88.46 89.83 91.22 92.51 93.41 94.33 95 95 95 94.94 94.24 93.55 92.59 92.66 92.62 93 93.36 92.99 91.74 91.21 89.52 88.13 87.06 86.34 85.93 85.54 84.72 84.65 87.92 90.65 93.12 94.46 93.01 90.59 87.59 84 80.8125 78.07143 79.20588 80.28571 81 -9999 -9999 -9999 -9999 -9999 -9999 -9999 -9999 -9999 -9999 65.84931 63.86735 63.71 65.17 66.43 67.82 69.71 70.54 71.55 73.09
89.89 91.48 92.81 94.07 95.51 96.94 98.15 99.03 99.02 97.99 96.21 93.77 91.2 89.14 88.41 89.15 90.21 91.4 92.52 93.44 94.14 94.69 94.89 94.93 94.27 93.88 93.01 92.18 92.1 92.28 92.02 91.91 92.01 91.85 91.6 89.69 88.19 87.58 86.83 86.05 85.5 84.77 85.76 87.26 88.44 91.68 92.65 90.69 88.07 85.16666 82.6 77 77 -9999 -9999 -9999 -9999 -9999 -9999 -9999 -9999 -9999 -9999 -9999 -9999 -9999 65.09303 63.68 63.52 64.21 65.49 66.42 67.66 69.04 69.42 71.75532
89.41 90.16 90.86 92.01 93.26 94.5 95.57 96.11 96.22 95.55 94.38 92.88 91.14 89.91 89.16 89.74 90.6 91.55 92.63 93.63 94.15 94.62 94.61 94.23 94 93.55 93 92.62 92.15 92.1 92.01 92.03 91.99 91.78 90.94 89.65 88.45 87.34 86.37 85.78 85.06 85.02 85.43 86.08 85.34 88.56 89.06 87.76 85.56 83.03 80.32433 77.18182 -9999 -9999 -9999 -9999 -9999 -9999 -9999 -9999 -9999 -9999 -9999 -9999 -9999 -9999 65 64.23256 63.02 63.6 64.43 65.62 66.75 68.8 68.73 71.48781
88.24 88.25 88.81 89.39 90.83 91.99 92.92 93.58 93.67 93.31 92.67 91.73 90.86 90.03 89.83 90.07 90.82 91.56 92.63 93.67 94.1 94.79 94.65 94.01 93.99 93.14 93 92.42 92.05 92 92 92 91.93 91.13 90.53 89.56 88.42 87.39 86.3 85.56 84.91 84.49 84.45 84.67 85.25 85.86 85.72 84.85 83.25 81.27 79.29348 77.25455 77 -9999 -9999 -9999 -9999 -9999 -9999 -9999 -9999 -9999 -9999 -9999 -9999 -9999 -9999 64.97469 63.71 63.49 64.1 65.04 66.95 69.64 69.60204 72.9
81.89 82.3 83.62 85.39 86.76 88.92 90.36 91.09 91.34 91.3 91.01 90.48 90.03 89.93 89.99 90.13 90.91 91.84 92.93 93.81 94.35 94.97 94.96 94.17 93.94 93.06 93 92.35 92 92 92 91.87 91.22 91 90.34 89.45 88.47 87.43 86.51 85.46 84.34 83.72 83.07 83.06 83.18 83.27 83.01 82.35 81.18 79.67 78.2 76.93478 76 -9999 -9999 -9999 -9999 -9999 -9999 -9999 -9999 -9999 -9999 -9999 -9999 -9999 -9999 65.74419 64.81052 64.19 64.11 64.94 67 68.09 69.5 71.40909
80.55 81.16 81.55 81.88 83.75 85.88 87.3 88.37 89.07 89.43 89.31 89.1 88.93 88.81 88.36 88.41 89.46 91 92.4 93.57 94.34 94.92 94.45 94 93.56 92.98 92.59 92 92 91.94 91.97 91.42 91.05 90.95 90.2 89.47 88.63 87.61 86.54 85.31 84.21 82.84 81.84 81.35 81.01 81.01 80.86 80.41 79.41 78.35 77.4 76.22 75.37663 74.75862 -9999 -9999 -9999 -9999 -9999 -9999 -9999 -9999 -9999 -9999 -9999 -9999 -9999 66.25 66.21819 65.57 65.16 65.69 67.95605 68.14433 72 71
79.08 78.45 80 80.46 82.06 83.85 85.34 85.97 86.71 87.19 87.36 87.37 86.94 86.06 85.45 84.59 85.63 87.71 89.83 92.36 93.79 94.17 93.79 93.48 92.94 92.56 92.01 91.96 91.67 91.51 91.56 91.24 91.05 91 90.13 89.59 88.99 88.1 86.95 85.63 84 82.29 80.73 79.59 79.21 79.28 79.3 78.91 78.32 77.41 76.56 75.75 75.01 74.44 74 -9999 -9999 -9999 -9999 -9999 -9999 -9999 -9999 -9999 -9999 -9999 -9999 -9999 -9999 67.51786 66.79 67.2 68.52113 69.44827 70 73.53846
76.22 77.41 78.66 79.15 80.77 82.32 83.51 84.17 84.69 84.94 85.15 85.11 84.83 83.45 80.74 79.27 79.49 80.78 84.99 86.34 88.71 90.54 90.88 91.2 91.43 91.54 91.36 91.13 91.07 91.02 91.11 91 91 91 90.55 90.01 89.35 88.59 87.58 86.24 84.46 82.19 79.96 78.03 78 78.15 78.31 78.02 77.68 76.88 76.08 75.29546 74.87912 74.07273 74 -9999 -9999 -9999 -9999 -9999 -9999 -9999 -9999 -9999 -9999 -9999 -9999 -9999 -9999 68.66666 68.83146 69.23158 69.66666 -9999 -9999 74.66666
74.78 75.82 74.46 76.92 78.55 79.22 81.15 81.97 82.47 82.75 83.32 83.31 82.72 79.99 76.75 71.16 77.23 76.98 77.11 79.35 77.83 81.75 82.91 84.29 87.05 89.07 90.09 90.01 90.46 90.85 91 91 91 91 90.95 90.55 90.05 89.63 88.65 87.31 85.35 83.06 80.47 78.48 78.18 78.14 78.03 77.96 77.45 76.6 75.92 75.11539 74.80952 74.66666 -9999 -9999 -9999 -9999 -9999 -9999 -9999 -9999 -9999 -9999 -9999 -9999 -9999 -9999 -9999 -9999 70 70.33334 71 -9999 -9999 77
75.23 71.02 71.32 73.88 74.68 76.93 79.15 79.13 80.4 80.98 81.78 82.25 79.79 71.26 64.64 70.3 75.55 67.05 71.56 70.94 68.57 72.04 78.91 81.16 84.51 86.85 86.15 87.63 88.69 89.49 90.19 90.71 91 91 91 91 90.91 90.64 90.14 88.78 86.98 84.62 82.25 80.33 79.53 79.25 78.78 78.27 77.65 76.78 75.9 75 -9999 -9999 -9999 -9999 -9999 -9999 -9999 -9999 -9999 -9999 -9999 -9999 -9999 -9999 -9999 -9999 -9999 -9999 -9999 -9999 -9999 -9999 -9999 76.22222
