taller 1/variables/bioclim17.asc
ncols         720
nrows         300
xllcorner     -30.008325510658
yllcorner     30.991671412252
cellsize      0.083333337679505
NODATA_value  -9999
[rows 66 to 98 of 300, columns 370 to 443 of 720]
-9999 -9999 -9999 -9999 -9999 -9999 -9999 -9999 123 122.5408 124.54 125.8 127.83 130.9 134.35 136 136.07 138.16 141.94 140.64 137.93 138.75 136.03 134.73 133.68 133.97 135.25 137.51 138.73 140.88 143.19 147.05 151.49 154.43 158.65 163.76 168.25 170.45 175.86 179.56 186.54 193.74 191.96 191.63 188.35 184.74 184.16 185.94 183.74 187.3 189.67 197.24 199.78 199.02 205.06 207.16 200.91 210.17 218.91 241.34 248.53 254.9 254.42 257.29 254.35 250.99 244.13 226.14 221.3 209.11 200.5 190.18 176.08 170.88
-9999 -9999 -9999 -9999 -9999 -9999 -9999 -9999 125.4286 123.9355 125.82 127.89 129.77 131.57 133 132.65 136.92 139.39 141.11 141.71 141.14 141.43 140.52 138.78 136.15 135.24 134.99 135.57 137.29 140.19 143.22 147.34 150.65 156.52 162.31 172.07 178.49 178.01 180.89 188.96 195.62 199.16 197.49 198.77 197.71 199.11 201.78 200.19 192.12 200.89 203.34 204.25 207.13 207.1 205.07 201.06 201.71 218.95 236.07 235.37 237.44 244.22 238.79 239.63 238.5 240.22 234.04 222.38 207.34 197.22 185.24 174.67 175.16 179.22
-9999 -9999 -9999 -9999 -9999 -9999 -9999 -9999 127.24 126.2526 126.18 128.91 129.96 131.02 133.02 135.7 136.76 138.57 140.27 141.38 140.63 139.03 137.54 136.87 137.07 135.74 135.95 137.05 139.62 140.96 143.99 147.63 153.74 160.26 167.28 174.18 179.8 184.1 188.37 194.8 198.88 203.5 204.08 208.39 212.07 212.71 209.88 202.96 194.23 200.84 204.44 206.26 208.65 199.78 193.12 196.81 213.44 231.17 245.61 240.28 237.61 237.38 237.92 226.99 223.46 217.95 222.71 214.49 205.98 180.17 179.13 181.62 180.52 180.79
-9999 -9999 -9999 -9999 -9999 -9999 -9999 130 128.3906 127.7121 127.3535 129.89 132.18 133.03 135.83 135.18 135.29 138.08 140.31 142.46 143.75 142.69 140.23 138.25 138.21 137.75 136.85 138.54 139.42 140.73 144.83 148.88 154.64 161.56 169.97 173.16 177.78 187.23 193.37 203.02 208.79 214.08 218.4 219.25 217.95 216.88 211.42 203.41 202.16 202.64 198.78 200.96 195.26 201.02 209.4 219.78 211.9 231.71 241.98 239.7 229.08 222.5 219.8 208.76 207.86 201.62 194.92 190.88 188.57 171.57 179.25 174.54 167.29 163.6
-9999 -9999 -9999 -9999 -9999 -9999 131 135.2264 133.92 133.11 131.53 130.69 131.32 133.65 136.35 138.1 140.21 140.01 138.76 139.1 141.59 142.28 140.67 140.03 139.88 140.01 139.74 139.58 139.8 143.26 147.15 150.92 154.25 160.76 166.51 171.34 177.25 186.17 194.65 202.74 210.1 218.96 222.91 217.93 210.69 210.16 204.41 199.47 203.91 206.12 198.58 196.54 199.95 210.58 232.84 242.13 224.45 220.78 218.2 216.7 215.35 207.01 202.39 195.31 197.29 194.22 179.95 177.35 175.31 166.12 168.94 155 156.64 152.15
-9999 -9999 -9999 -9999 -9999 139.0606 138.7356 138.74 139.17 138.99 137.91 136.75 133.5 133.42 133.3 133.65 137.14 139.71 140.3 137.93 138.93 138.33 138.97 140.99 140.75 140.59 141.18 141.95 141.55 144.67 147.41 150.83 153.59 158.1 164.03 173.66 180.64 184.13 192.33 204.46 214.08 223.94 227.89 226.65 227.24 228.74 217.39 226.73 228.42 230.18 232.13 225.57 235.68 235.3 247.06 248.89 232.66 231.95 228.88 221.68 210.12 197.54 187.12 183.25 183.1 184.1 175.08 157.52 150.98 148.95 147.76 142.48 143.67 141.22
-9999 141.7273 141 141.6591 143.9753 145.18 144.22 144.03 144.62 140.85 142.09 140.07 137.88 134.06 134.97 134.06 132.99 134.25 136.72 134.67 134.75 135.02 134.91 135.52 135.56 135.76 137.63 138.56 140.67 141.31 143.68 145.87 150.21 152.2 159.33 167.39 175.63 181.6 188.71 200.37 214.13 227.54 237 238.39 236.21 226.32 228.2 243.87 237.56 236.14 237.53 236.92 240.81 247.58 251.07 247.33 244.54 237.05 230.04 217.98 202.22 190.69 181.73 184.23 172.67 166.68 158.58 147.93 144.19 139.65 140.03 138.78 133.76 131.12
143.5568 143.46 144.65 144.41 143.74 146.4 147.47 149.41 147.03 149.55 143.42 145.19 143.15 141.03 138.2 139.74 135.95 134.67 133.07 134.7 136.05 135.15 135.39 135.21 134.59 133.31 134.97 135.99 136.93 136.84 138 139.45 141.93 147.43 152.85 160.43 167.53 175.43 182.91 189.79 199.45 210.01 220.76 224.76 227.24 224.15 221.95 217.05 224.33 226.87 237.05 242.4 246.2 250.89 249.01 247.86 243.69 234.76 222.97 212.81 205.37 195.73 184.03 170.86 165.71 162.36 158.26 149.6 151.3 146.18 147.82 141.56 136.8 140.72
149.58 148.1 148.52 149.41 149.39 149.39 147.79 148.63 151.04 153.03 148.84 148.59 148.02 145.62 142.88 140.02 137.67 140 136.81 135.57 136.66 136.8 136.53 135.57 134.49 132.82 132.89 133.26 133.34 134.38 134.03 134.13 137.07 139.43 145.57 150.45 158.63 166.85 176.07 186.85 195.08 200.66 207.63 211.34 205.81 203.34 204.08 209.77 218.54 231.2 232.17 235.18 239.32 248.7 248.6 246.54 239.53 235.52 226.63 209.13 195.39 184.37 178.83 173.18 174.05 168.42 162.96 154.87 153.79 153.72 146.91 149.94 151.72 158.02
154.01 152.64 152.89 152.29 152.34 154.82 154.37 147.2 150.18 154.05 152.17 151.1 149.09 147.17 145.48 143.02 141.21 140.83 139.85 139.26 136.44 137.15 136.49 135.33 134.89 132.7 131.99 132.17 131.56 130.22 128.64 129.57 129.42 133.56 136.76 142.31 149.17 156.87 164.37 172.96 181.6 186.53 191.55 198.86 204.97 206.32 203.69 201.62 200.84 205.38 211.91 219.64 225.65 237.44 240.45 237.04 229.26 222.82 214.17 206.11 195.09 187.07 183.49 178.42 179.14 169.72 162.35 157.14 154.35 156 163.94 173.15 179.9 171.85
153.7 154.29 155.79 154.57 154.8 155.19 156.08 152.27 148.28 150.06 151.33 150.02 148.2 147.11 146.85 145.38 145.59 140.54 140.89 141.66 138.03 137.38 137.33 135 134.22 132.44 132.92 132.01 128.15 127.51 130.01 130.82 127.07 128.6 132.31 135.5 140 147.73 153.94 160.6 167.73 168.52 171.99 181.62 190.88 196.81 201.13 201.43 200.04 210.27 204.75 208.99 208.67 215.19 221.09 223.53 220.24 212.44 207.15 199.71 194.21 188.46 182.88 180.08 180.44 171.1 165.04 167.94 160.61 169.58 177.42 183.95 179.62 174.27
149.95 150.08 151.82 154.12 155.37 153.76 152.17 151.97 148.69 145.25 144.43 147.18 146.16 143.59 143.85 144.69 144.47 144.17 143.53 141.76 140.02 137.96 136.76 136.07 137.02 130.62 130.03 130.64 128.53 128.32 132.16 130.99 127.73 128.72 133.04 137.52 137.01 140.93 143.82 148.19 153.03 157.43 160.8 164.07 170.25 178.81 188.07 189.76 195.17 201.45 200.16 201.34 207.42 210.72 209.3 208.35 209.49 205.97 202.32 195.91 193.65 186.04 182.07 178.59 175.5 170.6 162.38 173.67 172.64 172.25 177.56 171.95 163.05 166.56
141.88 144.35 146.54 149.5 153.51 152.82 147.25 149.1 149.53 149.9 144.32 143.61 143.47 143.14 140.45 139.85 140.19 140.31 141.52 141.85 141.21 137.63 135.82 134.33 131.55 131.57 135.45 133.44 132.8 132.61 130.69 130.55 130.61 130.98 132.62 131.96 129.48 132.46 136.16 139.15 146.08 152.98 157.99 161.96 164.56 165.22 172.3 183.28 185.11 193.13 200.24 198.25 192.27 201.02 200.15 201.9 199.2 198.35 193.63 196.55 197.75 192.2 188.3 177.3 170.13 163.95 168.99 178.04 172.24 162.44 167.39 164.77 160.83 163.04
147.95 143.81 144.71 143.37 151.28 147.99 144.48 144.98 145.58 143.54 142.32 143.33 147.53 147.55 144.15 141.35 139.01 139.23 142.03 138.95 138.17 136.2 134.88 132.82 133.15 134.77 134.14 133.21 130.81 128.52 127.66 126.86 125.55 128.5 129 129.57 130.7 127.27 129.72 134.19 139.45 146.7 151.9 156.46 162.19 164.67 163.85 173.86 177.1 179.43 190.96 194.27 188.87 200.39 191.2 186.6 184.76 183.43 185.07 186.02 188.36 183.37 182.73 170.38 165.16 166.4 170.5 170.45 167.33 167.7 160.81 159.53 161.2 162.36
149.47 148.39 140.3 141.84 137.14 141.45 144.33 143.15 142.03 139.7 137.59 138.02 139.6 141.48 144.74 147.16 146.54 142.74 140.74 138.59 138.61 139.95 138.36 137.58 137.73 137.11 137.93 137.49 134.57 133.78 132.31 131.37 128.19 129.13 128.48 129.52 129.17 126.85 126.16 135.19 137.94 142.71 146.15 151.47 158.16 162.07 160.26 161.3 167.6 173.96 176.84 184.73 183.49 181.9 188.96 184.4 175.8 174.27 174.89 177.15 173.91 175.99 178.11 169.07 166.07 169.76 170.66 167.24 166.03 170.36 163.51 158.16 161.38 164.67
148.56 148.42 147.12 143.85 138.07 137.26 133.55 141.57 140.86 139.69 137.63 140.95 140.61 139.86 142.05 140.8 141.58 141.61 139.78 139.43 139.91 140.04 139.49 139.35 138.62 138.76 136.97 135.25 133.59 133.32 131.66 131.76 132.15 134.52 136.02 132.34 131.98 130.92 128.28 129.58 132.88 139.61 143.08 145.78 151.79 157.52 157.92 156.71 161.17 170.91 169.43 175.08 179.06 173.26 171.14 180.84 167.82 164.46 164.18 164.44 164.1 166.89 175.13 171.76 165.01 171.05 173.31 166.42 170.48 169.8 163.67 163.86 161.21 163.58
146.85 144.98 143.41 139.2 136.58 137.43 137.1 134.92 139.28 135.26 139.23 140.95 139.88 138.43 140.03 140.1 139.51 141.41 143.71 143.09 143.93 142.9 141.55 140.42 139.9 138.44 135.6 133.93 134.2 134.37 136.55 136.29 135.58 135.08 128.91 131.87 137.45 141.49 141.87 140.06 135.53 133.57 137.36 142.43 146.33 151.7 153.57 154 155.19 162.97 164.46 165.19 170.73 169.59 163.62 169.18 169.81 158.63 156.4 156.1 158.68 166.44 172.66 168.16 166.5 170.64 169.45 169.43 173.79 175.29 166.49 165.61 164.62 163.43
146.18 143.94 141.19 137.81 135.87 134.11 134.12 138.04 135.5 131.84 134.21 139.47 137.7 137.08 138.12 136.34 140.08 145.91 145.46 145.97 145.68 144.15 142.56 141.62 138.91 136.31 134.49 139.45 138.54 138.15 133.35 134.97 132.32 134.23 138.46 137.84 134.53 127.11 125.94 125.66 126.58 129.35 134.14 138.23 142.61 147.25 149.96 150.21 151.43 152.88 157.7 158.06 162.72 164.07 159.33 154.21 161.75 162.9 152.94 150.81 154.78 161.66 163.13 163.08 163.72 168.25 168.15 167.65 168.15 168.23 164.44 164.5 158.98 156.65
146.82 144.06 140.67 139.28 136.77 136.05 135.37 134.38 138.16 137.48 135.01 135.17 135.5 136.61 134.65 135.12 137.98 138.65 140.89 142.61 143.22 141.93 140.2 138.16 137.08 136.67 136.39 135.69 135.51 135.33 137.12 138.34 136.2 136.27 137.08 138.15 139.52 137.53 128.7 125.47 126.87 127.7 127.95 133.36 139.39 143.23 147.4 148.53 147.8 147.91 147.84 151.32 154.93 154.22 155.11 149.87 145.82 154.29 149.3 145.47 149.96 158.56 154.84 157.42 160.47 166.3 168.84 165.38 166.73 165.43 162.74 159.23 156.13 153.66
148.23 145.6 142.32 139.66 138.36 136.78 134.66 134.03 136.72 137.12 137.16 137.66 136.33 139.38 140.62 139.66 139.06 138.44 141.11 143.72 142.75 141.06 141.4 141.28 139.37 140.81 140.72 138.33 137.38 137.24 137.98 136.12 136.64 137.86 137.33 138.07 135.62 133 128.84 127.97 129.54 129.32 129.6 129.04 134.38 139.85 143.85 140.05 141.76 141.92 143.73 146.97 149.99 152.04 146.78 144.67 139.68 147.93 140.25 141.06 145.25 148.51 148.46 152.78 157.37 158.57 163.98 167.48 164.06 161.42 162.78 158.15 155.25 153.83
147.95 145.12 143.37 140.66 138.33 136.81 135.35 136.93 136.87 136.21 139.04 139.74 136.94 141.15 142.13 143.11 145.17 142.8 141.62 139.49 142.81 144.35 143.86 142.78 141.3 139 137.62 137.4 136.82 136.98 137.59 136.72 137.11 137.88 137.83 134.42 130.98 130.48 131.22 132.11 132.83 133.13 133.96 132.57 131.58 135.14 135.01 135 136.84 139.63 140.66 143.92 146.45 150.11 145.68 141.65 136.37 139.29 140.55 138.18 137.22 139.24 144.53 153.1 164.46 162.97 161.9 163.02 161.91 159.14 156.25 154.31 154.86 153.74
149.2 146.55 144.34 143.01 141.37 138.78 137.12 136.36 138.1 139.31 140 142.25 142.87 141.87 141.97 143.15 143.62 140.62 140.66 140.99 142.07 142 142.63 141.35 140.06 138.93 138.2 138.15 138.81 138.61 137.33 138.3 137.8 138.12 134.34 128.82 128.03 128.21 131.33 133.83 134.31 136.42 137.48 136.62 132.43 131.55 133.39 134.75 136.8 140.21 141.73 143.76 147.13 143.8 143.64 144.48 143.22 137.31 139.11 142.09 138.62 138.19 147.85 158.81 156.76 160.5 162.08 164.97 162 160.09 157.95 156.12 157.28 154.54
155 152.08 147.99 144.79 143.62 142.16 142.29 139.83 137.8 138.75 140.34 141.85 142.38 141.46 141.67 141.09 141.81 140.23 140.98 140.35 142.01 141.59 140.74 140.31 139.83 139.51 139.46 140.04 139.63 138.87 138.11 137.34 136.73 136.46 131.22 127.74 127.56 128.34 130.36 130.81 132.57 134.29 134.9 135.8 134.94 132.72 133.63 134.56 134.97 136.51 139.23 142.5 143.22 144.3 143.71 145.23 146.24 144.7 141.78 152.14 141.65 147.12 154.35 159.73 159.69 161.45 162.32 163.85 161.98 161.59 160.33 159.76 159.19 158.33
154.59 153.8 151.57 150.06 148.72 148.29 145.08 142.35 140.89 139.6 140.71 141.88 142.49 142.26 141.11 141.79 141.52 141.12 139.63 142.3 140.09 139.95 139.48 139.84 140.79 140.6 140.3 140.48 138.16 136.92 136.79 134.59 130.66 129.72 128.42 127.97 128.73 129.34 129.76 130.38 131.43 132.13 133.47 134.21 134.72 134.41 134.59 135.23 136.8 137.89 141.56 142.66 149.77 149.97 150.29 148.41 148.98 153.39 146.11 153.02 150.57 159.35 159.07 158.81 165.1 167.35 166.63 164.1 163.62 162.84 162.39 158.24 157.37 164.28
150.99 152.84 152.53 150.42 146.61 144.53 143.25 142.1 141.6 141.53 141.71 141.92 142.47 143 142.88 142.77 142.36 142.55 141.9 142.38 140.39 141.66 141.52 139.74 141.44 141.19 140.21 136.05 133.17 132.2 131.28 132.09 133.44 135.12 132.4 132.69 131.6 131.57 135.74 134.68 138.32 135.68 133.89 134.91 134.78 135.29 135.66 136.19 138.3 141 146.65 145.79 149.1 152.02 153.67 154.02 157.47 159.11 152.34 155.86 161.33 170.42 164.28 166.78 168.19 170.29 171.15 170.96 168.56 168.73 166.23 163.12 165.26 176.22
149.5 152.89 155.66 152.9 147.97 145.72 143.92 142.83 142.17 142.6 142.76 142.29 142.53 143 142.94 142.48 144.37 143.93 143 143.3 142.16 144.18 141.64 139.69 139.41 137.43 135.92 135.28 136.63 137.31 138.62 138.31 135.9 137.36 136.89 137.7 138.5 134.5 135.39 139.06 140.18 137.68 136.19 137.31 137.31 138.14 139.52 141.75 146.09 148.98 152.7 149.49 147.57 154.12 159.39 162.12 162.63 159.43 157.09 166.04 167.43 173.4 173.2 169.41 173.07 174.59 179.67 179.99 176.49 169.68 171.95 176.45 165.56 172.02
152.67 156.94 154.76 150.71 146.59 144.91 143.82 143.68 144.32 143.24 142.97 142.78 142.2 143.09 143.1 143.23 143.89 144.58 144.17 143 143.98 142.19 140.23 140.71 141.45 141.93 141.78 143.02 137.8 137.88 140.98 142.79 139.91 142.84 142.18 139.99 142.66 143.01 136.75 136.87 138.72 139.3 140.94 143.48 144.4 145.05 148.58 151.21 154.14 153.49 155.81 150.43 155.74 153.6 156.63 163.12 164.03 164.92 168.16 173.45 169.65 177.01 178.08 176.45 181.87 187.55 184.4 183.04 181.77 177 180.13 189.5 186.37 170.14
156.93 155.77 151.73 149.17 147.24 145.99 144.02 143.63 144.45 143.59 143.04 142.73 143 143.66 143.9 143.92 144 144.02 144.34 142.95 143.22 143.15 142.6 143.77 143.73 144.68 144.41 145.31 144.16 136.43 140.91 140.65 140.83 141.24 143.82 145.45 147.76 151.18 141.61 140.36 141.43 143.6 145.54 148.22 152.78 153.42 153.42 149.2 155.44 157.25 159.41 150.54 156.94 159.16 163.54 169.86 174.53 172.79 172.01 174.82 181.04 184.88 187.77 184.74 188.11 192.79 193.6 191.52 192.59 196.58 196.79 198.78 198.38 186.95
158.44 155.34 151.67 148.93 148.03 146.24 144.34 144.59 144.76 144.59 144.38 143.45 143.36 144.04 144.03 144.1 144.12 144.03 144.69 143.8 142.14 142.79 142.79 141.75 143.18 144.92 145.77 146.85 144.96 139.05 144.53 145.64 146.76 149.17 148.62 150.01 148.65 146.38 145.25 146 147.61 149.34 151.47 155.54 158.12 158.9 160.44 152.96 153.29 153.66 157.12 155.78 162.5 169.97 170.7 176.74 172.05 172.83 178.26 185.4 189.16 191.65 188.7 192.96 200.83 200.18 205.44 206.18 202.1 209.84 226.55 229.61 238.18 249.1
154.02 153.37 153.19 150.17 147.09 144.79 145.32 145.75 145.16 145.78 145.24 145.02 144.66 145.09 146.01 146.31 146.79 147.07 146.47 144.52 143.2 143.01 142.7 143.9 144.73 145.34 146.26 146.89 145.09 142.37 145.27 147.03 145.25 142.08 140 140.29 141.53 143.44 147.34 151.35 156.28 159.08 157.77 157.29 159.2 159.33 162.76 155.6 157.75 155.53 160.89 164.1 166.08 170.37 175.48 177.9 174.04 180.78 187.44 192.07 184.86 185.82 193.01 208.58 209.07 207.79 222.61 228.81 224.39 219.16 219.23 249.02 259.72 283.06
152.76 155.42 153.18 152.78 147.71 146.12 146.12 146.17 146.14 146.02 146.44 145.85 145.26 146.3 145.66 146.36 146.57 147.86 147.92 146.36 145.07 144.2 143.8 144.22 145.43 147.23 146.48 146.86 146.01 144.89 139.58 138.1 136.54 137.4 138.54 140.68 143.87 149.35 156.05 161.6 167.08 164.8 162.07 166.24 161.29 161.54 160.59 158.51 159.62 161.83 166.15 172.41 172.26 173.46 179.07 182.9 181.11 184.45 185.79 184.08 186.21 189.74 193.49 199.37 205.35 215.3 222.93 231.13 238.55 241 243.59 245.53 261.05 260
154.04 152.72 150.59 147.59 147.65 148.32 148.79 148.77 148 146.71 146.05 145.78 145.48 144.92 145.38 146.36 147.49 147.98 148.33 148.85 148.38 147.47 146.23 146.07 147.27 148.57 148.83 147.57 149.02 148.72 141.48 140.94 137.2 138.97 143.44 145.65 152.21 154.38 156.98 161.69 167.69 168.81 164.23 165.42 161.62 162.75 164.12 167.61 168.12 168.87 172.16 173.97 179.58 179.28 179.68 183.51 178.6 180.18 187.3 186.69 187.33 191 200.29 204.6 206.12 209.87 217.43 227.42 236.61 237.39 240.86 245.81 268.75 246.48
151.29 150.69 149.34 148.18 148.65 148.78 148.28 149.02 148.12 147.08 146.46 147.34 147.85 148.4 148.44 149.3 149.3 148.8 148.54 149.9 151.63 150.5 149.97 149.02 148.91 150.16 150.18 148.97 150.08 150.76 146.83 143.47 139.8 140.3 150.72 148.88 152.56 159.08 161.61 161.67 168.89 171.97 172.02 172.1 170.12 171.18 172.17 168.81 172.7 174.66 177.76 180.55 185.87 181.81 182.14 180.42 183.73 187.15 192.89 193.23 193.79 195.4 198.37 204.88 212.37 219.26 220.05 220.55 225.79 229.19 246.78 274.11 261.36 232.56
