taller 1/variables/bioclim10.asc
ncols         720
nrows         300
xllcorner     -30.008325510658
yllcorner     30.991671412252
cellsize      0.083333337679505
NODATA_value  -9999
[rows 0 to 32 of 300, columns 592 to 665 of 720]
-9999 -9999 -9999 -9999 -9999 -9999 -9999 -9999 -9999 -9999 -9999 -9999 -9999 -9999 -9999 -9999 -9999 -9999 -9999 -9999 160 159.89 159.44 158.78 158.31 158.65 158.51 158 157.4 156.73 156.42 156.72 156.61 156.77 157.86 159.36 159.43 159.95 160.13 160.15 159.45 159.95 160.78 161.43 161.22 161.46 161.81 162.19 162.14 162.31 162.12 162.51 162.81 163.06 163.18 163.59 163.75 163.97 163.78 163.94 163.88 163.51 162.76 162.55 162.72 162.11 161.71 161.32 161.31 161.03 160.95 160.87 160.9 160.47
-9999 -9999 -9999 -9999 -9999 -9999 -9999 -9999 -9999 -9999 -9999 -9999 -9999 -9999 -9999 -9999 -9999 -9999 -9999 -9999 159.875 160.01 159.61 158.9 158.65 157.85 157.56 157.64 157.97 157.74 157.58 157.69 157.77 157.55 157.16 157.4 157.35 158.15 157.76 159.8 160.3 160.48 160.66 160.73 160.53 160.87 160.78 160.99 161 161.44 161.76 162.06 162.31 162.75 163.03 163.18 163.29 163.39 163.9 163.93 163.79 162.77 162.35 162.21 162.28 162.35 161.96 161.35 161.08 160.87 160.98 160.94 160.93 160.65
-9999 -9999 -9999 -9999 -9999 -9999 -9999 -9999 -9999 -9999 -9999 -9999 -9999 -9999 -9999 -9999 -9999 -9999 -9999 -9999 160.5 159.9278 160.07 159.69 159.04 158.39 157.26 157.23 156.61 156.69 157.22 158.05 158.27 157.48 156.23 156.99 157.81 157.79 157.16 158.52 160.74 161 160.91 159.75 159.24 160.18 160.86 160.96 160.99 161.04 161.01 161.16 161.81 162.02 162.67 162.95 163.53 163.82 163.72 163.93 163.65 162.87 162.46 162.2 162.41 162 161.75 160.48 160.22 159.88 160.09 160.62 160.98 160.37
-9999 -9999 -9999 -9999 -9999 -9999 -9999 -9999 -9999 -9999 -9999 -9999 -9999 -9999 -9999 -9999 -9999 -9999 -9999 -9999 -9999 160.8485 160.77 160.49 160.29 159.51 158.24 157.44 156.71 157.11 157.5 158.08 158.49 158.14 157.6 156.7 157.36 157 157.31 157.85 158.6 158.98 159.07 159.44 160.6 161.05 160.83 160.92 160.96 161.13 161.07 161.29 161.51 162.41 162.93 163 163.45 164.08 164.02 163.95 163.59 162.92 162.53 162.48 162.44 161.08 160.91 160.44 160.16 160.3 160.12 160.62 160.71 159.52
-9999 -9999 -9999 -9999 -9999 -9999 -9999 -9999 -9999 -9999 -9999 -9999 -9999 -9999 -9999 -9999 -9999 -9999 -9999 -9999 -9999 161.75 161.7143 161.59 161.18 160.73 159.7 158.67 157.8 157.24 157.63 158.32 158.8 157.95 157.38 156.7 156.12 156.57 157.23 158.2 158.48 158.45 159.2 160.03 160.79 161.04 160.35 160.66 159.95 160.76 161.25 161.74 161.66 162.52 162.7 163.1 163.83 164.24 163.96 163.68 163.32 162.81 162.73 162.68 161.88 161.19 161.05 160.78 161.24 161.16 160.57 160.94 161.47 161.43
-9999 -9999 -9999 -9999 -9999 -9999 -9999 -9999 -9999 -9999 -9999 -9999 -9999 -9999 -9999 -9999 -9999 -9999 -9999 -9999 -9999 162.7143 162.8621 162.6 162.03 161.23 160.44 159.95 159.69 159.06 158.86 158.77 158.64 158.4 157.88 157.74 157.89 158.05 158.51 158.97 158.11 158.66 158.62 158.98 160.04 160.82 159.84 159.93 160.44 161 161.09 161.62 161.7 162.57 163.13 163.89 164.06 164.62 163.73 163.93 163.12 162.99 162.68 162.08 161.85 161.95 161.74 161.69 162.07 161.21 160.06 159.66 159.23 159.33
-9999 -9999 -9999 -9999 -9999 -9999 -9999 -9999 -9999 -9999 -9999 -9999 -9999 -9999 -9999 -9999 -9999 -9999 -9999 -9999 165.0833 164.3428 -9999 163.1023 162.46 161.85 160.91 160.72 160.42 159.98 159.49 159.45 159.8 159.53 159.86 159.66 158.73 158.33 158.66 159.44 159.33 160.13 160.21 159.5 159.74 160.26 160.97 161.14 161.32 161.26 161.75 162.14 162.36 163.02 163.77 163.99 164.65 164.26 163.98 163.94 163.02 162.75 162.11 161.97 162.14 162.08 162.07 162.76 162.76 160.87 160.16 159.99 159.23 158.8
-9999 -9999 -9999 -9999 -9999 -9999 -9999 -9999 -9999 -9999 -9999 -9999 -9999 -9999 -9999 -9999 -9999 -9999 -9999 -9999 165.8965 165.4 164.4118 163.8605 163 162.13 161.57 161.46 161.2 160.82 160.82 160.44 160.91 161.29 161.47 161.3 161.77 162.07 162.22 162.21 162.61 162.75 162.59 162.26 162.37 161.55 160.97 161.7 162.15 162.14 162.32 162.93 163.26 163.61 164.37 164.82 165.1 164.27 163.99 163.66 162.91 162.72 162.27 162.31 162.48 162.9 162.35 161.56 160.89 160.97 161.04 160.76 160.67 159.46
-9999 -9999 -9999 -9999 -9999 -9999 -9999 -9999 -9999 -9999 -9999 -9999 -9999 -9999 -9999 -9999 -9999 -9999 -9999 166.65 166.3333 -9999 -9999 164.2979 163.6 162.97 162.29 162.48 162.68 162.46 161.99 162.02 162.45 162.53 162.77 163.42 163.76 163.87 164.07 163.71 163.77 163.84 163.61 162.99 162.65 162.58 161.79 161.67 162.31 162.9 163.09 163.36 163.79 164.4 164.97 165.29 165.05 164.9 164.36 163.47 162.83 162.48 162.9 162.95 162.99 163.08 162.77 161.67 161.45 160.94 160.58 160.45 160.48 160.51
-9999 -9999 -9999 -9999 -9999 -9999 -9999 -9999 -9999 -9999 -9999 -9999 -9999 -9999 -9999 -9999 -9999 166 166.45 165.3333 -9999 -9999 165.7838 165.039 164.36 163.75 163.59 163.49 163.83 163.63 163.63 163.72 163.33 163.3 164.42 164.27 164.43 163.84 164.03 163.79 163.78 163.23 163.18 163.08 162.97 162.79 162.86 162.95 162.98 162.95 163.58 163.39 164.6 165.12 165.89 165.49 164.99 164.74 164.03 163.39 162.63 162.66 162.65 162.9 163.23 161.6 160.95 161.34 160.89 161.07 161.01 160.72 160.7 160.68
-9999 -9999 -9999 -9999 -9999 -9999 -9999 -9999 -9999 -9999 -9999 -9999 -9999 -9999 -9999 -9999 166.2222 166.069 166.3333 -9999 -9999 -9999 165.6889 165.39 165.33 164.86 164.65 164.62 164.76 164.65 164.78 164.94 164.07 164.26 165.45 164.59 164.02 163.85 163.87 163.96 164.12 164.22 163.84 163.64 163.86 163.62 163.57 163.4 163.76 164.31 163.88 164.19 165.05 166.09 165.69 165.03 164.76 164.24 163.84 163.55 163.87 163.52 163.76 163.17 161.93 160.8 161.84 161.72 161.01 162.11 161.98 160.45 159.94 160.48
-9999 -9999 -9999 -9999 -9999 -9999 -9999 -9999 -9999 -9999 -9999 -9999 -9999 -9999 166.75 166.0952 166.5333 -9999 -9999 -9999 -9999 -9999 166.2727 165.74 165.62 165.29 165.21 164.95 165.02 164.35 164.64 164.5 164.72 164.42 165.56 165.15 164.86 164.73 164.56 164.56 164.55 164.42 164.6 164.19 163.5 163.08 163.09 163.82 164.28 164.86 164.83 164.64 164.82 165.68 164.92 164.63 164 164.42 164.15 163.83 163.65 163.62 163.5 162.9 162.65 162.54 163.01 162.89 162.99 163.17 163.01 162.1 161.16 161.29
-9999 -9999 -9999 -9999 -9999 -9999 -9999 165.5185 164.9423 164.86 165.0517 165.9123 166.8571 166.5161 166.3056 166.3077 167 166.8049 167 -9999 -9999 167 167 166.4896 166.11 165.97 165.81 165.8 165.34 165.1 164.93 164.63 164.37 164.46 165.28 165.25 164.79 164.68 164.72 164.73 164.59 164.69 164.62 164.32 164.13 164.12 164.16 164.3 163.79 163.76 164.31 165.15 165.01 165.97 165.19 164.62 164.84 164.26 163.9 163.67 163.21 163.55 163.14 163.52 163.72 163.78 163.98 163.55 163.6 163.81 163.33 162.12 161.23 161.65
-9999 -9999 -9999 -9999 -9999 -9999 -9999 166.4516 165.31 165.14 164.98 164.87 165 165.72 165.8 165.65 166.37 166.73 167.0625 167.3448 167.0588 167.0947 166.98 166.73 166.38 166.31 166.39 166.02 165.64 164.99 164.86 164.83 164.8 165.45 165.7 165.18 164.92 164.7 164.64 164.78 164.84 164.53 164.69 164.66 164.95 165 164.95 164.55 164.25 164.14 164.24 164.64 165.01 164.88 165.37 165.55 164.95 164.92 164.48 163.91 163.26 163.12 162.09 162.42 162.7 163.37 164.81 163.78 163.7 163.4 162.49 163.01 163.85 163.75
-9999 -9999 -9999 -9999 -9999 -9999 -9999 167.8235 167.98 167.15 166.35 166.16 166.04 165.54 165.55 165.82 165.97 166.42 166.99 167.37 167.15 167.17 166.97 166.95 166.38 166.09 166.08 166.04 165.9 165.34 164.78 164.96 165.39 165.31 165.18 164.49 164.18 164.19 164.69 164.71 164.74 164.96 164.97 165.19 165.27 165.26 165.29 164.97 164.91 164.56 164.39 164.56 164.58 164.43 165.1 164.98 164.18 164.48 163.74 162.07 162.58 162.59 162.3 163.43 163.27 162.67 164.91 165.51 163.58 163.01 162.73 164.07 164.82 163.65
-9999 -9999 -9999 -9999 -9999 -9999 169 169.2273 169.1667 168.8652 168.7869 168.4194 168.2353 167.76 166.87 166.94 167.38 167.31 167.62 167.64 167.47 167.28 166.89 166.82 167.16 167.04 166.79 166.28 166.63 166.14 166.22 165.83 165.16 165.1 165.08 164.76 164.27 164.33 164.74 164.93 164.99 164.93 164.91 165.12 164.99 165.08 164.95 165.02 165.05 164.67 164.41 164.58 164.3 164.99 164.71 163.85 163.63 164.49 162.78 161.98 160.13 159.18 160.27 162.25 162.09 160.3 162.99 163.81 165.66 165.18 165.41 165.8 163.03 163.57
-9999 -9999 -9999 -9999 -9999 171 170.08 169.5 -9999 170.4286 168.7222 169.8732 169.4536 168.6 167.87 167.6 167.61 167.67 167.66 167.86 168.11 167.88 167.83 167.71 167.53 167.6 167.51 167.15 167.04 167.15 166.82 166.57 166.23 165.88 165.63 165.54 165.5 165.19 164.66 164.16 163.74 163.48 163.45 164.21 164.57 164.52 164.41 164.09 164.64 164.66 163.64 163.33 163.46 162.96 162.68 163.77 164.43 163.7 162.81 162.81 160.17 157.78 159.22 160.12 161.41 161.99 162.33 163.84 164.63 165.88 165.66 163.43 162.93 161.65
-9999 -9999 -9999 -9999 171.1818 170.9545 -9999 171.2258 170.7727 169.3804 168.97 169.37 169.59 169.67 169.1 168.56 168.28 168.14 167.97 167.81 168.12 168.41 168.45 167.93 167.47 167.38 167.19 167.23 167.58 167.14 166.77 166.17 165.76 165.89 165.57 165.58 164.95 164.01 163.23 162.31 160.15 159.11 160.83 162.51 162.58 162.71 163.43 163.8 164.08 163.31 163.74 163.83 163.74 163.43 164.14 164.44 164.12 163.06 162.6 162.34 161.95 161.38 161.08 160.72 161.02 161.22 162.84 164.31 164.71 165.65 165.86 165.52 163.25 160.83
-9999 -9999 171.5556 171.5 171.7692 172.5641 172.0952 171.32 169.08 167.51 167.24 167.28 166.53 166.9 168.48 168.84 168.94 168.27 168.51 169 169.06 168.94 168.84 168.48 167.83 167.81 167.55 167.5 167.64 166.85 165.3 164.25 165.48 166.19 165.54 164.56 163.23 162.01 160.36 159.11 158.32 156.52 156.36 157.48 158.73 160.19 162.44 162.86 162.89 162.95 164.09 164.14 163.8 164.37 164.83 164.18 163.2 160.98 159.86 160.28 160.2 160.27 160.42 160.52 161.66 161.91 163.29 164.74 165.6 165.81 165.53 164.8 163.94 162.81
169.6956 170.95 171.2 171.3478 172.6029 172.43 172.34 170.51 169.33 168.12 167.73 166.83 166.35 164.96 165.94 168.13 168.38 167.59 168.47 168.96 169.05 168.89 168.31 168.36 167.88 167.52 167.33 167.11 166.36 165.01 165.02 164.93 165.33 165.27 164.48 162.54 161.4 159.99 159.52 159.49 157.85 156.17 155 157.59 159 160.76 161.45 162.39 162.11 162.86 162.54 162.66 163.35 163.7 162.87 162.96 163.46 162.02 160.02 159.56 160.78 160.65 160.38 160.78 161.54 162.65 163.98 164.73 164.71 164.96 165.18 164.26 163.84 163.21
171.3871 167.4194 166.3939 168.27 171.78 171.99 172.36 171.26 169.12 169.88 169.91 169.23 168.61 167.52 168.61 169.61 168.8 169.96 170.18 170.25 170.1 169.76 169.35 168.86 168.38 167.77 167.49 167.82 165.89 165.97 166.89 166.66 165.84 163.86 163.04 160.97 159.78 160.4 158.5 158.5 156.48 155.45 157.12 158.29 158.01 157.62 160.15 160.25 160.56 161.2 162.06 160.88 163.5 162.89 161.9 162.43 162.64 161.26 161.11 161.24 160.99 160.45 160.83 161.01 161.91 162.4 162.79 163.25 163.81 164.74 165.14 164.92 164.29 164.08
171.6771 167.46 164.42 167.25 171.26 172.56 172.38 172.96 172.12 171.76 171.23 171.74 170.83 169.94 171.71 171.49 171.02 170.84 170.93 171.11 171.05 170.64 169.89 168.48 167.72 167.58 167.3 167.26 167.14 166.4 166.16 165.98 165.11 164.47 163.27 159.43 159.08 160.59 159.41 159.28 158.41 157.58 157.67 157.81 158.13 159.79 160.85 160.77 161.09 161.42 161.56 161.52 162.33 161.47 162.39 163.57 163.14 162.68 162.58 161.82 161.61 161.48 160.99 160.77 160.63 160.92 162.67 164.01 163.85 163.79 164.5 164.23 164.73 164.6
172.45 172.98 171.37 172.08 172.04 172.51 173.11 173.54 174.31 173.97 173.89 173.75 173.9 173.88 173.07 172.03 170.67 170.86 170.17 170.18 170.95 168.26 167.37 169.04 167.36 166.8 167.24 167.84 168.22 167.81 167.06 167.53 164.98 164.19 165.24 163.83 161.16 161.15 161.28 161.33 160.61 159.67 159.52 159.82 160.47 161.35 161.67 162.03 162.23 161.88 162.49 162.98 162.72 162.85 163.11 162.34 162.31 163.63 163.75 162.86 162.24 161.74 161.36 161.37 161.09 162.07 162.39 163.78 164.74 164.74 164.6 164.36 165.34 164.59
172.81 173.61 173.61 172.92 171.51 171.71 170.13 169.99 172.13 174.28 173.89 174.39 174.91 174.2 173.08 173.13 171.85 170.06 169.16 169.14 170.61 169.51 167.74 168.36 167.77 168.05 168.57 169.22 169.71 169.53 168.74 168.12 167.6 166.88 166.19 165.4 164.38 163.34 163.41 162.37 161.9 161.15 161.22 160.83 161.28 161.82 161.9 162.35 162.34 162.4 162.56 163.26 163.27 163.7 163.78 163.94 164.22 164.17 162.99 162.31 162.44 162.3 162.49 162.62 163.2 163.37 163.48 164 165.09 165.87 165.58 164.57 165.84 165.49
171.46 170.45 170 169.51 169.73 169.77 169.77 171.01 172.42 172.9 174.97 174.5 175.76 175.42 173.37 172.36 172.34 171.18 170.27 168.54 168.41 168.05 168.08 168.53 167.69 168.53 170.48 170.77 171.42 171.42 170.39 169.15 167.69 167.95 167.67 167.44 165.96 165.15 164.48 163.37 162.28 162.11 162.49 162.83 162.41 162.19 162.32 162.75 162.84 162.96 163.47 163.77 164.2 164.58 164.99 164.79 164.01 164 163.41 163.06 162.99 162.91 163.13 163.34 163.58 164.05 164.73 165.02 165.12 166.21 165.47 165.44 165.97 166.32
168.99 169.17 169.49 169.93 170.13 171.16 172.1 172.35 173.8 174.51 175.12 174.39 176.9 176.84 175.28 174.62 173.32 172.53 172.07 170.48 169.79 169.39 169.77 170.22 170.21 171.38 173.78 174.52 173.67 172.7 171.47 170.01 170 169.26 168.67 167.82 167.05 166.2 165.53 164.78 163.59 163.31 163.79 163.68 163.26 162.99 162.91 163.24 163.52 163.82 164.12 164.23 164.81 165.49 164.91 164.63 164.64 164.39 164.16 164.47 164.2 163.78 164.14 164.17 163.66 164.03 164.6 165.16 166.11 166.59 165.94 166.79 167.47 168.12
168.13 168.35 169.58 170.76 171.1 172.46 172.34 172.2 173.87 174.98 175.94 176.19 177.3 178.29 176.74 175.8 174.77 173.73 171.66 171.23 170.73 171.36 171.14 171.37 171.85 173.77 175.71 176.55 175.4 174.58 173.66 172.34 171.2 170.61 169.14 168.06 167.86 167.11 166.61 166.59 165.9 164.76 165.02 164.74 164.52 163.86 163.95 163.76 164.24 163.7 164.01 162.61 161.97 164.5 165.4 165.56 165.23 165.49 165.06 165.05 165.05 164.74 164.17 164.15 164.51 164.81 165.4 166.27 166 166.74 167.35 167.68 168.18 168.67
168.29 169.19 169.4 170.53 170.94 172.03 172.79 173.22 174.21 173.7 174.57 176.15 177.02 177.19 175.63 174.9 174.54 173.34 172.61 172.71 172.04 171.92 172.38 173.46 174.08 175.11 176.57 176.29 175.73 175.62 174.86 173.34 172.07 170.65 169.18 167.51 168.55 168.26 167.96 167.38 166.67 166.35 165.91 165.41 164.74 164.23 164.27 164.31 164.7 164.57 164.27 162.95 163.03 165.35 164.9 165.3 166.4 166.44 166.5 166.21 165.92 165.39 164.67 164.38 164.72 165.04 165.02 166.15 167.26 167.46 167.58 167.35 168.38 168.63
169.54 170.36 170.74 171.69 172.59 172.67 171.77 169.97 172.55 173.21 172.98 173.41 174.27 174.64 174.48 174.63 174.47 174.32 173.6 173.11 172.58 173.07 173.26 174.03 175.01 175.29 176.11 175.82 176 175.85 174.97 173.02 171.81 170.43 169.37 169.22 168.64 168.9 168.95 168.24 167.41 166.88 166.62 166.26 165.84 164.7 162.31 161.99 163.25 164.06 163.14 162.82 164.11 165.25 164.32 165.94 166.68 167.09 167.64 167.41 166.89 166 165.62 165.2 164.82 164.05 164.71 166.9 168.11 167.87 168.49 168.76 168.82 168.77
170.3 170.27 170.67 171.31 171.76 170.18 167.82 165.88 169.37 170.27 171.01 171.65 172.68 173.93 173.96 174.15 174.18 174.25 174.33 174.05 174 174.31 174.76 175.2 175.08 176.27 177.09 176.72 176.85 176.1 175.08 173.36 171.62 169.25 169.22 170.39 169.7 169.59 169.03 168.55 167.96 167.68 166.94 166.11 165.78 164.52 163.46 162.08 162.85 163.24 163.58 163.51 162.92 162.91 163.43 165.96 168 168.16 167.98 167.94 167.8 167.54 167.36 166.88 166.99 166.45 166.49 167.79 168.56 168.77 168.73 167.74 168.28 168.95
170.81 170.77 170.73 171.86 171.7 170.33 168.28 168.58 169.44 168.55 169.07 170.12 170.73 172 172.48 173.11 173.72 174.2 174.5 174.51 174.84 174.9 175.41 175.97 176.36 177.51 177.63 177.77 177.39 176.29 175.31 173.54 171.96 171 169.52 170.59 171.19 170.56 170.12 168.94 167.67 165.5 165.01 164.03 165.03 164.72 163.76 163.62 162.83 163.52 162.85 164.3 163.01 164.01 165.66 167.51 168.74 168.43 168.37 168.86 168.69 168.47 168.39 168.35 168.67 168.44 168.86 168.97 169.2 168.97 168.53 167.33 166.88 165.92
171.49 171.36 171.98 170.75 171.16 171.13 170.36 170.57 170 169.52 169.5 169.01 169.35 169.92 170.01 172.33 173.69 173.97 174.35 174.88 175.56 175.85 176.37 176.95 177.58 177.91 177.71 177.52 177.26 176.81 175.83 174.81 173.44 172.25 170.23 170.3 170.54 171.09 170.6 169.46 167.38 166.49 166.97 166.24 165.21 164.75 163.26 163.54 164.41 164.16 164.11 163.48 164.05 166.16 167.94 168.18 167.98 167.96 167.96 167.92 168.4 168.56 168.67 168.88 169.14 169.5 169.12 169.43 169.59 169.31 168.7 167.66 166.39 165.87
172.18 172.66 173.16 172.8 171.15 170.53 171.21 170.69 169.6 168.93 169.16 169.04 169.13 168.65 170.42 172.27 171.37 173.6 174.83 175.5 176.23 176.94 177.37 177.21 177.81 177.92 177.95 177.81 177.36 176.82 176.49 175.15 173.66 172.11 171.25 170.36 170.41 171.21 170.91 170.25 169.08 168.54 167.96 166.61 164.12 164.13 164.73 164.5 164.65 164.46 164.63 164.84 164.85 166.25 168.49 166.46 165.33 166.35 167.5 167.15 167.38 167.97 166.6 167.54 169 169.98 168.9 169.67 169.92 169.99 169.74 169.19 166.93 166.27
