taller 1/variables/bioclim1.asc
ncols         720
nrows         300
xllcorner     -30.008325510658
yllcorner     30.991671412252
cellsize      0.083333337679505
NODATA_value  -9999
[rows 264 to 296 of 300, columns 222 to 295 of 720]
-9999 -9999 -9999 -9999 -9999 -9999 -9999 -9999 -9999 -9999 -9999 -9999 -9999 -9999 -9999 -9999 -9999 -9999 -9999 -9999 -9999 -9999 -9999 -9999 -9999 -9999 -9999 -9999 -9999 -9999 -9999 -9999 -9999 -9999 -9999 -9999 -9999 -9999 -9999 -9999 -9999 -9999 -9999 -9999 -9999 -9999 -9999 -9999 -9999 -9999 -9999 -9999 -9999 -9999 179.8696 178.0761 178.27 178.62 179.91 181.96 181.01 181.69 182.6 181.49 181.98 183.67 185.34 189.86 184.71 181.52 181.71 181.07 174.69 171.5
-9999 -9999 -9999 -9999 -9999 -9999 -9999 -9999 -9999 -9999 -9999 -9999 -9999 -9999 -9999 -9999 -9999 -9999 -9999 -9999 -9999 -9999 -9999 -9999 -9999 -9999 -9999 -9999 -9999 -9999 -9999 -9999 -9999 -9999 -9999 -9999 -9999 -9999 -9999 -9999 -9999 -9999 -9999 -9999 -9999 -9999 -9999 -9999 -9999 -9999 -9999 -9999 180.0833 179.1452 178.2755 176.42 176.56 179.52 178.8 178.42 180.14 178.71 178.37 177.59 177.61 177.96 184.11 184.75 179.86 174.38 172.62 170.03 168.11 166.78
-9999 -9999 -9999 -9999 -9999 -9999 -9999 -9999 -9999 -9999 -9999 -9999 -9999 -9999 -9999 -9999 -9999 -9999 -9999 -9999 -9999 -9999 -9999 -9999 -9999 -9999 -9999 -9999 -9999 -9999 -9999 -9999 -9999 -9999 -9999 -9999 -9999 -9999 -9999 -9999 -9999 -9999 -9999 -9999 -9999 -9999 -9999 -9999 -9999 -9999 179.4444 179.0253 178.49 177.35 176.24 175.18 175.19 179.12 175.53 177.27 177.62 177.09 174.89 177.59 176.83 178.47 187.04 184.5 173.82 167.85 167.04 164.09 163.99 163.13
-9999 -9999 -9999 -9999 -9999 -9999 -9999 -9999 -9999 -9999 -9999 -9999 -9999 -9999 -9999 -9999 -9999 -9999 -9999 -9999 -9999 -9999 -9999 -9999 -9999 -9999 -9999 -9999 -9999 -9999 -9999 -9999 -9999 -9999 -9999 -9999 -9999 -9999 -9999 -9999 -9999 -9999 -9999 -9999 -9999 -9999 -9999 -9999 179.1053 178.7429 177.88 176.44 175.66 175.36 174.18 173.68 175.15 178.65 172.96 176.89 177.6 180.68 181.41 179.66 179.9 180.1 176.63 168.52 163.72 163.77 160.68 160.21 159.44 154.64
-9999 -9999 -9999 -9999 -9999 -9999 -9999 -9999 -9999 -9999 -9999 -9999 -9999 -9999 -9999 -9999 -9999 -9999 -9999 -9999 -9999 -9999 -9999 -9999 -9999 -9999 -9999 -9999 -9999 -9999 -9999 -9999 -9999 -9999 -9999 -9999 -9999 -9999 -9999 -9999 -9999 -9999 -9999 -9999 -9999 176.7692 176.74 177.4776 177.303 177.24 176.35 175.75 174.58 173.82 174.12 171.96 173.79 173.95 173.37 173.11 176.26 178.87 180.1 180.58 169.56 167.45 164.49 173.06 165.87 154.56 152.63 149 148.84 141.79
-9999 -9999 -9999 -9999 -9999 -9999 -9999 -9999 -9999 -9999 -9999 -9999 -9999 -9999 -9999 -9999 -9999 -9999 -9999 -9999 -9999 -9999 -9999 -9999 -9999 -9999 -9999 -9999 -9999 -9999 -9999 -9999 -9999 -9999 -9999 -9999 -9999 -9999 -9999 -9999 -9999 -9999 177 176.2727 175.7164 174.3163 174.54 174.71 175.64 176.85 176.24 176.31 177.17 174.47 175.2 173.05 173.94 172.74 173.92 172.39 172.34 174.71 176.21 168.95 165.83 153.75 148.81 157.92 155.91 143.84 141.51 138.79 150.03 145.87
-9999 -9999 -9999 -9999 -9999 -9999 -9999 -9999 -9999 -9999 -9999 -9999 -9999 -9999 -9999 -9999 -9999 -9999 -9999 -9999 -9999 -9999 -9999 -9999 -9999 -9999 -9999 -9999 -9999 -9999 -9999 -9999 -9999 -9999 -9999 -9999 -9999 -9999 -9999 175 175.5714 175.4909 174.9681 174.09 173.34 173.15 173.76 174.14 175.96 176.69 177.97 177.66 177.16 177.11 173.82 175.31 173.7 170.9 170.64 166.69 163.58 172.34 175.21 169.31 155.79 145.39 143.23 145.33 153.68 146.83 150.85 154.77 154.25 151.15
-9999 -9999 -9999 -9999 -9999 -9999 -9999 -9999 -9999 -9999 -9999 -9999 -9999 -9999 -9999 -9999 -9999 -9999 -9999 -9999 -9999 -9999 -9999 -9999 -9999 -9999 -9999 -9999 -9999 -9999 -9999 -9999 -9999 -9999 -9999 -9999 -9999 175 174.5455 174.1011 173.83 173.27 172.5 171.96 172.09 172.91 173.83 175.19 176.69 177.69 178.36 179.01 179.16 178.66 175.44 175.84 174.14 170.27 168.77 164.45 168.47 172.34 162.17 163.68 156.81 152.58 149.46 141.66 137.07 146.89 155.65 158.14 153.19 149.58
-9999 -9999 -9999 -9999 -9999 -9999 -9999 -9999 -9999 -9999 -9999 -9999 -9999 -9999 -9999 -9999 -9999 -9999 -9999 -9999 -9999 -9999 -9999 -9999 -9999 -9999 -9999 -9999 -9999 -9999 -9999 -9999 -9999 -9999 -9999 173.4286 174.08 173.9583 174.02 172.27 171.62 172.02 171.96 171.85 172.1 173.54 174.83 176.21 177.53 178.69 178.99 177.69 178.86 176.06 178.75 176.76 172.82 169.31 167.56 165.72 168.2 172.74 164.17 163.35 154.51 157.18 146.24 143.63 142.8 145.89 150.44 153 152.69 140.74
-9999 -9999 -9999 -9999 -9999 -9999 -9999 -9999 -9999 -9999 -9999 -9999 -9999 -9999 -9999 -9999 -9999 -9999 -9999 -9999 -9999 -9999 -9999 -9999 -9999 -9999 -9999 -9999 -9999 -9999 -9999 -9999 -9999 -9999 174.7692 173.5862 173.8 172.77 172.72 173.37 173.96 172.46 172.52 172.95 173.32 174.55 175.88 177.22 178.25 178.82 178.36 176.92 176.46 177.03 175.76 169.68 170.66 169.88 167.35 167.33 172.19 174.93 165.48 158.42 150.66 157.17 147.62 141.64 140.57 147.22 145.39 146.91 143.54 121.5
-9999 -9999 -9999 -9999 -9999 -9999 -9999 -9999 -9999 -9999 -9999 -9999 -9999 -9999 -9999 -9999 -9999 -9999 -9999 -9999 -9999 -9999 -9999 -9999 -9999 -9999 -9999 -9999 -9999 -9999 -9999 -9999 -9999 -9999 175.1346 175.02 175.24 174.07 173.62 172.87 175.81 175.23 174.22 173.83 173.67 175.39 176.69 176.99 176.82 175.65 174.93 174.49 174.54 175.26 174.44 170.08 168.88 167.74 169.24 175.1 176.11 172.96 172.6 170.75 163.43 159.6 146.61 136.8 144.62 147.9 144.43 145.88 135.48 122.42
-9999 -9999 -9999 -9999 -9999 -9999 -9999 -9999 -9999 -9999 -9999 -9999 -9999 -9999 -9999 -9999 -9999 -9999 -9999 -9999 -9999 -9999 -9999 -9999 -9999 -9999 -9999 -9999 -9999 -9999 -9999 -9999 -9999 178.0976 176.34 175.96 176.72 176.25 175.06 175.62 177.53 177.98 175.42 173.37 172.56 173.06 173.24 173.8 172.79 171.79 171.54 170.63 170.75 171.53 173.63 173.82 171.37 169.59 169.87 173.36 170.17 169.69 174.8 175.36 172.59 157.31 147.27 152.08 156.39 151.39 150.62 148.08 133.52 130.15
-9999 -9999 -9999 -9999 -9999 -9999 -9999 -9999 -9999 -9999 -9999 -9999 -9999 -9999 -9999 -9999 -9999 -9999 -9999 -9999 -9999 -9999 -9999 -9999 -9999 -9999 -9999 -9999 -9999 -9999 -9999 -9999 180.125 178.3673 177.75 176.9 177.85 177.71 178.47 179.46 179.52 179.58 176.45 174.63 173.47 171.86 171.81 171.49 172.01 171.42 170.49 169.68 169.59 169.7 172.14 173.23 173.06 173.24 172.14 169.86 166.25 167.74 174.08 171.11 168.91 166.19 160.72 159.26 158.7 156.91 154.42 139.58 127.79 121.18
-9999 -9999 -9999 -9999 -9999 -9999 -9999 -9999 -9999 -9999 -9999 -9999 -9999 -9999 -9999 -9999 -9999 -9999 -9999 -9999 -9999 -9999 -9999 -9999 -9999 -9999 -9999 -9999 -9999 -9999 184 181.5536 178.57 178.96 178.31 178.39 178.95 179.61 180.02 181.36 181.15 181.88 179.03 176.27 175.17 174.5 172.06 170.99 171.14 171.39 170.9 171.49 171.4 171.35 172.12 172.88 173.97 176.36 175.61 176.73 175.23 172.63 171.12 167.79 169.06 171.21 166.9 162.86 164.19 161.22 158.28 149.22 140.65 131.95
-9999 -9999 -9999 -9999 -9999 -9999 -9999 -9999 -9999 -9999 -9999 -9999 -9999 -9999 -9999 -9999 -9999 -9999 -9999 -9999 -9999 -9999 -9999 -9999 -9999 -9999 -9999 -9999 -9999 184.7778 182.3288 179.77 180.51 180.37 180.01 180.08 180.71 181.36 181.97 182.84 182.94 181.56 182.74 178.95 177.2 175.77 174.22 173.95 175.28 175.46 175.06 175.16 174.79 174.16 176.37 178.77 179.18 180.29 181.77 182.99 182.77 181.45 179.66 180.05 176.11 173.7 169.4 168.58 170.03 165.37 159.99 158.95 147.62 143.98
-9999 -9999 -9999 -9999 -9999 -9999 -9999 -9999 -9999 -9999 -9999 -9999 -9999 -9999 -9999 -9999 -9999 -9999 -9999 -9999 -9999 -9999 -9999 -9999 -9999 -9999 -9999 -9999 184.9 183.0118 180.98 181.84 182.02 181.81 181.18 181.69 182.25 183.02 183.85 184.67 182.4 178.94 181.69 183.65 182.85 181.96 178.54 177.76 177.14 177.66 177.22 177.17 176.99 177.52 180.4 181.23 182.8 184.74 185.55 186.67 187.22 187.42 187.27 186.39 184.07 182.22 178.79 174.99 163.06 146.31 138.63 136.09 126.18 123.1
-9999 -9999 -9999 -9999 -9999 -9999 -9999 -9999 -9999 -9999 -9999 -9999 -9999 -9999 -9999 -9999 -9999 -9999 -9999 -9999 -9999 -9999 -9999 -9999 -9999 -9999 -9999 184.56 183.1236 182.42 182.68 183.19 183.6 182.79 182.62 183.19 183.94 184.64 185.47 185.94 183.14 178.19 180.78 184.86 186.21 185.74 180.93 179.54 179.47 180.16 180.05 180.36 180.77 183.1 184.37 185.05 186.34 186.92 187.63 188.23 189.02 190.42 192.17 191.35 187.9 179.67 172.37 147.6 126.41 120.46 117.27 116.15 117.46 126.61
-9999 -9999 -9999 -9999 -9999 -9999 -9999 -9999 -9999 -9999 -9999 -9999 -9999 -9999 -9999 -9999 -9999 -9999 -9999 -9999 -9999 -9999 -9999 -9999 -9999 -9999 185 184.4526 183.81 184.44 184.76 184.88 184.74 184.55 184.28 184.72 185.44 185.46 185.25 183.94 182.68 180.54 178.97 180.75 180.48 186.3 186.95 184.84 185.83 186.43 185.99 184.52 186.06 186.8 187.42 188.23 188.57 188.91 188.68 188.44 189.27 190.56 192.04 191.17 179.53 147.69 133.44 118.3 119.1 120.27 122.83 121.71 120.73 117.56
-9999 -9999 -9999 -9999 -9999 -9999 -9999 -9999 -9999 -9999 -9999 -9999 -9999 -9999 -9999 -9999 -9999 -9999 -9999 -9999 -9999 -9999 -9999 -9999 -9999 -9999 -9999 186.2597 185.7 186.5 185.69 185.62 185.64 185.71 185.57 185.98 185.96 183.15 180.15 178.8 179.47 179.42 175.67 176.64 182.13 187.1 189.71 191.33 191.47 192.03 191.96 191.01 190.11 189.95 190.04 190.3 190.2 189.68 189.01 188.26 187.42 186.78 187.81 185.05 166.56 149.39 148.18 135.16 139.31 139.35 130.38 120.3 111.31 108.3
-9999 -9999 -9999 -9999 -9999 -9999 -9999 -9999 -9999 -9999 -9999 -9999 -9999 -9999 -9999 -9999 -9999 -9999 -9999 -9999 -9999 -9999 -9999 -9999 -9999 -9999 185.375 185.9596 187.03 187.21 187.26 186.91 187.2 187.17 186.66 186.77 186.57 184.13 180.69 178.38 176.96 176.8 177.09 178.13 182.22 187.18 190.98 191.34 190.75 190.87 192.48 193.58 192.41 192.3 192.15 191.94 191.16 190.55 189.4 187.49 185.22 183.36 179.03 156.65 140.63 137.53 137.21 139.52 140.88 138.83 136.27 120.69 116.46 110.19
-9999 -9999 -9999 -9999 -9999 -9999 -9999 -9999 -9999 -9999 -9999 -9999 -9999 -9999 -9999 -9999 -9999 -9999 -9999 -9999 -9999 -9999 -9999 -9999 -9999 -9999 -9999 190.1461 188.32 187.93 188.64 188.86 188.8 186.37 185.4 187.27 186.13 185.66 185.54 181.3 179.85 179.06 177.75 178.22 181.3 185.18 189.34 190.62 189.84 189.54 192.68 193.85 193.92 193.88 193.22 192.29 191.75 190.34 188.89 187.24 184.47 173.13 149.8 133.56 148.98 145.17 127.53 119.06 115.03 114.15 128.06 115.24 103.33 104.81
-9999 -9999 -9999 -9999 -9999 -9999 -9999 -9999 -9999 -9999 -9999 -9999 -9999 -9999 -9999 -9999 -9999 -9999 -9999 -9999 -9999 -9999 -9999 -9999 -9999 -9999 191.3333 188.5521 188.91 189.19 188.29 186.77 182.52 178.97 182.67 182.16 178.98 180.78 183.01 183.03 183.02 182.3 181.81 183.91 185.97 187.82 189.21 189.94 191.04 191.65 192.34 193.39 193.18 193.69 192.38 189.71 186.17 181.32 173.49 173.27 169.26 147.01 143.95 161.29 154.46 116.59 105.84 101.26 97.49 97.27 101.51 96.47 88.1 86.77
-9999 -9999 -9999 -9999 -9999 -9999 -9999 -9999 -9999 -9999 -9999 -9999 -9999 -9999 -9999 -9999 -9999 -9999 -9999 -9999 -9999 -9999 -9999 -9999 -9999 -9999 188.4444 186.18 186.46 186.1 181.51 179.92 177.24 180.44 181.88 179.37 177.86 178.94 179.37 180.7 182.74 183.86 186.69 189.8 191.37 191.92 191.93 192.03 192.06 192 192.31 191.91 191.13 191.79 184.46 183.36 178.23 174.65 174.22 167.08 161.62 172.46 155.26 141.34 116.29 102.3 101.05 81.17 76.05 97.91 91.93 99.56 95.97 105.21
-9999 -9999 -9999 -9999 -9999 -9999 -9999 -9999 -9999 -9999 -9999 -9999 -9999 -9999 -9999 -9999 -9999 -9999 -9999 -9999 -9999 -9999 -9999 -9999 -9999 187.3333 187.0421 185.86 183.12 177.27 171.77 172.54 179.27 183.71 184.36 183.28 182.01 182.83 182.8 183.36 184.92 186.97 189.67 191.84 192.83 191.95 190.88 190.64 189.39 190.25 190.58 190.4 189.04 183.63 176.42 177.33 180.15 171.37 158.59 152.58 152.93 160.49 143.09 147.94 138.99 113.58 106.1 105.65 96.45 84.79 76.03 84.59 97.37 95.86
-9999 -9999 -9999 -9999 -9999 -9999 -9999 -9999 -9999 -9999 -9999 -9999 -9999 -9999 -9999 -9999 -9999 -9999 -9999 -9999 -9999 -9999 -9999 -9999 184.4375 184.5604 187.8 184.05 177.37 173.31 173.87 172.63 185.49 187.96 187.29 187.34 186.22 182.09 180.95 182.31 185.84 187.8 189.73 190.81 185.95 181.97 178.06 176.96 183.61 187.85 187.26 188.48 186.17 181.04 169.65 167.68 164.39 163.81 161.02 149.25 125.86 137.61 143.8 122.34 134.2 103.16 97.97 105.82 86.85 80.37 81.97 86.63 92.61 97.34
-9999 -9999 -9999 -9999 -9999 -9999 -9999 -9999 -9999 -9999 -9999 -9999 -9999 -9999 -9999 -9999 -9999 -9999 -9999 -9999 -9999 -9999 -9999 180.8125 180.0889 178.63 185.07 186.07 186.08 185.44 184.01 183.58 190.16 192.55 191.35 190.97 188.76 186.35 181.56 187.01 184.76 183.9 184.3 183.65 183.86 183.94 183.35 184.8 185.97 186.37 185.94 186.48 184.98 181.02 173.87 168.79 166.09 160.61 153.44 141.82 134.1 131.35 115.21 99.79 121.19 109.04 87.64 84.95 91.09 94.95 82.07 82.84 97.73 115.4
-9999 -9999 -9999 -9999 -9999 -9999 -9999 -9999 -9999 -9999 -9999 -9999 -9999 -9999 -9999 -9999 -9999 -9999 -9999 -9999 -9999 -9999 177.1818 177.1111 174.3 173.47 170.29 178.4 185.18 189.19 189.9 189.25 191.81 195.28 194.94 193.32 193.38 192.13 191.62 194.37 194.72 191.99 191.48 191.24 191.15 186.57 187.99 187.41 185.18 183.44 182.38 182.78 181.11 178.64 170.32 165.34 162.05 153.29 136.31 124.11 117.46 107.48 92.24 81.5 81.95 95.51 80.11 82.31 111.59 91.51 90.55 107.2 119.27 120.7
-9999 -9999 -9999 -9999 -9999 -9999 -9999 -9999 -9999 -9999 -9999 -9999 -9999 -9999 -9999 -9999 -9999 -9999 -9999 -9999 -9999 -9999 175.8 171.22 167.15 168.38 163.61 166.27 178.73 181.13 187.83 191.48 193.22 192.87 194 194.54 194.96 195.54 196.12 196.62 197.42 197.47 197.35 196.17 194.33 191.67 190.05 187.06 184.1 180.69 176.03 172.16 165.74 160.53 158.9 160.92 149.49 144.43 132.66 126.6 110.45 108.69 89.73 65.67 65.73 71.29 86.15 109.74 113.32 92.28 106.03 128.21 122.45 135.46
-9999 -9999 -9999 -9999 -9999 -9999 -9999 -9999 -9999 -9999 -9999 -9999 -9999 -9999 -9999 -9999 -9999 -9999 -9999 -9999 -9999 173.4167 172.28 172.07 167.2 163.74 165.07 171.07 175.3 175.56 177.69 185.41 187.65 190.77 191.14 191.68 191.98 192.57 194.1 195 195.48 195.89 195.23 194.7 193.36 189.58 186.96 182.08 177.87 171.48 165.52 163.24 141.6 131.8 132.17 133.89 123.53 105.46 115.79 114.13 101.58 92.15 86.42 98.09 99.97 87.13 87.59 111.73 97.03 88.38 114.89 127.17 138.97 159.19
-9999 -9999 -9999 -9999 -9999 -9999 -9999 -9999 -9999 -9999 -9999 -9999 -9999 -9999 -9999 -9999 -9999 -9999 -9999 -9999 173.4 172.025 170.31 168.88 169.06 166.37 164.87 167.28 171.75 175.02 177.3 179.28 183.45 185.4 184.5 186.07 186.68 188.19 190.12 192.03 191.35 189.86 189.35 190 189.28 185.14 174.72 171.45 164.85 153.93 139.35 151.63 147.04 137.63 123.59 118.48 91.63 61.35 97.4 71.74 59.59 62.48 78.16 90.59 102.43 94.02 113.3 113.39 113.24 117.33 142.55 161.03 166.8 173.53
-9999 -9999 -9999 -9999 -9999 -9999 -9999 -9999 -9999 -9999 -9999 -9999 -9999 -9999 -9999 -9999 -9999 -9999 -9999 -9999 172.1373 171.63 171.47 168.57 164.53 163.69 163.12 161.34 166.52 172.05 174.03 173.07 177.57 178.94 179.81 181.16 181.64 182.13 181.42 181.17 184.47 181.8 179.4 181.91 181.25 174.85 162.2 153.1 130.67 147.41 127.51 117.2 112.58 125.24 128.04 115.28 100.81 82.23 89.14 75.22 78.74 86.65 105.8 122.36 128.3 130.09 134.02 133.1 139.72 149.86 158.62 166.71 171.62 176.87
-9999 -9999 -9999 -9999 -9999 -9999 -9999 -9999 -9999 -9999 -9999 -9999 -9999 -9999 -9999 -9999 -9999 -9999 -9999 -9999 172.5441 171.07 168.23 167.33 165.53 162.5 154.45 153.41 158.41 160.01 161.15 167.67 173.01 175.21 176.17 175.72 174.97 171.36 167.8 170.41 177.58 167.14 164.57 168.57 167.35 150.31 122.3 126.88 123.14 131.12 107.14 83.76 85.87 78.73 89.21 111.75 99.71 79.64 81.24 111 122.82 121.03 129.55 134.07 139.69 140.34 143.47 146.55 151.67 154.21 150.87 154.81 160.45 172.08
-9999 -9999 -9999 -9999 -9999 -9999 -9999 -9999 -9999 -9999 -9999 -9999 -9999 -9999 -9999 -9999 -9999 -9999 -9999 -9999 172.0364 168.33 159.02 161.63 154.41 154.45 150.07 145.66 140.6 142.78 157.14 163.96 167.36 168.86 169.76 168.52 164.21 161.2 160.23 163.07 170.44 144.8 144.75 136.84 135.14 131.39 100.71 98.07 91.38 107.36 117.17 124.53 119.01 100.74 116.74 133.6 115 129.87 136.83 146.62 141.59 140.43 141.86 147.63 152.39 151.48 147.24 144.35 141.81 135.98 141.56 141.01 143.85 159.03
