taller 1/variables/bioclim12.asc
ncols         720
nrows         300
xllcorner     -30.008325510658
yllcorner     30.991671412252
cellsize      0.083333337679505
NODATA_value  -9999
[rows 165 to 197 of 300, columns 219 to 291 of 720]
-9999 -9999 -9999 -9999 -9999 -9999 -9999 -9999 -9999 -9999 -9999 -9999 -9999 -9999 -9999 -9999 -9999 -9999 -9999 -9999 -9999 -9999 -9999 -9999 -9999 -9999 -9999 -9999 -9999 -9999 -9999 -9999 -9999 -9999 1248.75 1384.088 1433.83 1480 1443.68 1365.48 1445.04 1422.55 1297.2 1173.27 1195.05 1143.43 1137.46 1127.35 1114.68 1072.78 1159.71 1267.2 1278.89 1288.99 1143.61 934.8 1004.1 1062.1 1131.77 1208.67 1165.75 1024.94 984.2 935.65 813.43 745.07 648.41 597.62 559.49 534.73 508.3 487.27 478.43
-9999 -9999 -9999 -9999 -9999 -9999 -9999 -9999 -9999 -9999 -9999 -9999 -9999 -9999 -9999 -9999 -9999 -9999 -9999 -9999 -9999 -9999 -9999 -9999 -9999 -9999 -9999 -9999 -9999 -9999 -9999 -9999 -9999 -9999 1389.971 1360.674 1523.52 1369.79 1377.73 1295.99 1366.33 1244.58 1295.85 1353.7 1380.54 1310.96 1261.02 1210.11 1123.49 1102.47 1132.4 1140.23 1218.17 1148.66 1055.16 974.31 1054.52 1090.85 1167.69 1138.77 906.02 816.75 798.27 761.57 713.84 644.74 591.97 566.06 535.21 509.84 497.38 471.61 464.07
-9999 -9999 -9999 -9999 -9999 -9999 -9999 -9999 -9999 -9999 -9999 -9999 -9999 -9999 -9999 -9999 -9999 -9999 -9999 -9999 -9999 -9999 -9999 -9999 -9999 -9999 -9999 -9999 -9999 -9999 -9999 -9999 -9999 -9999 1464.904 1516.03 1396.2 1333.34 1354.2 1345.02 1315.06 1455.57 1545.68 1555.71 1484.64 1358.22 1273.37 1208.01 1150.01 1107.51 1126.08 1003.43 1063.87 1077.74 1001.16 1008.33 1017.7 1046.48 1035.8 1054.22 843.85 781.55 737.64 695.94 658.66 614.83 575.64 540.29 513.42 490.51 473.77 461.76 446.39
-9999 -9999 -9999 -9999 -9999 -9999 -9999 -9999 -9999 -9999 -9999 -9999 -9999 -9999 -9999 -9999 -9999 -9999 -9999 -9999 -9999 -9999 -9999 -9999 -9999 -9999 -9999 -9999 -9999 -9999 -9999 -9999 -9999 -9999 1416.28 1338.103 1363.99 1385.16 1523.98 1442.69 1444.73 1616.34 1479.32 1397.28 1313.47 1321.75 1360.54 1349.45 1277.38 1189.76 1097.37 939.94 981.24 1019.93 953.74 944.68 952.15 918.14 898.23 936.59 794.17 732.31 716.64 705.48 649.46 604.98 575.15 545.34 507.77 480.35 460.08 442.4 429.78
-9999 -9999 -9999 -9999 -9999 -9999 -9999 -9999 -9999 -9999 -9999 -9999 -9999 -9999 -9999 -9999 -9999 -9999 -9999 -9999 -9999 -9999 -9999 -9999 -9999 -9999 -9999 -9999 -9999 -9999 -9999 -9999 -9999 -9999 1319.69 1360.966 1464.4 1420.85 1515.58 1382.33 1310.12 1366.61 1359.11 1338.78 1438.5 1504.69 1466.72 1403.46 1356.95 1174.79 1103.63 946.95 966.85 1035.81 932.32 900.08 904.72 884.09 830.57 810.45 719.32 709.32 672.14 647.67 633.66 618.14 597.68 559.46 527.08 477.81 454.45 434 419.36
-9999 -9999 -9999 -9999 -9999 -9999 -9999 -9999 -9999 -9999 -9999 -9999 -9999 -9999 -9999 -9999 -9999 -9999 -9999 -9999 -9999 -9999 -9999 -9999 -9999 -9999 -9999 -9999 -9999 -9999 -9999 -9999 -9999 -9999 1314.909 1395.44 1432.21 1296.01 1320.53 1311.08 1313.14 1355.83 1476.7 1525.5 1558.24 1399.13 1415.97 1360.2 1310.37 1229.34 1095.9 942.85 974.19 1028.23 923.82 873.99 844.76 858.79 878.69 782.17 699.27 701.65 649.22 628.38 622.84 585.07 544.87 530.59 509.54 471.06 434.63 415.83 406.07
-9999 -9999 -9999 -9999 -9999 -9999 -9999 -9999 -9999 -9999 -9999 -9999 -9999 -9999 -9999 -9999 -9999 -9999 -9999 -9999 -9999 -9999 -9999 -9999 -9999 -9999 -9999 -9999 -9999 -9999 -9999 -9999 -9999 -9999 1303.071 1303.069 1299.122 1345.36 1346.35 1375.79 1287.36 1313.44 1365.92 1339.54 1307.33 1359.82 1404.89 1374.76 1272.67 1131.5 1024.45 1013.92 1060.79 966.19 869.5 811.13 826.06 858.38 911.9 786.48 746.22 681.13 634.14 634.57 616.78 582.27 544.09 503.44 480.09 455.35 426.28 404.07 390.83
-9999 -9999 -9999 -9999 -9999 -9999 -9999 -9999 -9999 -9999 -9999 -9999 -9999 -9999 -9999 -9999 -9999 -9999 -9999 -9999 -9999 -9999 -9999 -9999 -9999 -9999 -9999 -9999 -9999 -9999 -9999 -9999 -9999 -9999 -9999 1276.476 1307.34 1315.54 1281.32 1213.93 1210.4 1222.07 1290.5 1289.86 1420.93 1437.19 1377.14 1227.61 1186.76 1101.58 1035.65 1141.62 1013.04 905.46 821.99 781.41 817.44 847.7 835.83 796.11 715.82 667.41 627.91 613.98 592.81 569.6 534 504.4 475.44 439.27 411.99 394.23 377.33
-9999 -9999 -9999 -9999 -9999 -9999 -9999 -9999 -9999 -9999 -9999 -9999 -9999 -9999 -9999 -9999 -9999 -9999 -9999 -9999 -9999 -9999 -9999 -9999 -9999 -9999 -9999 -9999 -9999 -9999 -9999 -9999 -9999 -9999 -9999 1257.361 1276.29 1258.37 1244.15 1237.84 1293.68 1246.08 1239.05 1348.97 1326.12 1240.39 1215.91 1169.07 1268.27 1225.16 1226.78 1141.23 982.87 866.86 802.47 788.32 810.18 816.68 773.23 743.61 675.64 634.97 613.85 606.06 594.35 552.59 517.41 490 467.01 435.99 407.43 381.23 360.05
-9999 -9999 -9999 -9999 -9999 -9999 -9999 -9999 -9999 -9999 -9999 -9999 -9999 -9999 -9999 -9999 -9999 -9999 -9999 -9999 -9999 -9999 -9999 -9999 -9999 -9999 -9999 -9999 -9999 -9999 -9999 -9999 -9999 -9999 -9999 1230.727 1248.1 1259.61 1248.28 1268.84 1232.76 1230.04 1252.99 1294.95 1317.24 1123.49 1228.89 1345.78 1342.77 1278.85 1191.66 1075.17 1018.22 968.92 829.14 806.53 859.6 908.43 767.5 687.91 659.8 641.72 617.25 602.55 583.83 536.35 519.5 496.54 458.22 431.52 403.45 377.24 363.14
-9999 -9999 -9999 -9999 -9999 -9999 -9999 -9999 -9999 -9999 -9999 -9999 -9999 -9999 -9999 -9999 -9999 -9999 -9999 -9999 -9999 -9999 -9999 -9999 -9999 -9999 -9999 -9999 -9999 -9999 -9999 -9999 -9999 -9999 -9999 1224.625 1229.83 1231.66 1216.22 1207.76 1227.44 1247.32 1220.8 1285.58 1242.55 1148.33 1263.09 1448.8 1272.38 1248.97 1176.09 1086.53 937.27 882.35 860.27 853.16 776.96 807.26 725.32 709.18 725.95 708.98 665.93 611.56 559.55 547.43 527.9 501.2 472.2 441.08 415.84 390.48 383.16
-9999 -9999 -9999 -9999 -9999 -9999 -9999 -9999 -9999 -9999 -9999 -9999 -9999 -9999 -9999 -9999 -9999 -9999 -9999 -9999 -9999 -9999 -9999 -9999 -9999 -9999 -9999 -9999 -9999 -9999 -9999 -9999 -9999 -9999 -9999 -9999 1220.642 1236.75 1226.06 1253.61 1290.46 1246.39 1194.78 1201.84 1126.46 1277.29 1414.26 1229.96 1164.05 1216.92 1083.4 1109.79 971.26 1017.59 958.05 817.45 766.72 763.92 698.03 719.74 734.66 687.2 630.38 584.95 570.64 551.68 525.09 501.39 476.56 455.89 437.42 418.51 406.66
-9999 -9999 -9999 -9999 -9999 -9999 -9999 -9999 -9999 -9999 -9999 -9999 -9999 -9999 -9999 -9999 -9999 -9999 -9999 -9999 -9999 -9999 -9999 -9999 -9999 -9999 -9999 -9999 -9999 -9999 -9999 -9999 -9999 -9999 -9999 -9999 1203.868 1204.18 1199.66 1204.62 1229.36 1197.56 1216.23 1131.96 1310.19 1358.92 1312.49 1104.46 1119.69 1107.66 1001.32 999.17 970.07 1034.67 980.54 819.55 790.24 811.83 760.39 752.6 711.76 688.45 640.71 629.33 601.61 563.02 525.98 496.56 477.46 460.29 450.56 427.4 406.52
-9999 -9999 -9999 -9999 -9999 -9999 -9999 -9999 -9999 -9999 -9999 -9999 -9999 -9999 -9999 -9999 -9999 -9999 -9999 -9999 -9999 -9999 -9999 -9999 -9999 -9999 -9999 -9999 -9999 -9999 -9999 -9999 -9999 -9999 -9999 -9999 1173 1171.602 1159.37 1157.95 1187.67 1205.99 1161.03 1189.25 1197.5 1189.84 1223.62 1134.98 1144.77 1120.12 1090.28 1035.93 989.14 921.2 874.6 782.4 813.29 808.58 740.8 717.65 701.51 706.7 669.59 634.14 605.75 578.25 545.66 506.18 473.8 453.2 431.37 411.75 398.7
-9999 -9999 -9999 -9999 -9999 -9999 -9999 -9999 -9999 -9999 -9999 -9999 -9999 -9999 -9999 -9999 -9999 -9999 -9999 -9999 -9999 -9999 -9999 -9999 -9999 -9999 -9999 -9999 -9999 -9999 -9999 -9999 -9999 -9999 -9999 -9999 -9999 1141.822 1179.86 1144.29 1146.47 1169.73 1212.17 1387.71 1367.35 1487.99 1440.33 1296.58 1270.95 1221.4 1200.6 1170.31 1128.98 1000.8 939.21 804.65 781.86 748.89 717.47 699.58 707.48 700.24 668.78 644.94 610.82 585.53 556.35 522.7 491.97 463.22 436.45 414.66 398.11
-9999 -9999 -9999 -9999 -9999 -9999 -9999 -9999 -9999 -9999 -9999 -9999 -9999 -9999 -9999 -9999 -9999 -9999 -9999 -9999 -9999 -9999 -9999 -9999 -9999 -9999 -9999 -9999 -9999 -9999 -9999 -9999 -9999 -9999 -9999 -9999 -9999 1113.615 1165.86 1201.17 1236.82 1202.13 1242.66 1270.61 1383.3 1463.36 1423.19 1409.45 1388.23 1297.17 1148.64 1177.91 1186.59 1065.24 926.65 842.34 850.61 818.93 761.33 761.75 740.31 708.79 671.27 642.95 621.56 589.04 555.3 533.21 509.61 472.48 446.69 429.03 415.91
-9999 -9999 -9999 -9999 -9999 -9999 -9999 -9999 -9999 -9999 -9999 -9999 -9999 -9999 -9999 -9999 -9999 -9999 -9999 -9999 -9999 -9999 -9999 -9999 -9999 -9999 -9999 -9999 -9999 -9999 -9999 -9999 -9999 -9999 -9999 -9999 1076.3 1082.186 1124.52 1170.24 1251.04 1420.03 1438.31 1396.08 1270.34 1264.8 1273.7 1323.76 1329.4 1298.77 1234.75 1187.55 1186.38 1069.97 928.32 875.09 873.42 872.35 816.51 755.21 748.07 727.55 692.81 654.22 618.86 584.77 554.4 531.5 509.26 483.19 468.06 453.56 440.61
-9999 -9999 -9999 -9999 -9999 -9999 -9999 -9999 -9999 -9999 -9999 -9999 -9999 -9999 -9999 -9999 -9999 -9999 -9999 -9999 -9999 -9999 -9999 -9999 -9999 -9999 -9999 -9999 -9999 -9999 -9999 -9999 -9999 -9999 -9999 -9999 1061.154 1053.857 1074.3 1132.57 1295.11 1246.84 1257.58 1254.76 1153.92 1185.86 1217.7 1251.96 1239.17 1207.02 1189.79 1169.44 1162.11 1057.88 951.32 930.53 870 857.79 848.58 795.51 749.52 727.88 705.97 670.2 623.47 596.9 568.49 543.6 527.9 509.97 494.4 483.96 476.06
-9999 -9999 -9999 -9999 -9999 -9999 -9999 -9999 -9999 -9999 -9999 -9999 -9999 -9999 -9999 -9999 -9999 -9999 -9999 -9999 -9999 -9999 -9999 -9999 -9999 -9999 -9999 -9999 -9999 -9999 -9999 -9999 -9999 -9999 -9999 -9999 1036.975 1033.398 1047.73 1074.38 1113.56 1241.47 1224.82 1265.99 1193.18 1206.36 1215.19 1163.78 1134.37 1119.4 1125.02 1097.16 1035.44 990.64 979.53 973.02 925.51 880.49 860.24 816.3 768.99 717.88 716.44 683.09 635.59 608.9 590.97 568.52 541.67 532 529.84 515.56 478.24
-9999 -9999 -9999 -9999 -9999 -9999 -9999 -9999 -9999 -9999 -9999 -9999 -9999 -9999 -9999 -9999 -9999 -9999 -9999 -9999 -9999 -9999 -9999 -9999 -9999 -9999 -9999 -9999 -9999 -9999 -9999 -9999 -9999 -9999 -9999 1010.5 1018.838 1027.929 1023.41 1026.16 1076.8 1162.65 1311.94 1346.79 1169.24 1128.32 1113.38 1109.08 1127.21 1133.47 1070.08 1016 1034.47 1004.65 1096.6 1029.2 957.31 924.65 872.77 834.09 769.65 711.97 677.47 662.08 660.99 641.23 625.65 607.78 606.41 565.85 521.8 499.95 482.24
-9999 -9999 -9999 -9999 -9999 -9999 -9999 -9999 -9999 -9999 -9999 -9999 -9999 -9999 -9999 -9999 -9999 -9999 -9999 -9999 -9999 -9999 -9999 -9999 -9999 -9999 -9999 -9999 -9999 -9999 -9999 -9999 -9999 -9999 -9999 996.92 1005.02 1013.25 1007.87 1002.68 1033.51 1180.07 1308.78 1101.87 1084.64 1064.99 1089.06 1065.55 1066.87 1044.67 1100.18 1263.72 1289.43 1153.66 1104.06 1038.5 978.43 922.31 903.35 837.72 770.32 729.99 695.69 668.05 691.66 702.79 741.75 658.7 596.66 532.14 507.8 510.55 504.95
-9999 -9999 -9999 -9999 -9999 -9999 -9999 -9999 -9999 -9999 -9999 -9999 -9999 -9999 -9999 -9999 -9999 -9999 -9999 -9999 -9999 -9999 -9999 -9999 -9999 -9999 -9999 -9999 -9999 -9999 -9999 -9999 -9999 -9999 -9999 979.5273 990.88 998.2 1004.4 991.09 1035.67 1100.24 1081.93 1054.24 1034.24 1040.41 1039.78 1068.43 1088.31 1305.5 1545.64 1360.21 1216.92 1074.24 1101.65 1029.81 960.32 933.26 912.99 833.52 786.32 779.79 736.01 702.64 705.17 683.19 631.21 596.82 512.38 488.94 507.85 494.09 530.65
-9999 -9999 -9999 -9999 -9999 -9999 -9999 -9999 -9999 -9999 -9999 -9999 -9999 -9999 -9999 -9999 -9999 -9999 -9999 -9999 -9999 -9999 -9999 -9999 -9999 -9999 -9999 -9999 -9999 -9999 -9999 -9999 -9999 -9999 -9999 962.2941 972.86 982.47 995.69 984.07 1046.82 1058.1 998.04 1001.5 1014.51 1041.16 1083.01 1107.36 1289.9 1704.52 1591.83 1190.04 1015.77 960.74 1012.78 1038.25 983.66 976.65 936.31 889.24 836.06 795.35 758.33 780.82 718.33 658.68 559.12 507.16 502.64 521.09 524.47 578.21 721.84
-9999 -9999 -9999 -9999 -9999 -9999 -9999 -9999 -9999 -9999 -9999 -9999 -9999 -9999 -9999 -9999 -9999 -9999 -9999 -9999 -9999 -9999 -9999 -9999 -9999 -9999 -9999 -9999 -9999 -9999 -9999 -9999 -9999 -9999 932.75 949.53 959.97 976.28 969.77 959.16 1024.19 1035.27 981.12 999.36 1010.83 1023.23 1107.21 1173.67 1223.13 1476.75 1440.9 1025.39 949.07 956.53 941.43 976.4 1015.57 997.63 994.97 936.98 858.85 830.4 760.19 677.8 607.33 567.22 528.82 486.88 487.08 493.55 519.58 690.73 787.19
-9999 -9999 -9999 -9999 -9999 -9999 -9999 -9999 -9999 -9999 -9999 -9999 -9999 -9999 -9999 -9999 -9999 -9999 -9999 -9999 -9999 -9999 -9999 -9999 -9999 -9999 -9999 -9999 -9999 -9999 -9999 -9999 -9999 -9999 941.3016 937.36 916.31 921.05 921.7 938.26 981.27 995.1 1001.33 1016.4 1058.37 1178.07 1298.01 1373.01 1144.5 1055.02 1010.02 967.92 965.07 909.64 897.25 892.57 895.59 804.71 748.53 829.51 747.76 655.01 618.94 576.89 586.6 532.51 500.4 477.99 460.91 535.49 665.83 554.5 636.32
-9999 -9999 -9999 -9999 -9999 -9999 -9999 -9999 -9999 -9999 -9999 -9999 -9999 -9999 -9999 -9999 -9999 -9999 -9999 -9999 -9999 -9999 -9999 -9999 -9999 -9999 -9999 -9999 -9999 -9999 -9999 -9999 -9999 -9999 882.7333 889.1556 901.57 901.38 910.52 957.99 980.71 972.41 1086.54 1192.49 1199.9 1209.93 1251.63 1169.76 1068.2 1089.85 1089.35 1025.78 940.74 859.83 837.61 830.38 793 736.01 710.94 701.91 649.85 592.39 577.49 573.46 558.09 517.63 493.56 478.89 488.24 539.15 527.97 583.76 488.97
-9999 -9999 -9999 -9999 -9999 -9999 -9999 -9999 -9999 -9999 -9999 -9999 -9999 -9999 -9999 -9999 -9999 -9999 -9999 -9999 -9999 -9999 -9999 -9999 -9999 -9999 -9999 -9999 -9999 -9999 -9999 -9999 -9999 -9999 867.5797 889.25 881.71 882.76 946.2 998.15 987.44 1143.44 1231.12 1171.42 1100.52 1098.38 1066.74 1030.41 1128.2 1013.92 1041.04 928.82 856.72 838.15 806.54 801.21 788.88 769.44 680.11 644.2 599.39 577.82 566.81 546.92 519.91 491.28 475.66 477.19 480.16 475.77 462.41 456.94 412.87
-9999 -9999 -9999 -9999 -9999 -9999 -9999 -9999 -9999 -9999 -9999 -9999 -9999 -9999 -9999 -9999 -9999 -9999 -9999 -9999 -9999 -9999 -9999 -9999 -9999 -9999 -9999 -9999 -9999 -9999 -9999 -9999 -9999 836.4167 851.303 874.53 876.52 880.81 978.52 964.86 975.68 1078.34 1060.48 1022.8 1044.39 1116.59 1107.57 1103.16 1036.45 898.79 895.83 878 835.7 798.57 771.23 758.2 734.8 697.72 659.27 657.74 605.16 580.88 557.83 534.78 505.41 489.47 493.31 492.99 471.26 441.05 416.06 405 396.09
-9999 -9999 -9999 -9999 -9999 -9999 -9999 -9999 -9999 -9999 -9999 -9999 -9999 -9999 -9999 -9999 -9999 -9999 -9999 -9999 -9999 -9999 -9999 -9999 -9999 -9999 -9999 -9999 -9999 -9999 -9999 -9999 -9999 812.5172 815.45 853.47 880.64 880.93 925.78 920.27 978.32 967.96 960.33 999 1053.73 1099.46 1177.6 1024.74 902.36 860.1 857.69 853.32 809.49 736.68 720.7 706.49 711.07 682.59 648.79 620.51 609.87 575.07 557.31 545.24 529.35 532.16 528.56 494.97 463.88 434.23 418.27 410.01 401.71
-9999 -9999 -9999 -9999 -9999 -9999 -9999 -9999 -9999 -9999 -9999 -9999 -9999 -9999 -9999 -9999 -9999 -9999 -9999 -9999 -9999 -9999 -9999 -9999 -9999 -9999 -9999 -9999 -9999 -9999 -9999 -9999 789.2727 803.6458 806.43 821.98 864.73 913.46 908.14 875.88 924.32 920.22 910.46 921.47 955.68 1018.16 1028.22 920.23 861.05 851.87 849.53 791.03 737.47 732.06 707.46 711.76 687.28 662.16 645.81 615.69 587.75 565.49 554.42 541.93 538.19 505.61 483.5 473.78 453.78 451.71 441.34 434.02 413.17
-9999 -9999 -9999 -9999 -9999 -9999 -9999 -9999 -9999 -9999 -9999 -9999 -9999 -9999 -9999 -9999 -9999 -9999 -9999 -9999 -9999 -9999 -9999 -9999 -9999 -9999 -9999 -9999 -9999 -9999 -9999 -9999 784.8979 802.09 816.21 812.55 878.66 879.45 854.14 836.11 862.1 910.15 881.4 925.49 913.96 921.77 885.41 832.81 839.45 791.65 768.66 762.35 766.81 741.25 703.64 700.64 674.2 637.91 621.62 624.19 609.88 585.31 551.86 514.42 510.87 507.48 503.41 488.39 471.08 467.49 464.47 470.7 474.81
-9999 -9999 -9999 -9999 -9999 -9999 -9999 -9999 -9999 -9999 -9999 -9999 -9999 -9999 -9999 -9999 -9999 -9999 -9999 -9999 -9999 -9999 -9999 -9999 -9999 -9999 -9999 -9999 -9999 -9999 -9999 -9999 757.2838 761.62 805.27 847.4 934.7 881.11 841.82 816.88 801.23 852 839.05 872.74 902.09 894.8 846.25 797.04 781.09 764.07 775.24 767.19 751.41 718.19 734.4 687.54 662.98 648.11 634.79 625.08 612.26 599.89 565.18 536.72 508.21 497.87 486.7 480.19 467.58 466.82 463.68 462.96 463.65
-9999 -9999 -9999 -9999 -9999 -9999 -9999 -9999 -9999 -9999 -9999 -9999 -9999 -9999 -9999 -9999 -9999 -9999 -9999 -9999 -9999 -9999 -9999 -9999 -9999 -9999 -9999 -9999 -9999 -9999 -9999 707.7429 744.1021 760.25 871.82 923.96 898 891.2 781.27 773.38 773.64 801.68 814.93 810.1 813.16 807.86 800.95 778.78 792.91 780.68 784.84 760.28 748.1 740.44 734.89 721.32 670.74 627.5 615.88 607.06 587.99 575.3 561.07 544.34 512.45 502.29 491.07 474.15 472.88 470.54 475.21 475.99 482.41
