taller 1/variables/bioclim13.asc
ncols         720
nrows         300
xllcorner     -30.008325510658
yllcorner     30.991671412252
cellsize      0.083333337679505
NODATA_value  -9999
[rows 66 to 98 of 300, columns 600 to 674 of 720]
97.28 96.06 96.83 96.47 96.25 95.73 93.21 94.21 94.54 95.51 95.56 93.49 92.05 91.23 90.25 89.3 88.12 86.83 86.03 85.3 84.68 84.64 84.76 84.69 84.43 84.17 83.72 83.37 84.12 83.56 83.72 83.26 83.25 83.1 82.71 82.26 82.88 83.54 84.21 85.09 85.05 84.37 84.12 83.37 83.06 83.19 83.82 84.45 84.51 84.7 84.02 83.99 84.67 84.63 84.9 84.92 84.43 84.04 83.53 83.43 83.15 82.63 82.15 81.82 81.82 82.06 82.33 82.19 82.04 82.63 83.83 84.09 84.98 86.53 87
97.87 98.44 97.58 96.19 95.89 96.93 96.81 94.14 93.92 94.21 93.78 93.15 92.22 91.3 90.44 89.64 88.85 87.96 87.23 86.85 86.68 86.64 85.89 85.88 85.81 85.32 84.75 84.57 84.18 84.5 84.59 84.7 84.76 84.44 84 83.17 82.91 83.04 84.08 85.13 85.54 85.51 84.79 84.28 84.13 84.28 84.29 84.28 84.48 84.71 84.54 84.76 84.9 85.25 85.26 85.53 85.13 84.87 84.52 84.41 84.02 83.15 82.83 83.45 83.42 84.26 84.65 83.82 83.12 83.75 86.43 87.04 87.64 88.04 89.35
96.82 97.62 97.07 98.13 96.86 95.62 96.03 96.49 95.2 94.24 93.91 93.56 93.1 92.35 91.67 91.01 90.28 89.42 89.41 89.15 88.43 87.59 87.7 87.17 87.28 87.27 86.69 85.99 85.82 84.75 84.98 85.13 85.43 85.99 85.34 84.6 83.92 83.84 84.39 85.97 87.28 87.57 86.43 85.62 85.53 85.46 85.56 85.54 85.74 85.78 85.65 85.62 85.86 86.03 86.28 86.45 85.91 85.71 85.27 84.77 84.09 84.26 83.93 83.64 83.9 84.25 84.25 83.91 84.04 84.74 85.88 86.99 87.78 89.49 90.05
98.89 97.33 97.06 96.48 96.81 97.55 96.92 96.33 95.64 95.42 95.3 95.24 95.04 94.36 93.91 93.07 92.38 91.16 90.09 90.44 90.04 89.47 89.7 89 88.84 88.15 88.04 88.11 87.71 86.48 85.38 85.63 85.93 86.02 86.57 86.27 85.73 85.02 85.18 85.81 86.93 88.53 88.22 87.57 86.56 86.55 86.67 86.7 86.82 86.93 87 86.99 86.78 86.72 86.92 86.96 86.52 86.11 85.96 85.53 85.17 84.95 84.9 84.89 84.98 85.08 85.23 85.39 85.31 86.35 87.96 89.7 90.1 90.46 90.47
97.86 98.16 97.46 97.04 96.79 96.52 96.53 96.48 96.73 96.82 96.56 97.24 97.77 97.01 96.69 95.36 93.88 92.03 91.59 91.16 90.79 90.64 89.85 89.27 88.64 88.26 88.15 87.55 87.38 86.96 86.53 86.21 86.18 86.33 86.23 86.45 86.3 86 86.39 86.68 87.2 88.71 90.71 90.07 88.99 88.2 88.31 88.31 88.37 88.33 88.32 88.49 87.77 87.83 87.93 87.67 87.18 86.92 86.81 86.61 86.52 86.2 86.29 86.09 86.33 86.69 86.89 86.78 87.84 89.55 90.5 90.15 90 90.36 91.35
97.15 97.38 97.48 97.81 98.27 97.9 98.2 98.54 98.49 98.86 97.89 97.96 99.17 98.43 97.45 95.72 95.39 96.67 95.38 94.94 93.62 92.83 91.95 90.76 89.83 91.2 90.59 89.95 89.26 88.16 88.34 88.28 87.41 87.08 87.23 87.21 87.5 87.8 88 87.9 87.97 88.66 90.69 92.42 92.06 91.58 92.04 90.75 90.14 90.29 89.82 89.58 89.26 89.01 88.77 88.72 88.7 88.49 87.88 87.7 87.5 87.7 88.13 88.39 89.16 89.27 89.02 88.2 89.35 90.31 90.45 90.81 91 92.03 92.93
105.62 105.27 101.83 100.05 102.04 103.01 102.88 102.98 103.04 102.59 101.23 101.54 102.06 102.04 100.71 98.04 98.62 99.98 97.7 97.61 97.18 95.51 93.77 92.16 92.75 92.4 93.79 93.77 91.38 90.33 89.43 90.13 89.85 88.92 88.31 88.09 88.25 88.4 88.35 88.38 88.72 89.07 90.08 92.38 93.22 93.31 94.01 93.54 91.71 91.35 91.12 90.74 90.46 90.22 89.7 89.19 89.07 89.18 90.07 91.07 91.38 91.41 91.83 91.36 91.16 90.84 90.54 90.33 91.61 91.56 91.37 91.76 92.04 92.71 93.34
106.81 106.12 104.88 104.4 105.82 107.71 107.91 106.57 104.5 103.55 104.33 105.47 102.91 104.28 103.31 101.17 98.42 98.59 100.84 97.75 96.11 95.17 96.09 96.93 96.19 95.15 94.56 93.78 94.64 94.65 93.58 94.57 93.01 91.51 89.95 89.05 88.98 89.14 89.59 89.9 90.32 90.56 90.83 92.03 93.09 93.16 93.73 94.71 94 92.61 91.7 91.33 91.04 90.66 90.56 90.44 90.4 90.22 90.77 91.69 92.67 92.61 92.44 91.88 92.21 92.55 91.92 92.02 92.33 92.52 92.51 92.33 92.52 93.34 94.69
126.13 118.87 112.49 114.28 115.62 114.64 112.25 107.5 107.05 109.9 109.88 105.87 106.52 105.58 103.63 101.37 100.67 97.85 98.11 96.68 97.09 99.36 97.22 95.65 97.85 96.99 93.97 95.16 94.25 92.98 93.79 93.81 94.13 92.33 90.95 91.08 91.32 90.61 90.32 90.44 90.82 91.47 91.47 92.14 93.04 93.83 94.72 95.64 96.05 95.38 93.11 92.61 92.41 92.11 91.73 92.93 93.33 94.96 93.71 93.24 94.03 94.47 93.82 93.15 92.46 92.72 93.32 93.08 93.31 93.97 93.95 94.03 94.59 95.25 96.05
125.04 127.05 131.68 127.91 118.5 121.65 119.48 111.13 109.84 114.87 112.45 107.45 108.54 106.01 103.03 101.93 99.88 98.45 98.51 97.7 96.5 96.27 96.88 96.9 95.44 97.3 95.71 97.08 98.26 96.09 98.63 97.44 97.23 92.86 92.09 92.88 92.91 92.63 92.92 92.92 92.79 92.54 93.09 93.15 93.02 94.13 94.21 95.32 96.22 96.35 95.24 94.92 96.09 95.6 95.14 96.02 96.39 96.17 95.81 95.79 95.28 94.63 94.72 94.58 94 92.97 93.4 93.81 93.9 94.21 95.11 95.74 95.95 96.47 96.69
133.08 132.59 140.22 137.28 129.72 123.73 115.41 110.86 108.46 114.63 117.32 112.34 114.08 111.08 108.19 110.4 109.46 101.82 99.79 100.61 99.08 97.76 96.69 95.56 95.68 96.28 97.26 96.84 99.56 101.3 100.05 101.7 98.92 94.48 93.86 94.5 94.77 94.45 94.03 93.5 93.41 93.3 93.76 93.91 93.39 94.25 94.14 94.93 96.62 97.47 96.23 96.27 97.22 96.76 96.11 95.15 97.15 96.17 96.41 95.68 96.19 95.53 95.09 95.16 94.68 93.97 93.35 93.9 94.21 94.48 95.88 96.49 96.34 96.77 97.23
152.55 160.27 153.16 137.89 122.5 117.75 113.8 110.95 116.73 118.98 122.28 120.6 115.88 115.5 116.2 115.58 115.11 108.82 104.97 106.58 102.76 104.77 103.32 99.88 98.28 96.93 96.8 97.96 100.02 102.13 103.87 103.92 101.85 99.26 98.41 96.43 95.64 95.37 94.57 94.55 94.54 94.14 93.82 93.97 93.94 94.3 94.21 94.5 96.92 97.82 96.57 96.24 96.41 97.18 96.88 96.4 97.56 97.3 96.24 95.97 96.39 96.63 96.22 95.46 94.98 94.72 94.58 94.16 94.35 94.77 95.69 97.48 97.3 97.19 97.71
135.09 130.45 126.8 126.49 126.79 120.22 131.16 132.14 117.81 127.34 131.69 125.91 122.34 121.59 118.05 115.58 112.98 111.71 110.8 108.73 104.97 106.53 106.57 106.76 105.36 102.57 100.29 98.83 98.2 99.87 104.81 103.16 103.3 104.67 105.21 101.46 98.04 97.02 96.25 96.11 95.84 95.38 95.03 94.67 94.24 94.42 94.24 94.14 94.93 95.01 95.41 95.2 95.62 95.89 96.7 97.17 97.61 98 98.55 96.39 96.98 97.55 97.11 96.26 95.67 95.52 95.17 95.3 95.22 95.83 96.29 97.17 98.38 98.4 98.08
153.76 146.83 139.95 123.34 116.33 118.88 125.96 124.3 121.84 117.42 119.35 121.6 122.14 115.12 115.45 108.37 106.4 103.97 102.87 100.6 104.12 108.43 108.33 110.31 107.34 105.17 105.78 102.68 103.88 101.46 103.57 105.56 107.97 106.69 106.1 103.12 103.76 104.74 100.96 99.98 97.39 96.54 95.72 95.95 96.25 96.12 95.27 94.98 94.78 94.76 94.89 95.33 96.31 95.81 96.65 95.69 96.79 97.51 99.01 96.88 98.05 98.37 98 97.21 96.33 96.1 95.88 96.01 96.06 96.54 96.93 97.16 98.13 99.57 99.15
170.48 160.47 159.89 144.49 131.79 121.37 117.16 116.22 115.18 114.73 115.8 121.82 119.29 113.79 107.92 103.28 102.49 100.08 100.68 97.85 98.77 100.37 101.65 104.24 108.25 107.74 114.05 109.73 109.5 104.44 104.95 107.82 108.56 108.89 105.08 105.06 106.94 108.95 108.15 106.4 104.13 100.53 98.67 97.7 97.43 96.61 96.22 96.07 95.73 95.29 95.01 95.52 96.48 95.83 96.77 96.14 96.87 97.12 98.54 99.03 97.84 98.8 98.51 98.37 97.18 97.45 96.97 96.81 96.6 97.55 97.96 98.07 98.27 99.21 99.91
204.32 194.32 196.46 147.63 112.33 107.31 115.49 133.34 128.05 122.08 112.36 115.33 120.27 124.28 118.55 103.36 101.31 96.43 97.03 95.65 95.59 99.89 97.9 101.11 104.09 108.59 111.15 114.79 113.35 113.02 114.43 111.13 107.95 108.83 107.98 110.33 109.33 109.8 109.85 107.17 108.66 110.36 106.99 101.34 98.62 97.61 97.92 98.14 96.9 96.41 96.31 96.64 97.31 97.32 96.18 96.2 96.36 97.03 98.37 98.96 97.96 99.33 99.46 98.83 98.16 98.4 98.17 98.07 97.15 98.6 98.23 98.16 98.57 98.79 100.6
167.78 161.17 135.49 107.92 102.23 104.73 116.81 129.88 123.09 118.78 112.41 113.17 106.35 106.31 107.72 100.73 101.05 96.5 95.18 95.11 95.61 95.79 97.11 95.1 98.23 100.08 104.88 107.87 113.37 117.71 120.36 118.04 117.47 115.57 112.04 109.83 109.43 112.45 116.3 114.32 113.79 106.78 104.77 103.15 101.58 100.95 99.76 98.53 98.79 99.55 98.79 97.36 97 97.42 98.24 97.69 97.23 97.01 98.82 98.33 98.02 99.87 99.52 99.42 98.76 98.93 98.99 98.97 98.39 98.41 99.06 98.89 99.06 98.81 99.06
137.81 128.88 116.26 100.19 99.41 102.92 105.81 106.64 109.32 108.43 118.65 111.19 105.16 99.85 96.53 97.08 100.88 98.77 93.33 96.77 91.67 91.92 94.24 92.95 94.92 96.81 97.57 101.36 104.43 105.91 108.77 107.48 112.3 117.36 116.14 114.03 109.81 111.7 116.82 119.69 117.13 114.19 109.4 110.58 107.85 104.88 101.93 101.2 101.73 101.3 99.76 97.85 97.24 98.26 99.08 99.51 98.79 97.58 97.02 97.17 97.72 99.73 99.72 100.15 99.73 99.26 99.39 99.25 99.24 97.97 99.11 98.56 99.18 99.06 99.06
155 141.1 138.11 113.78 105.61 99.6 96.65 97.08 98.22 98.65 106.41 104.61 107.79 101.2 97.4 94.97 108.38 113.96 98.32 89.99 90.07 90.92 90.46 90.72 92.65 99.52 103.07 97.96 96.79 97.42 102.93 103.61 108.64 109.01 115.78 115.86 111.91 113.31 116.35 116.57 114.58 112.52 119.08 118.22 115.01 111.07 105.97 104.45 102.45 101.4 99.94 100.51 99.37 101.13 101.61 100.38 98.48 98.66 99.08 98.91 97.75 97.6 98.38 100.18 100.28 99.43 99.79 99.82 99.46 98.5 98.8 99.18 99.41 99.65 99.03
134.17 151.66 137.29 124.69 114.07 118.3 110.76 102.14 108.79 110.66 107.74 102.74 102.13 102.91 97.27 91.61 97.78 103.64 103.57 90.85 87.14 88.25 89.16 95.29 102.01 104 103.85 103.35 96.2 92.67 99.36 102.24 110.7 115 117.24 118.92 115.87 113.98 117.54 115.7 115.85 112.71 116.42 120.8 118.74 116.45 111.8 108.64 106.77 105.11 102.64 104.04 103.98 103.01 100.2 98.75 98.75 98.2 98.33 98.94 98.73 98.34 97.65 98.44 99.27 98.55 100.02 99.94 99.71 98.69 98.68 99.12 99.64 100.2 99.65
124.79 117.93 134.11 104.3 95.03 103.42 113.24 113.57 109.48 102.43 108.6 113.34 111.27 104.31 98.27 90.61 91.51 94.01 104.5 95.99 86.37 87.13 86.26 86.73 86.28 86.34 88.56 97.56 109.66 95.38 93.19 101.74 105.39 118.28 118.03 108.82 111.17 107.37 114.91 119.18 115.28 117.81 118.75 118.98 123.14 118.58 120.1 118.04 112.13 113.18 106.66 107.29 104.93 101.91 100.26 99.49 99.03 98.72 98.3 98.87 99.03 98.75 98.29 97.73 99.34 99.99 99.27 98.8 100.04 99.9 99 99.62 99.91 100.55 99.84
104.89 94.48 103.5 94.43 90.9 93.13 94.6 108.03 112.69 105.42 98.99 95.04 95.96 96.14 91.33 88.13 89.37 92.37 101.57 89.06 85.6 85.64 85.6 85.1 85 85 85.29 90.23 94.93 96.75 101.21 96.41 95.54 98.43 102.21 106.96 107.31 110.16 114.19 114.25 113.92 116.65 120.56 119.21 122.92 123.72 131.66 126.36 119.85 114.89 114.14 109.15 106.63 103.58 103.39 101.18 100.45 100.13 99.29 99.36 99.38 99.21 98.75 98.21 98.95 99.49 99.37 98.78 100.05 99.46 99.61 101.01 99.92 100.68 100.4
99.22 90.38 86.22 87.25 87.88 92.95 90.96 90.39 95.42 96 91.73 89.08 87.49 88.32 87.76 86.38 88.71 100.41 90.62 87.15 85.58 85 85.04 85 85 85 85 85.5 88.43 94.37 95.71 101.49 102.46 107.84 109.28 97.93 103.36 110.86 125.35 121.79 110.79 111.01 117.24 121.6 125.72 126.03 129.4 128.6 122.92 129.19 117.9 119.8 114.5 109.31 105.47 104.6 104.02 102.78 101.57 101.12 100.56 100.23 99.63 99.16 99.34 99.11 99.61 100.13 100.49 100.65 99.39 100.03 98.81 99.27 101.52
88.27 86.51 82.88 82.09 83.22 88 91.57 87.87 86.78 85 85.38 86.52 86.99 87.25 87.4 86.43 93.7 96.57 91.89 87.15 86.45 85.38 85 85 85 84.98 84.96 85 85.61 86.52 87.63 88.7 93.86 98.03 99 99.6 96.95 103.63 106.33 110.39 116.92 112.55 112.43 120.86 125.93 126.66 129.07 129.53 127.38 132.22 126.82 121.4 116.05 118.05 113.36 106.54 104.75 105.1 102.16 100.09 99.03 99.12 99.44 99.53 100.33 99.93 100.47 100.2 100.43 100.8 101.36 101.5 100.83 100.92 100.22
85.47 81.32 81.71 80.02 81.12 84.98 85.23 84.18 83.66 83.6 85.67 86.21 87.46 88 85.8 92.03 99.47 92.62 90.38 86.9 89.1 86.76 85 85.18 85 85 84.81 84.99 85 85.15 85.78 86.21 88.21 89.18 94.82 104.26 108.55 112 102.8 100.55 111.57 117.29 111.9 116.38 117.09 126.67 126.51 132.28 125.31 125.95 121.18 123.51 128.91 123.48 114.6 113.37 112.54 107.6 105.49 101.85 100.69 100.35 99.43 99.01 98.68 98.68 99.71 100.78 101.24 100.98 101.98 104.38 104.69 104.72 103.81
78.94 79.29 78.4 78.38 79.96 82.86 82.26 82.24 82.5 84.22 84.51 85.14 86.09 85.68 85.7 93.98 97.68 94.47 90.04 86.8 85.08 85.21 85 84.83 84.52 84.83 85 85 85 85 85.52 86.17 86.84 87.71 89.04 93.57 95.92 99.73 103.09 97.26 106.83 111.27 109.95 113.69 121.12 126.89 122.2 120.27 124.77 128.8 130.41 126.42 124.31 125.42 120.06 116.87 119.69 112.42 107.47 106.23 103.96 102.98 100.76 99.92 99.47 99.58 99.89 99.52 99.34 99.78 100.37 101.18 102.18 101.25 100.33
78.37 77.31 77.47 77.79 77.94 80.46 80.95 79.94 80.66 81.71 83.46 83.89 83.75 85.09 86.82 94.54 92 88.45 85.82 85 85 85 84.92 84.34 84.29 84.6 85 85 85 85.1 85.36 86 86 86.91 88.26 89.24 90.11 91.3 97.4 106.13 97.55 100.29 107.81 113.37 117.79 116.1 121.26 117.35 127.25 133.87 133.38 122.54 114.76 118.3 119.39 120.85 127.07 120.93 113.15 111.45 110.15 105.64 101.66 102.86 103.5 103.73 102.66 103.45 101.39 104.73 103.21 100.65 99.74 99.59 99.89
78.46 79.3 78.99 78.56 81.44 82.21 82.62 82.38 80.74 80.37 82.86 82.12 84.7 85.68 85.73 88.88 88.63 86 85.73 85.1 85 85 84.54 84.12 84.05 84.91 85 85 85 85 85.04 85.83 87.14 87.11 87.34 88.59 90.93 92.93 96.78 98.05 95.83 99.41 102.36 104.29 108.81 109.17 110.65 116.1 121.98 124.13 130.13 121.62 125.55 127.3 128.76 124.15 121.04 121.96 119.41 115.62 112.65 107.5 109.44 107.27 105.33 105.33 105.11 104.73 104.86 105.85 102.48 101.08 101.12 99.5 98.91
77.84 81.27 80.89 80.95 82.85 90.69 94.7 88.29 83.17 80.67 80.6 81.55 83.71 83.09 83.62 84.62 86.92 86 86 85.31 85 84.67 84.15 84.03 84.44 84.96 85.01 85 85 85 85.02 85.19 85.93 86.22 87 87.92 89.78 90.48 94.52 101.81 95.24 97.75 100.6 101.83 102.9 105.08 106.96 110.69 115.95 117.14 120.83 116.14 125.59 125.28 138.21 131.91 120.15 118.13 114.45 112.99 111.37 115.39 116.77 111.51 110.77 107.28 105.84 105.47 105.62 105.05 105.51 104.58 104.24 102.24 101.55
77.32 75.54 78.17 80.45 86.33 91.97 91.78 91.9 84.65 80.79 79.84 80.75 81.58 82.18 83.15 84.15 85.1 85.35 85.28 85.03 84.82 84.39 84.19 84.35 84.89 85.1 85.26 85.08 84.98 85 85 85.02 85.27 85.97 86.52 87.42 88.68 91.29 96.2 101.77 101.03 98.77 98.87 100.34 101.86 103.24 103.61 105.09 108.72 114.17 111.86 118.43 116.13 121.11 124.88 134.3 126.64 123.78 119.48 113.6 112.58 118.28 123.11 114.86 115.76 111.75 107.86 105.59 105.15 105.07 105.25 103.85 104.02 104.12 103.62
75.82 74.8 76.31 78.11 78.42 82.58 82.36 81.42 79.68 79.93 79.13 79.97 80.75 81.47 82.36 83.19 83.93 84.4 84.68 84.76 84.19 84.09 84.21 84.68 85.16 85.51 85.91 85.13 84.82 84.97 85 85 85 85.37 86.02 86.94 88.16 89.63 93.25 97.41 98.49 104.74 110.4 111.71 105.5 104.96 101.52 101.94 103.71 112.17 112.08 126.68 127.74 132.97 130.07 132.02 126.9 127.11 120.82 120.21 120.94 115.87 119.58 122.27 119.61 115.12 111.61 107.48 106.67 106.23 105.72 105.19 103.87 102.48 102.54
88.47 79.45 74.31 75.16 75.97 76.81 77.17 77.23 77.3 77.71 78.47 79.2 80.04 80.83 81.58 82.21 82.72 83.31 83.81 84 84 84.01 84.34 85 85.1 85.69 85.83 85.02 84.73 84.32 84.91 85 85 85 85.36 86.45 87.73 89.45 91.13 93.99 95.55 101.75 112.22 120.99 120 119.51 107.88 102.83 104.6 107.53 108.72 115.79 118.77 122.84 121.46 128.29 132.36 131.4 130.28 123.54 123.97 122.96 117.05 117.38 117.43 114.88 115.63 111.79 109.59 106.13 104.7 103.7 103.66 104.04 101.58
72.28 71.77 72.43 72.98 73.57 74.26 74.81 75.39 76.07 76.84 77.7 78.6 79.3 80.06 80.69 81.21 81.68 82.26 82.77 83.2 83.29 83.94 84.14 85.01 85.53 85.85 85.26 85.04 84.94 84.38 84.72 85 85 85 85 86.06 87.5 89.22 90.77 94.25 103.09 109.12 113.6 112.77 120.59 115.46 108.1 105.11 104.31 104.64 104.38 106.18 113.25 113.92 120.34 122.74 124.07 125.41 135.24 126.57 128.22 122.91 121.38 120.22 118.56 118.49 118.6 117.01 112.41 108.2 105.39 103.7 101.8 103.04 104.19
