taller 1/variables/bioclim8.asc
ncols         720
nrows         300
xllcorner     -30.008325510658
yllcorner     30.991671412252
cellsize      0.083333337679505
NODATA_value  -9999
[rows 231 to 263 of 300, columns 300 to 374 of 720]
74.9 113.26 125.48 131.25 131.08 135.6 136.6818 133.0435 130.0333 130.0333 133.45 -9999 131.25 -9999 127 129.25 -9999 131.9286 124.8372 117.0645 -9999 -9999 -9999 -9999 -9999 131.4118 131.1915 132.1897 133.8889 -9999 -9999 -9999 -9999 151.6 156 -9999 -9999 -9999 -9999 -9999 -9999 -9999 -9999 -9999 -9999 -9999 -9999 -9999 -9999 -9999 -9999 -9999 -9999 -9999 -9999 -9999 -9999 -9999 -9999 -9999 -9999 -9999 -9999 -9999 -9999 -9999 -9999 -9999 -9999 -9999 -9999 -9999 -9999 -9999 -9999
103.41 102.51 110.08 122.46 112.94 124.1 138 -9999 -9999 -9999 -9999 -9999 -9999 -9999 -9999 -9999 -9999 -9999 -9999 -9999 -9999 -9999 -9999 -9999 -9999 -9999 -9999 -9999 -9999 -9999 -9999 -9999 -9999 -9999 -9999 -9999 -9999 -9999 -9999 -9999 -9999 -9999 -9999 -9999 -9999 -9999 -9999 -9999 -9999 -9999 -9999 -9999 -9999 -9999 -9999 -9999 -9999 -9999 -9999 -9999 -9999 -9999 -9999 -9999 -9999 -9999 -9999 -9999 -9999 -9999 -9999 -9999 -9999 -9999 -9999
125.8788 116.9512 126.0978 133.3608 137.5263 -9999 -9999 -9999 -9999 -9999 -9999 -9999 -9999 -9999 -9999 -9999 -9999 -9999 -9999 -9999 -9999 -9999 -9999 -9999 -9999 -9999 -9999 -9999 -9999 -9999 -9999 -9999 -9999 -9999 -9999 -9999 -9999 -9999 -9999 -9999 -9999 -9999 -9999 -9999 -9999 -9999 -9999 -9999 -9999 -9999 -9999 -9999 -9999 -9999 -9999 -9999 -9999 -9999 -9999 -9999 -9999 -9999 -9999 -9999 -9999 -9999 -9999 -9999 -9999 -9999 -9999 -9999 -9999 129.75 127.5556
136.6875 -9999 -9999 -9999 -9999 -9999 -9999 -9999 -9999 -9999 -9999 -9999 -9999 -9999 -9999 -9999 -9999 -9999 -9999 -9999 -9999 -9999 -9999 -9999 -9999 -9999 -9999 -9999 -9999 -9999 -9999 -9999 -9999 -9999 -9999 -9999 -9999 -9999 -9999 -9999 -9999 -9999 -9999 -9999 -9999 -9999 -9999 -9999 -9999 -9999 -9999 -9999 -9999 -9999 -9999 -9999 -9999 -9999 -9999 -9999 -9999 -9999 -9999 -9999 -9999 -9999 -9999 -9999 -9999 -9999 -9999 120.6429 116.4167 114.73 114.68
-9999 -9999 -9999 -9999 -9999 -9999 -9999 -9999 -9999 -9999 -9999 -9999 -9999 -9999 -9999 -9999 -9999 -9999 -9999 -9999 -9999 -9999 -9999 -9999 -9999 -9999 -9999 -9999 -9999 -9999 -9999 -9999 -9999 -9999 -9999 -9999 -9999 -9999 -9999 -9999 -9999 -9999 -9999 -9999 -9999 -9999 -9999 -9999 -9999 -9999 -9999 -9999 -9999 -9999 -9999 -9999 -9999 -9999 -9999 -9999 -9999 -9999 -9999 -9999 -9999 -9999 -9999 -9999 129.6364 120.9091 116.0794 107.202 104.6 106.59 112.17
-9999 -9999 -9999 -9999 -9999 -9999 -9999 -9999 -9999 -9999 -9999 -9999 -9999 -9999 -9999 -9999 -9999 -9999 -9999 -9999 -9999 -9999 -9999 -9999 -9999 -9999 -9999 -9999 -9999 -9999 -9999 -9999 -9999 -9999 -9999 -9999 -9999 -9999 -9999 -9999 -9999 -9999 -9999 -9999 -9999 -9999 -9999 -9999 -9999 -9999 -9999 -9999 -9999 -9999 -9999 -9999 -9999 -9999 -9999 -9999 -9999 -9999 -9999 -9999 -9999 -9999 126.9032 123.0135 119.77 106.66 105.71 102.64 109.24 108.31 108.93
-9999 -9999 -9999 -9999 -9999 -9999 -9999 -9999 -9999 -9999 -9999 -9999 -9999 -9999 -9999 -9999 -9999 -9999 -9999 -9999 -9999 -9999 -9999 -9999 -9999 -9999 -9999 -9999 -9999 -9999 -9999 -9999 -9999 -9999 -9999 -9999 -9999 -9999 -9999 -9999 -9999 -9999 -9999 -9999 -9999 -9999 -9999 -9999 -9999 -9999 -9999 -9999 -9999 -9999 -9999 -9999 -9999 -9999 -9999 -9999 -9999 -9999 -9999 134 130.6545 126.5952 121.16 115.97 113.94 108.1 107.12 102.37 106.12 110.83 112.94
-9999 -9999 -9999 -9999 -9999 -9999 -9999 -9999 -9999 -9999 -9999 -9999 -9999 -9999 -9999 -9999 -9999 -9999 -9999 -9999 -9999 -9999 -9999 -9999 -9999 -9999 -9999 -9999 -9999 -9999 -9999 -9999 -9999 -9999 -9999 -9999 -9999 -9999 -9999 -9999 -9999 -9999 -9999 -9999 -9999 -9999 -9999 -9999 -9999 -9999 -9999 -9999 -9999 -9999 -9999 -9999 -9999 -9999 -9999 -9999 -9999 -9999 129.5 124.2375 120.56 115.14 111.04 107.09 106.23 103.68 102.58 104.02 109.93 114.09 113.04
-9999 -9999 -9999 -9999 -9999 -9999 -9999 -9999 -9999 -9999 -9999 -9999 -9999 -9999 -9999 -9999 -9999 -9999 -9999 -9999 -9999 -9999 -9999 -9999 -9999 -9999 -9999 -9999 -9999 -9999 -9999 -9999 -9999 -9999 -9999 -9999 -9999 -9999 -9999 -9999 -9999 -9999 -9999 -9999 -9999 -9999 -9999 -9999 -9999 -9999 -9999 -9999 -9999 -9999 -9999 -9999 -9999 -9999 -9999 -9999 -9999 131.5758 127.55 127.65 126.94 121.27 116.87 114.77 115.6 112.34 115.05 115.73 112.74 107.91 104.82
-9999 -9999 -9999 -9999 -9999 -9999 -9999 -9999 -9999 -9999 -9999 -9999 -9999 -9999 -9999 -9999 -9999 -9999 -9999 -9999 -9999 -9999 -9999 140 -9999 -9999 -9999 -9999 -9999 -9999 -9999 -9999 -9999 -9999 -9999 -9999 -9999 -9999 -9999 -9999 -9999 -9999 -9999 -9999 -9999 -9999 -9999 -9999 -9999 -9999 -9999 -9999 -9999 -9999 -9999 138.75 138 -9999 -9999 -9999 137 127.6463 123.04 120.2 118.34 119.34 124.14 122.81 120.81 119.05 114.89 108.5 102.06 96.87 98.3
-9999 -9999 -9999 -9999 -9999 -9999 -9999 -9999 -9999 -9999 -9999 -9999 -9999 -9999 -9999 -9999 -9999 -9999 -9999 -9999 -9999 -9999 -9999 -9999 -9999 -9999 -9999 -9999 -9999 -9999 -9999 -9999 -9999 -9999 -9999 -9999 -9999 -9999 -9999 -9999 -9999 -9999 -9999 -9999 -9999 -9999 -9999 -9999 -9999 -9999 -9999 -9999 -9999 -9999 119.2553 125.1648 134.0417 -9999 -9999 136 129.3934 124.67 124.34 117.69 110.8 111.4 121.57 120.75 117.65 112.23 109.17 106.18 105.32 105.61 99.53
-9999 -9999 -9999 -9999 -9999 -9999 -9999 -9999 -9999 -9999 -9999 -9999 -9999 -9999 -9999 -9999 -9999 -9999 -9999 -9999 -9999 -9999 -9999 -9999 -9999 -9999 -9999 -9999 -9999 -9999 -9999 -9999 -9999 -9999 -9999 -9999 -9999 -9999 -9999 -9999 -9999 -9999 -9999 -9999 -9999 -9999 -9999 -9999 -9999 143 142.3667 145 -9999 130 122.2128 127.67 129.81 130.1395 133.8696 131.2967 131.31 132.13 128.25 120.42 116.85 121.78 120.65 118.87 114.16 107.31 102.04 105.01 98.07 101.8 93.16
-9999 -9999 -9999 -9999 -9999 -9999 -9999 -9999 -9999 -9999 -9999 -9999 -9999 -9999 -9999 -9999 -9999 -9999 -9999 -9999 -9999 -9999 -9999 -9999 -9999 -9999 -9999 -9999 -9999 -9999 -9999 -9999 -9999 -9999 -9999 -9999 -9999 -9999 -9999 -9999 -9999 -9999 -9999 -9999 -9999 -9999 141 135.625 127.7167 132.5256 125.18 124.2 135.325 129.18 126.59 127.11 126.75 127.96 132.98 132.95 132.46 131.16 126.55 119.31 116.35 117.14 117.29 113.93 106.03 99.21 96.61 98.37 94.44 98.34 93.13
-9999 -9999 -9999 -9999 -9999 -9999 -9999 -9999 -9999 -9999 -9999 -9999 -9999 -9999 -9999 -9999 -9999 -9999 -9999 -9999 -9999 -9999 -9999 -9999 -9999 -9999 -9999 -9999 -9999 -9999 -9999 -9999 -9999 -9999 -9999 -9999 -9999 -9999 -9999 -9999 -9999 -9999 -9999 -9999 -9999 140.3333 132.0789 127.5806 121.78 118.79 122.18 129.24 130.11 125.59 120.75 118.87 119.64 129.05 131.14 130.88 129.92 125.35 118 107.54 105.14 110.36 113.7 111.4 104.34 97.06 94 90.66 86.13 90.35 94.07
-9999 -9999 -9999 -9999 -9999 -9999 -9999 -9999 -9999 -9999 -9999 -9999 -9999 -9999 -9999 -9999 -9999 -9999 -9999 -9999 -9999 -9999 -9999 -9999 -9999 -9999 -9999 -9999 -9999 -9999 -9999 -9999 -9999 -9999 -9999 -9999 -9999 -9999 -9999 -9999 -9999 -9999 -9999 -9999 -9999 130.6111 127.46 128 131.61 133.11 132.35 130.8 127.37 123.7 120.53 116.83 117.57 124.16 123.82 117.63 120.82 111.84 104.54 93.27 90.71 101.5 105.69 110.12 102.6 96.11 89.72 87.63 86.32 86.68 90.42
-9999 -9999 -9999 -9999 -9999 -9999 -9999 -9999 -9999 -9999 -9999 -9999 -9999 -9999 -9999 -9999 -9999 -9999 -9999 -9999 -9999 -9999 -9999 -9999 135.5833 -9999 -9999 -9999 -9999 -9999 -9999 -9999 -9999 -9999 -9999 -9999 -9999 -9999 -9999 -9999 -9999 -9999 -9999 -9999 -9999 136.56 134.19 130.79 131.46 131.06 129.23 127.25 119.18 108.21 103.62 106.28 104.09 111.13 106.7 113.34 110.13 101.16 95.27 96.98 98.01 101.3 104.47 104.89 105.72 103.29 98.82 92.03 85.45 86.23 85.84
129.8302 -9999 -9999 -9999 -9999 -9999 -9999 -9999 -9999 -9999 -9999 -9999 -9999 -9999 -9999 -9999 -9999 -9999 -9999 -9999 -9999 -9999 -9999 129.25 127 -9999 -9999 -9999 -9999 -9999 -9999 -9999 -9999 -9999 -9999 -9999 -9999 -9999 -9999 -9999 -9999 -9999 -9999 132 126.5625 128.0505 131.1 128.66 126.95 122.26 121.14 112.04 96.89 96.29 97.64 101.29 108.86 104.09 98.58 112.68 102.45 101.93 102.42 101.83 100.06 98.82 96.44 95.53 96.61 96 92.47 90.84 89.49 83.42 78.27
121.33 114.0244 130.25 -9999 -9999 -9999 -9999 -9999 -9999 -9999 -9999 133.6667 129.9091 131 -9999 122.5088 126.4516 -9999 -9999 -9999 -9999 -9999 127.1628 125.4588 131.4894 142.2 -9999 -9999 -9999 -9999 -9999 -9999 -9999 -9999 -9999 -9999 -9999 -9999 -9999 -9999 -9999 131.3103 134.1818 121.5341 118.7 121.93 121.36 119.54 118.46 109.12 96.46 97.74 99.47 102.18 102.33 99.6 95.39 94.16 103.55 108.09 102.01 102.32 101.39 93.58 87.54 88.42 87.78 95.43 91.72 82.61 89.25 78.75 79.86 82.15 80.4
108.84 98.98 113.32 120.5443 121.2333 123.875 129.3 136 127.2381 114.3913 116.375 121.9375 118.89 127.24 127.3478 109.19 117.73 121.9425 117.5385 117.4 118.7385 120.6989 124.48 116.24 120.23 133.7692 132.3333 -9999 -9999 -9999 -9999 -9999 -9999 -9999 -9999 -9999 -9999 -9999 -9999 129.3077 131.4603 126.03 124.39 120.4 111.13 107.09 104.48 105.59 105.99 97.64 98.09 98.16 97.9 96.69 95.82 91.38 93.59 99.73 106.36 105.86 102.39 101.86 99.18 89.99 80.99 80.85 93.84 96.02 93.28 82.43 89.11 77.01 74.62 77.37 73.95
92.08 80.74 86.64 103.38 105.92 105.03 113.22 122.6869 124.25 118.93 112.74 112.52 117.14 119.93 119.38 97.58 111.65 102.81 98.17 105.73 116.35 121.38 123.02 119.16 128.85 133.046 133.6724 132.8387 131.7647 129.9688 126.0615 126.9753 126.7778 126.3704 123.4286 128 136.7143 135.9394 130.8197 115.3656 107.41 113.52 120.92 112.52 113.65 105.48 103.73 100.78 90.59 87.55 93.45 96.11 93.86 92 90.07 90.86 99.74 102.05 103.56 103.06 102.84 101.34 97.56 93.35 91.93 86.01 87.38 93.2 90.73 85.51 84.49 84.66 73.9 71.49 69.99
61.69 67.78 90.43 76.12 103.23 82.13 97.59 96.98 102.92 97.86 96.43 104.11 103.74 97.56 102.03 84.91 85.03 97.84 117.14 123.02 121.31 121.01 121.95 123.34 128.35 131.12 129.65 124.92 118.42 117.72 123.51 125.4 122.76 121.95 118.04 115.67 117.72 122.06 125.64 108.99 108.85 115.81 116.3 113.12 112.25 106.24 97.02 99.12 89.14 85.2 84.98 85.9 86.14 85.37 87.72 93.42 94.02 91.95 98.59 98.35 99.51 94.9 91.93 91.41 88.62 83.88 82.45 87.71 86.46 83.55 78.21 79.7 77.31 67.28 65.93
98.05 93.43 79.93 58.44 60.57 72.15 63.7 71.8 86.2 93.74 89.31 69.47 72.46 89.28 97.26 70.98 87.07 112.47 128.98 129.53 131.29 132.79 135.05 135.3 130.98 132.18 128.22 125.27 128.76 129.06 127.55 123.83 119.82 117.87 115.19 112.97 115.78 112.42 103.51 104.8 110.49 109 109.14 104.9 102.61 93.08 86.94 93.11 85.32 80.39 77.13 77.96 78.53 85.87 79.3 81.8 88.67 93.8 97.29 92.75 86.54 90.18 94.51 83.94 81.07 77.85 75.04 78.55 81.61 82.48 79.05 73 71.46 67.2 67.65
104.2 97.56 78.66 71.81 57.07 45.96 52.49 65.86 62.19 79.45 76 62.55 76.83 83.19 83.1 91.47 94.44 97.27 109.47 125.18 124.13 131.07 128 121.71 134.64 139.53 138.95 133.25 131.52 126.99 122.04 112.59 103.15 88.99 97.33 116.82 126.58 124.56 116.16 114.35 113.05 103.7 98.72 86.52 82.55 78.49 82.99 77.53 75.05 71.99 71.44 74.04 77.24 81.42 78.84 78.64 85.59 85.99 89.88 89.84 84.08 89.8 87.23 75.98 75.91 74.35 71.6 74.74 77.39 79.64 79.41 76.29 72.37 70.07 69.35
108.16 94.56 86.61 80.09 82.42 63.08 59.86 79.19 77.36 72.67 81.03 75.65 73.37 62.37 63.28 70.96 86.78 99.49 107.37 114.49 125.21 133.56 125.94 130.53 138.95 139.64 142.31 139.87 137.18 133.2 98.39 106.31 94.69 88.88 112.38 122.18 126.79 127.06 114.56 110.41 111.36 95.75 76.23 68.67 62.94 65.56 69.99 69.45 65.28 71.18 73.88 75.03 74.8 74.74 78.02 74.31 80.93 77.43 76.87 85.21 83.01 82.01 77.83 75.85 75.42 91.76 81.1 71.76 75.11 76.21 75.14 72.49 72 71.16 71.34
109.44 99.74 93.96 98.17 95.92 95.22 78.16 73.55 89.79 87.11 86.54 74.29 65.07 66.18 63.99 74.48 88.19 93.85 94.99 117.38 118.59 122.48 129.72 135.27 143.02 140.2 144.26 144.38 140.76 134.48 138.5 143.01 143.2 143.6 131.76 107.04 111.24 112.59 106.31 102.46 96.52 93.87 87.21 77.33 71.54 71.46 62.48 65.54 70.92 69.22 69.9 73.61 91 101.61 92.69 75.08 76.14 72.97 74.8 81.18 90.24 95.17 101.04 101.43 108.31 90.33 71.33 72.04 72.73 72.22 71.91 73 71.92 72.11 72.57
109.69 104.64 104.64 102.97 102.16 101.61 97.48 99.86 91 88.1 80.21 73.58 68.37 73.97 70.57 73.44 76.96 67.41 74.68 108 125.08 118.22 134.52 143.64 147.24 147.47 146.22 147.99 152.18 150.72 146.43 142.99 142.76 140.71 112.32 101.96 100.29 98.38 93.17 83.14 72.74 72.04 68.97 77.09 78.59 71.03 69.08 66.67 66.16 64.1 76.84 102.47 107.01 105.96 80.17 76.37 84.52 85.92 94.88 99.78 103.2 103 102.4 102.25 104.95 96.54 77.55 75.01 74.15 73.28 73.91 75.08 72.88 73.93 73.53
114.58 110.06 114.82 110.62 108.98 103.51 86.9 89.18 81.05 82.02 79.75 79.1 74.42 81.96 79.88 83.52 76.09 63.45 62.46 119.03 134.1 138.42 142.52 150.48 153.66 153.95 158.18 155.04 150.33 145.68 144.3 143.4 140.1 114.67 85.85 92.67 87.72 85.77 74.13 60.1 64.28 59.95 67.76 72.74 74.68 73.94 71.78 68.75 66.37 69.42 94.83 109.7 111.8 113.84 111.52 112.31 104.61 97.13 99.69 102.06 103.16 100.8 103.21 105.5 105.93 106.31 101.14 93.66 75.4 74.54 75.91 75.37 74.85 76.34 98.54
114.5 110.64 111.87 113.49 108.76 107.64 104.68 101.41 96.54 89.1 84.89 78.1 81.23 78.61 86.37 90.82 79.91 93.2 114.7 132.87 135.65 142.82 154.51 161.8 161.28 159.94 154.77 149.01 143.16 136.24 137.6 132.91 131.44 106.31 81.49 86.2 82.83 81.25 78.36 70.81 61.48 62.68 64.77 72.33 74.39 73.6 72.06 69.57 67.59 86.01 111.94 111.16 111.98 111.82 116.06 138.36 130.36 110.4 101.89 103.94 104.38 105.34 106.91 107.12 107.49 108.57 110.98 110.5 91.28 81.82 87.04 87.32 94.03 100.97 107.11
115.56 110.86 113.74 113.45 107.7 110.29 109.39 102.54 90.94 90.32 94.39 84.5 88.65 86.77 91.46 89.31 100.36 126.59 135 139.17 147.28 161.77 163.16 161.36 157.87 157.91 149.93 130.37 125.76 119.94 129.1 130.63 126.46 92.04 70.23 76.81 75.33 74.75 74.7 72.39 74.41 72.8 72.21 73.53 73 71.68 69.04 67.37 71.88 106.18 112.03 112.01 112.94 115.26 134.61 146.49 145.83 137.24 131.45 108.66 112.71 106.97 107.49 109.06 110.51 116.69 118.18 119.36 115.88 110.65 112.44 119.09 120.16 113.42 115.87
126.26 120.71 119.49 124.37 122.26 108.94 102.14 97.73 99.66 93.49 95.67 97.46 94.56 95.38 96.58 118.15 131.37 135.19 137.41 144.01 166.91 165.63 161.33 157.81 153.88 151.7 140.49 140.02 121.89 105.54 116.34 126.35 127.52 123.92 94.96 80.98 77.4 77.05 77.86 77.13 77.97 76.35 74.53 73.13 69.95 65.47 66.33 67.73 87.44 113.16 114.37 114.73 116.05 118.93 139.59 148.34 150.97 152.31 153.62 155.16 145.38 124.92 112.45 115.41 119.88 123.41 127.81 128.76 131.42 130.67 131.26 130.2 129.11 128 122.71
115.42 125.17 125.38 122.36 115.73 100.61 105.06 103.8 107.79 104.91 98.61 90.83 92.98 92.93 96.9 127.67 131.57 134.47 135.95 153.49 166.3 161.82 157.98 155.69 152.65 149.17 139.81 140.12 143.57 139.18 136.56 135.85 136.11 135.62 121.64 90.05 82.63 80.98 81.6 80.14 77.44 72.92 69.28 69.65 69.1 66.93 71.92 83.7 99.68 116.22 117.52 118.35 119.46 123.65 135.45 151.34 153.17 154.53 155.68 157.54 158.57 155.67 139.04 125.3 130.81 133.43 134.83 134.85 134.05 132.21 132.29 131.95 130.64 128.88 127.41
108.35 122.79 117.33 124.32 121.78 115.5 110.05 104.41 93.87 77.86 75.17 69.57 80.27 87.81 109.6 125.82 128.66 130.6 133.35 152.7 161.21 156.74 154.7 152.18 149.15 146.46 140.86 133.91 131.39 128.19 124.68 128.07 131.33 131.73 135.21 115.68 90.49 83.71 81.54 76.73 71.95 70.16 71.37 71.02 70.99 76.31 85.85 89.99 105.12 119.91 120.75 122.32 123.24 125.2 137.19 150.24 156.16 157.84 159.08 159.93 160.01 151.42 137.88 133.75 135.21 135.61 135.41 135.9 134.89 133.18 132.94 130.56 129.1 128.06 126.78
135.42 137.14 136.98 130.3 118.53 106.39 100.26 93.71 88.92 87.76 80.47 86.5 100.86 109.74 122.65 120.55 121.11 127.66 133.54 152.69 152.82 151.77 138.74 133.81 125.9 123.88 125.3 123.47 123.99 123.53 127.52 129.23 130.67 131.91 135.43 130.9 116.12 91.42 80.19 77.08 76.41 75.3 74.9 77.83 83.99 90.39 93.71 94.63 109.2 123.89 125.02 126.1 127.01 128.19 133.78 153.88 156.15 158.9 158.54 158.12 157.78 153.93 144.88 136.11 134.69 134.75 135.71 134.45 132.61 132.31 131.43 130.44 128.23 125.86 126.26
