taller 1/variables/bioclim4.asc
ncols         720
nrows         300
xllcorner     -30.008325510658
yllcorner     30.991671412252
cellsize      0.083333337679505
NODATA_value  -9999
[rows 96 to 127 of 300, columns 648 to 719 of 720]
7730.22 7506.92 7520.62 7165.32 7148.9 7043.67 7120.23 7085.8 7216.4 7226.95 7399.79 7431.95 7434.7 7591.25 7509.28 7458.28 7553.77 7708.89 7839.3 7986.09 8038.37 8077.95 8114.33 8140.89 8187.12 8239.89 8245.34 8285.5 8358.89 8389.56 8414.35 8430.89 8454.34 8460.64 8479.02 8499.75 8499.73 8537.13 8551.9 8551.61 8536.94 8567.35 8583.65 8595.13 8608.6 8620.69 8622.96 8645.91 8643.47 8663.95 8654.36 8660.83 8656.82 8643.41 8664.05 8684.18 8696.83 8707.67 8695.68 8699.68 8712.71 8713.81 8715.04 8718.73 8717.51 8720.43 8741.41 8767.96 8783.05 8791.48 8798.69 8810.32
7697.68 7616.62 7597.64 7419.82 7353.63 7270.77 7306 7148.75 7063.46 7094.85 7133.69 7324.33 7325.88 7371.95 7550.05 7563.1 7584.81 7684.13 7688.62 7838.35 7930.26 8059.88 8122.31 8157.37 8169.09 8178.64 8241.05 8274.54 8289.34 8354.79 8396.81 8416.34 8432.84 8465.45 8474.96 8493.78 8509.63 8534.7 8563.57 8542.03 8547.72 8558.91 8577.9 8594.45 8610.3 8617.39 8624.38 8635.36 8652.52 8663.07 8667.07 8664.86 8678.41 8657.97 8648.11 8667.6 8673.16 8668.63 8681.18 8707.79 8723.93 8708.66 8712.47 8711.82 8694.67 8715.17 8739.69 8757.54 8762.62 8761.25 8781.09 8804.16
7691.3 7685.09 7701.98 7660.28 7475.1 7469.55 7311.26 7268.14 7240.76 7219.69 6993.5 7214.46 7186.03 7337.86 7402.06 7449.5 7520.86 7545.48 7567.88 7641.41 7812.67 7967.95 8075.43 8135.51 8186.71 8168.25 8155.43 8237.3 8299.68 8332.41 8372.42 8414.73 8446.25 8461.85 8471.26 8488.05 8504.94 8521.56 8563.11 8569.35 8566 8564.1 8589.36 8589.51 8596.87 8605.61 8620.67 8640.38 8659.5 8646.1 8635.6 8653.14 8659.33 8678.01 8649.33 8654.64 8657.64 8659.96 8672.93 8705.84 8725.21 8709.61 8719.38 8698.77 8697.81 8721.26 8740.38 8742.64 8747.72 8763.29 8785.33 8798.26
7288.72 7582.54 7713.85 7696.23 7670.04 7594.69 7445.28 7429.97 7276.49 7137.48 7008.38 7102.09 7148.28 7196.55 7276.53 7316.25 7377.39 7562.16 7694.16 7612.6 7616.38 7783.83 8032.65 8112.77 8157.72 8195.83 8207.95 8215.09 8247.53 8318.16 8329.26 8394.02 8433.66 8465.91 8486.22 8473.41 8507.9 8512.87 8542 8585.38 8574.27 8582.69 8590.47 8612.68 8608.8 8610.69 8613.09 8625.67 8641.71 8648.05 8644.95 8641.62 8658.51 8689.04 8663.54 8664.19 8655.26 8652.83 8662.54 8692.19 8704.31 8702.44 8711.98 8698.2 8701.81 8729.86 8728.26 8723.9 8740.74 8747.44 8770.34 8791.85
7379.26 7317.16 7383.98 7485.64 7479.98 7473.41 7339.66 7176.58 7245.19 7144.63 6984.88 7120.03 7175.46 7217.32 7208.27 7402.47 7421.74 7424.11 7604.63 7757.68 7710.45 7728.97 7930.85 8049.76 8104.8 8169.02 8198.5 8224.83 8276.86 8314.5 8339.82 8339.4 8404.14 8437.82 8471.8 8495.53 8503.54 8522.11 8545.05 8554.26 8593.78 8591.74 8582.54 8599.04 8620.69 8628.44 8615.82 8620.54 8636.57 8661.98 8668.34 8654.42 8653.47 8686.72 8688.24 8680.68 8677.63 8670.5 8656.13 8684.24 8700.96 8697.49 8709.46 8697.58 8698.72 8726 8712.71 8711.55 8727.86 8738.96 8752.91 8780.51
7594.41 7361.08 7214.83 7185.06 7478.19 7410.24 7131.92 6868.71 6999.03 6993.03 6857.58 7061.76 7172.47 7160.89 7292.16 7359.06 7447.77 7555.17 7625.98 7685.61 7749.24 7850.36 7892.4 7984.59 8057.7 8143.39 8207.08 8224.84 8221.62 8264.7 8335.14 8333.51 8275.97 8344.81 8419.23 8498.86 8505.48 8519.94 8546.99 8578.89 8577.58 8618.18 8614.84 8601 8608.34 8627.1 8628.24 8624.81 8632.59 8650.9 8665.6 8653.74 8665.2 8676.39 8684.44 8689.77 8669.89 8661.06 8660.04 8674.47 8699.67 8689.13 8697.56 8683.93 8700.84 8711.74 8701.15 8714.64 8720.07 8719.13 8747.43 8763.87
7683.08 7626.58 7541.41 7420.52 7648.59 7569.7 7277.82 7187.59 7252.41 7505.65 7416.39 7370.76 7237.19 7171.95 7167.52 7361.73 7355.78 7167.08 7331.02 7449.5 7655 7802.56 7755.45 7887.23 8045.36 8111.72 8168.7 8214.31 8234.86 8245.7 8294.11 8345.76 8266.33 8331.14 8399.31 8482.54 8507.94 8529.11 8547.32 8572.22 8583.83 8597.07 8615.37 8591.04 8619.11 8627.46 8619.05 8609.84 8636.73 8639.55 8646.68 8634.5 8639.6 8657.22 8663.37 8700.82 8688.83 8662.4 8665.42 8668.53 8686.33 8696.1 8689.55 8684.14 8700.5 8689.41 8689.89 8707.85 8698.87 8709.02 8724.08 8746.66
7534.48 7612.35 7665.63 7634.05 7696.61 7594.06 7580.8 7536.44 7689.83 7591.87 7468.02 7504.02 7398.97 7397.48 7454.39 7403.88 7430.39 7447.95 7273.86 7499.7 7479.25 7580.22 7665.46 7782.52 7867.65 8002.03 8116.75 8190.75 8236.76 8237.51 8243.88 8313.93 8354.24 8300.87 8361.62 8477.64 8502.67 8519.18 8535.54 8555.93 8591.17 8582.06 8625.79 8617 8617.85 8633.86 8635.67 8622.19 8595.16 8599 8629.41 8636.54 8629.52 8644.57 8648.81 8665.15 8656.98 8676.42 8676.04 8671.36 8671.02 8690.99 8683.54 8675.01 8678.21 8674.62 8681.81 8680.73 8692.25 8699.48 8704.97 8725.72
7716.34 7758.9 7776.54 7826.34 7830.95 7800.36 7759.02 7769.19 7516 7445.83 7417.02 7355.41 7322.37 7371.05 7291.84 7261.76 7435.42 7219.87 7243.38 7377.4 7500.92 7439.51 7509.93 7607.37 7731.77 7854.56 7992.7 8098.52 8218.33 8276.77 8275.08 8278.43 8376.3 8363.68 8354.42 8452.45 8501.4 8528.97 8536.06 8543.93 8571.26 8593.23 8603.1 8620.04 8641.62 8641.96 8643.15 8619.8 8575.63 8604.28 8616.68 8620.92 8616.06 8615.64 8638.96 8641.7 8627.86 8639.45 8644.23 8655.04 8675.76 8678.76 8668.67 8671.49 8661.45 8663.97 8672.9 8657.52 8675.73 8679.92 8687.23 8698.91
7865.36 7877.72 7890.44 7925.8 7922.2 7870.05 7809.4 7818.55 7703.8 7630.72 7430.55 7285.71 7164.51 7062.73 6954.05 7124.71 7184.12 7136.26 7259.53 7288.09 7520.84 7667.42 7595.67 7540.25 7736.02 7821.52 7945.66 8104 8193 8241.46 8291.46 8307.67 8332.9 8410.25 8375.91 8446.03 8500.55 8523.6 8544.85 8566.89 8586.94 8603.89 8603.56 8610.03 8631.45 8655.62 8617.11 8623.44 8603.05 8584.59 8602.97 8606.58 8622.83 8632.26 8641.63 8640 8636.18 8650.01 8637.45 8645.76 8662.81 8668.15 8670.23 8663.72 8651.98 8660.5 8641.87 8640.03 8651.72 8663.16 8665.99 8674.14
7787.36 7745.73 7834.53 7898.74 7893.02 7896.43 7885.82 7808.59 7568.27 7163.62 7030.42 7067.15 7009.54 6923.45 6844.81 6829.37 7069.45 7260.46 7236.22 7284.59 7148.71 7410.32 7660.39 7738.09 7762.86 7675.13 7819.63 8026.22 8170.87 8189.6 8253.97 8329.64 8339.19 8391.29 8410.92 8413.93 8464.42 8487.61 8522.67 8513.81 8558.07 8587.85 8606.31 8604.25 8589.45 8640.22 8644.89 8624.74 8617.56 8614.45 8592.96 8584.13 8596.66 8579.16 8613.48 8625.72 8642.48 8620.06 8628.02 8647.11 8659.74 8668.68 8656.09 8661.88 8647.47 8647.15 8629.48 8626.73 8624.39 8643.86 8641.15 8636.18
7734.02 7727.93 7823.19 7861.25 7890.13 7895.59 7877.94 7804.02 7607.47 7215.48 7322.15 7178.12 7359.32 7307.92 7191.89 7197.16 7363.6 7337.38 7365.93 7443.89 7426.65 7392.5 7703.41 7786.86 7891.49 7736.18 7793.53 7904.28 8112.59 8169.1 8217.5 8288.22 8331.64 8383.52 8410.88 8435.19 8437.63 8443.91 8452.52 8490.09 8465.61 8529.85 8565.2 8527.4 8523.6 8589.37 8638.19 8642.49 8641.66 8624.96 8611.82 8597.28 8576.74 8575.69 8603.64 8609.21 8619.73 8614.29 8634.83 8630.74 8641.33 8640.08 8626.48 8632.21 8645.45 8631.94 8620.53 8603.83 8601.51 8604.86 8616.06 8616.88
7780.18 7778.37 7795.02 7811.07 7877.71 7885.11 7824.46 7782.78 7742.93 7702.42 7764.23 7542.65 7471.5 7537.5 7480.83 7536.34 7649.37 7422.29 7342.49 7400.54 7530.88 7591.54 7560.62 7396.44 7761.93 7886.59 7956.02 8068.4 8148.59 8205.18 8254.13 8263.06 8311.41 8365.78 8425.33 8439.75 8427.26 8410.78 8442.54 8462.22 8492.94 8527.86 8523.51 8523.18 8540.49 8560.68 8546.63 8584.76 8641.64 8633.57 8631.55 8604.81 8598.14 8589.9 8591.02 8606.71 8616.41 8607.25 8618.91 8629.21 8633.81 8625.43 8620.37 8617.03 8620.75 8613.2 8612.68 8595.8 8586.1 8581.86 8580.89 8593.28
7796.72 7806.37 7800.68 7818.36 7834.07 7836.89 7819.38 7852.24 7801.36 7862.28 7745.42 7409.19 7264.75 7265.25 7078.54 7213 7537.57 7631.55 7426.15 7282.88 7415.12 7330.52 7601.25 7700.12 7698.12 7819.7 7841.29 7890.22 8085.56 8253.55 8296.39 8281.05 8294.41 8355.26 8423.03 8426.14 8398.36 8415.03 8477.91 8485.03 8530.66 8541.8 8547.14 8527.94 8547.81 8583.77 8541.8 8560.26 8601.51 8650.17 8633.09 8621.56 8612.48 8592.06 8583.09 8593.49 8593.95 8607.52 8602.95 8599.75 8604.62 8604.86 8603.7 8599 8582.61 8585.58 8591.28 8581.59 8572.88 8563.46 8554.15 8564.17
7756.73 7792.3 7807.7 7797.23 7813.73 7840.91 7831.08 7872.96 7885.09 7854.47 7798.35 7730.76 7466.92 7326.28 7268.98 7217.98 7416.55 7682.78 7581.41 7254.52 7277.35 7308.08 7578.03 7498 7572.51 7687.29 7690.88 7765.71 7984.37 8158.47 8294.78 8330.02 8296.2 8329.97 8417.93 8427.93 8410.51 8404.08 8432.54 8437.26 8470.41 8519.14 8553.65 8546.27 8542.76 8579.79 8541.92 8568.02 8565.6 8635.36 8634.09 8607.01 8606.32 8574.51 8581.49 8584.15 8585.26 8585.08 8600.5 8595.87 8583.21 8586.95 8570.21 8568.18 8562.55 8564.8 8566.17 8557.53 8550.62 8540.65 8530.06 8527.76
7746.49 7779.21 7795.56 7818.55 7829.62 7841.83 7837.27 7894.31 7881.43 7846.92 7816.77 7622.68 7382.6 7223.9 7008.4 7006.22 7455.76 7658.55 7667.41 7576.13 7239.53 7257.97 7356.69 7428.89 7379.82 7425.14 7623.81 7605.32 7918.43 8070.44 8237.46 8325.5 8340.82 8354.36 8400.54 8442.27 8420.57 8420.65 8404.98 8450.81 8486.15 8490.23 8529.21 8563.39 8555.21 8567.15 8565.65 8567.07 8577.45 8633.54 8635.53 8618.28 8592.96 8593.71 8586.81 8565.85 8586.62 8564.77 8554.56 8569.05 8571.94 8579.61 8558.31 8546.58 8544.45 8540.63 8533.22 8528.7 8526.88 8513.67 8502.74 8495.63
7750.75 7800.37 7788.14 7812.81 7854.33 7817.37 7845.31 7907.42 7862.44 7846.3 7819.49 7590.97 7678.34 7533.54 7272.03 7201.89 7179.49 7209.9 7405.19 7563.5 7521.37 7587.31 7365.01 7457.81 7563.67 7439.73 7446.77 7589.72 7706.63 7994.46 8170.9 8255.1 8291.78 8328.57 8416.48 8455.42 8428.39 8414.94 8394.37 8421.94 8481.93 8473.27 8503.54 8517.53 8570.76 8572 8589.28 8554.18 8537.28 8602.95 8645.96 8618.62 8579.15 8603.06 8583.04 8562.98 8564.09 8573.06 8544.13 8543.99 8535.65 8547.86 8541.55 8537.48 8526.91 8501.69 8495.81 8491.09 8487.48 8485.06 8467.73 8463.57
7737.48 7795.13 7783.81 7828.42 7812.86 7855.77 7891.62 7859.51 7857.17 7893.38 7847.19 7838.62 7707.16 7694.78 7488.18 7432.52 7433.2 7460.08 7347.82 7258.47 7658.55 7718.3 7498.92 7496.99 7402.96 7686.71 7735.32 7608.4 7798.19 7937.44 8148.18 8253.63 8288.85 8274.37 8379.45 8461.76 8402.2 8410.53 8421.45 8404.98 8464.28 8493.68 8466.8 8483.88 8502.19 8574.09 8560.65 8544.14 8577.4 8603.61 8633.89 8597.25 8592.69 8593.84 8587.95 8562.21 8553.96 8560.48 8547.07 8537.8 8517.89 8520.39 8508.63 8501.66 8485.75 8474.81 8460.2 8451.33 8438.03 8427.05 8436.88 8433.64
7800.46 7818.5 7850.51 7855.98 7864.98 7868.53 7868.53 7880.95 7873.98 7864.61 7872.13 7823.16 7797.06 7635.95 7574.02 7438.65 7586.89 7602.26 7234.56 7056.98 7599.37 7764.46 7606.64 7423.22 7361.47 7574.2 7702.41 7788.89 7948.19 8090.59 8083.23 8228.22 8302.12 8262.94 8323.03 8460.47 8398.56 8422.23 8406.84 8442.26 8430.34 8489.04 8507.77 8500.56 8530.9 8552.95 8573.42 8566.2 8593.87 8608.89 8624.4 8603 8589.45 8563.86 8559.38 8563.37 8555.01 8533.42 8547.53 8532.22 8508.32 8495.08 8493.48 8484.92 8456.16 8457.15 8440.61 8428.24 8413.38 8394.88 8386.47 8379.69
7717.77 7735.08 7733.05 7800.52 7827.71 7845.47 7846.49 7860.5 7860.59 7835.09 7770.33 7762.05 7767.43 7783.95 7740.2 7713.74 7727.65 7607.48 7468.55 7229.73 7495.92 7790.52 7678.96 7561.56 7465.95 7463.35 7537.91 7718.98 7836.16 8139.54 8134.89 8108.93 8306.93 8270.43 8265.84 8404.56 8458.49 8422.24 8406.32 8454.13 8476.81 8448.75 8512.41 8503.52 8549.28 8583.27 8548.62 8582.09 8578.87 8602.81 8613.77 8588.56 8560.73 8552.43 8555.59 8555.38 8545.86 8526.19 8515.26 8520.43 8495.51 8481.43 8464.62 8463.57 8431.21 8428.21 8420.19 8405.29 8382.27 8369.07 8361.95 8344.99
7739.78 7743.51 7814.67 7802.05 7779.93 7770.42 7792.72 7794.98 7812.3 7797.49 7830.12 7870.59 7861.58 7774.69 7761.09 7821.37 7684.78 7682.36 7633.89 7528.37 7349.05 7500.66 7828.59 7752.42 7509.94 7652.58 7506.09 7553.79 7771.66 7972.34 8145.02 8229.84 8317.47 8354.26 8310.29 8321.76 8445.88 8459.72 8423.04 8466.65 8476.43 8493.03 8527.28 8518.66 8574.9 8562.81 8538.11 8579.47 8587.24 8608.46 8606.7 8568.56 8539.17 8563.68 8551.79 8545.14 8536.98 8517.66 8496.55 8493.52 8482.2 8471.01 8455.01 8440.33 8420.19 8400.88 8384.65 8378.07 8356.75 8346.42 8330.33 8307.96
7758.52 7766.22 7776.46 7790.6 7813.18 7837.82 7825.46 7844.55 7847.48 7814.86 7768.71 7812.27 7729.4 7736.82 7759.82 7747.6 7832.81 7759.58 7664.58 7716.63 7535.78 7316.79 7762.44 7730.31 7713.88 7774.48 7570.14 7517.6 7609.91 7965.95 8082.3 8201.09 8292.69 8318.03 8361.8 8359 8371.24 8482.12 8480.55 8481.16 8493.26 8506.67 8541.3 8550.52 8552.96 8522.83 8525.13 8556.21 8590.46 8605.29 8581.84 8563.69 8523.93 8551.68 8543.23 8541.61 8518.25 8506.07 8486.87 8470.14 8441.36 8435.54 8434.34 8415.1 8406.87 8372.46 8362.87 8352.24 8331.13 8313.39 8306.27 8283.94
7767.37 7748.38 7771.57 7789.69 7791.17 7772.96 7747.69 7733.83 7726.09 7742.12 7737.53 7691.56 7765.97 7703.3 7779.5 7843.18 7819.97 7750.07 7836.9 7886.13 7842.11 7699.18 7693.02 7589.96 7654.63 7803.03 7797.04 7755.32 7663.21 7886.88 7887.07 8045.3 8206.61 8131.46 8240.32 8333.32 8402.86 8466 8508.87 8478.64 8511.47 8520.36 8543.52 8552.98 8539.52 8524.26 8518.17 8544.95 8579.31 8608.6 8574.78 8529.33 8523.54 8522.43 8541.37 8526.74 8506.1 8494.47 8475.7 8444.8 8432.83 8419.28 8409.12 8393.08 8380.27 8351.94 8336.91 8324.53 8308.52 8285.76 8271.55 8252.9
7730.2 7727.71 7764.57 7689.04 7714.97 7696.57 7694.12 7687.38 7741.51 7750.28 7736.94 7721.33 7737.35 7791.84 7834.59 7882.51 7867.1 7790.43 7865.93 7835.17 7800.58 7736.89 7718.25 7604.53 7867.61 7975.99 8010.49 7968.95 7782.12 7591.73 7719.7 7907.34 8136.22 8183.5 8206.41 8236.41 8312.42 8425.29 8506.12 8457.62 8511.24 8536.7 8532.36 8516.19 8510.49 8510.88 8533.46 8537.71 8568.83 8612.53 8567.15 8531.67 8533.62 8516.87 8517.98 8514.27 8497.64 8483.63 8444.97 8431.78 8422.74 8403.53 8383.4 8374.3 8356.55 8334.31 8312.07 8301.04 8274.12 8254.8 8233.16 8220.65
7676.88 7733.84 7651.68 7685.01 7676.13 7738.31 7740.22 7762.98 7731.82 7737.01 7714.21 7756.49 7783.63 7810.59 7872.35 7858.64 7807.3 7698.06 7905.48 7846.56 7632.14 7784.03 7839.85 7755.3 7953.72 8000.78 7985.82 7829.42 7551.76 7696.74 7822.41 7918.23 8106.96 8159.79 8276.35 8322.72 8348.67 8428.31 8505.92 8479.88 8503.06 8543.12 8530.83 8512.58 8504.61 8521.02 8544.97 8553.32 8554.17 8598.38 8572.45 8522.23 8525.86 8516.55 8500.96 8515.7 8476.92 8444.06 8426.37 8413.14 8409.75 8383.98 8365.67 8336.98 8320.46 8305.54 8283.67 8267.53 8246.34 8224.09 8206.01 8189.35
7687.83 7689.87 7638.64 7689.27 7698.35 7767.05 7732.1 7764.49 7779.16 7756.26 7828.33 7831.98 7849.66 7876.21 7915.04 7800.57 7620.58 7664.85 7910.15 7822.5 7746.82 7933.63 7951.57 7958.9 8009.75 8018.06 7912.3 7503.14 7362.06 7511.88 7593.67 7851.03 8144.26 8199.3 8228.43 8152.49 8385.72 8457.39 8500.52 8520.98 8524.22 8548.41 8536.57 8526.7 8516.29 8529.58 8548.35 8558.28 8553.33 8583.27 8564.38 8518.15 8504.06 8511.33 8497.97 8495.35 8449.64 8426.29 8416.87 8400.4 8382.1 8368.59 8346.28 8318.13 8293.9 8274.28 8252.94 8233.48 8211.53 8192.62 8171.87 8159.13
7679.76 7725.36 7735.72 7742.27 7762.09 7779.46 7807.01 7828.26 7819.43 7845.52 7854.2 7857.37 7867 7887.59 7877.11 7789.25 7798.94 7860.66 7935.7 7959.36 7919.31 7988.05 7963.87 7906.05 7949.02 7958.54 7657.09 7502.05 7265.23 7308.16 7552.74 7795.04 8058.75 8144.03 8220.21 8295.21 8361.98 8469.27 8497.83 8516.69 8524.48 8539.89 8541.88 8525.52 8525.96 8535.52 8534.76 8552.22 8561.72 8578.23 8544.18 8500.13 8508.64 8486.21 8486.57 8471.92 8438.05 8414.54 8405.62 8382.01 8360.57 8338.52 8324.81 8292.26 8267.98 8247.17 8221.84 8205.831 8175.5 8158.79 8139 8121.65
7290.92 7485.8 7731.07 7765.74 7812.93 7736.19 7679.86 7592.2 7561.77 7550.69 7619.07 7627.76 7619.78 7574.58 7655.73 7703.4 7639.66 7844.75 7925.02 7938.13 7949.9 7966.84 7849.22 7727.23 7821.55 7735.94 7601.4 7529.51 7401.48 7419.83 7501.94 7676.81 7912.91 8036.01 8140.78 8247.53 8304.92 8464.28 8492.59 8513.02 8523.43 8543.14 8542.75 8520.74 8528.18 8542.76 8533.96 8531.81 8557.57 8556 8522.7 8492.27 8496.71 8474.28 8457.02 8455.09 8423.93 8406.95 8384.22 8367.36 8337 8316.6 8299.44 8266.32 8238.47 8214.41 8190.13 8172.857 8146.245 8118.91 8106.396 8096.676
6956.79 6933.44 7267.81 7610.01 7222.83 6903.96 6690.32 6449.29 6419.23 6382.65 6483.15 6591.7 6838.41 6987.78 7175.82 7573.63 7662.15 7822.6 7638.95 7703.26 7758.75 7755.54 7623.9 7642.24 7748.3 7743.28 7578.41 7478.51 7463.11 7441.36 7616.54 7602.04 7861.41 8033.33 8189.19 8329.51 8345.36 8449.78 8481.55 8499.08 8513.28 8521.09 8528.8 8519.33 8524 8537.54 8529.5 8528.06 8546.9 8561.17 8511.82 8484.41 8462.28 8459.13 8431.08 8435.63 8407.58 8382.83 8367.64 8343.92 8318.34 8289.54 8268.91 8234.85 8209.62 8182.69 8160.48 8142.525 8110.833 8103.818 8093.25 -9999
6428.3 6514.54 7049.23 7485.13 7096.12 6581.79 6474.74 6538.43 6441.82 6411.48 6699.38 6514.35 6581.39 6949.73 6988.12 7297.5 7647.86 7607.89 7405.38 7264.24 7239.85 7467.02 7397.22 7202.04 7504.82 7408.8 7728.08 7632.71 7616.2 7764.42 7795.99 7886.38 8000.91 8110.37 8239.54 8269.25 8343.52 8437.58 8466.4 8489.05 8495.53 8513.3 8509.33 8510.9 8520.15 8516.06 8524.87 8538.43 8550.05 8554.65 8500.94 8472.28 8452.05 8433.44 8417.39 8416.81 8383.79 8363.73 8343.52 8322.09 8290.91 8262.35 8232.76 8202.11 8176.04 8152.85 8126.48 8088.554 8077 -9999 -9999 -9999
6884.42 6834.12 6969.62 7593.64 7548.55 6988.58 6816.35 7100.78 6807.64 6856.95 6887.66 6404.39 6851.79 7089.25 7239.46 7238.61 7179.27 6478.5 7233.27 7145.89 7017.01 7246.19 7147.74 7480.37 7379.19 7625.35 7661.23 7911.97 7896.43 7866.94 8017.54 8097.66 8177.45 8205.66 8235.82 8276.54 8365.81 8436.52 8457.74 8464.98 8472.8 8474.93 8479.07 8503.2 8504.35 8515.21 8509.02 8519.17 8518.48 8505.94 8493.59 8462.4 8431.19 8410.65 8387.89 8397.54 8355.7 8334.89 8320.42 8292.49 8255.8 8230.06 8195.13 8170.38 8147.14 8113.84 8096.62 8052.513 8042.671 8024.412 -9999 -9999
7297.28 7353.72 7508.46 7734.81 7468.58 7325.59 7226.84 7310.63 7186.36 7430.14 7184.28 7272.73 7352.96 7262.18 7401.42 6914.31 6729.93 6640.11 7270.29 7025.31 7428.14 7370.44 7270.19 7607.02 7753.4 7747.85 7937.49 7986.12 8108.42 8085.04 8160.36 8201.12 8260.56 8264.51 8283.55 8278.58 8395.46 8427.65 8434.83 8431.56 8441.31 8452.59 8461.21 8472.97 8466.07 8479.71 8480.51 8487.65 8483.18 8468.45 8443.52 8432.05 8411.78 8385.76 8364.21 8350.42 8327.59 8308.04 8288.49 8257 8218.44 8190.63 8157.44 8126.1 8097.45 8063.31 8047.38 8018.59 7994.08 7968.087 -9999 -9999
