taller 1/variables/bioclim18.asc
ncols         720
nrows         300
xllcorner     -30.008325510658
yllcorner     30.991671412252
cellsize      0.083333337679505
NODATA_value  -9999
[rows 231 to 263 of 300, columns 444 to 517 of 720]
42.91 41.23 41.03 39.33 40.56 40.17 40.55 40.86 41.17 42.05 44.26 44.96 49.06 46.81 49.23 52.68 52.86 56.92 57.42 64.35 63.82 64.57 64.48 59.11 52.07 54.12 49.18 50.22 41.2 36.47 41.09 29.68 27.79 41.3 47.4 47.79 48.5 47.62 45.4 44.02 44.03529 39.75581 35.64 32.28 30.25 23.92 19.53 16.33333 -9999 -9999 -9999 -9999 -9999 -9999 -9999 -9999 -9999 -9999 -9999 -9999 26.25 -9999 -9999 -9999 -9999 -9999 -9999 -9999 -9999 -9999 -9999 -9999 -9999 -9999
45.92 44.55 42.3 40.15 41.86 44.24 42.44 41.87 42.08 42.29 46.49 47.13 48.82 49.67 51.34 55.29 64.36 66.4 64.67 60.71 55.46 56.86 50.29 47.5 47.66 47.12 46.87 43.29 29.69 29.34 27.89 28.78 28.87 33.07 49.49 50.5 49.12 48.76 48.42 46.73 46.88 43.09 38.46 34.38 31.01 25.8 21.2069 18.75 -9999 -9999 -9999 -9999 -9999 -9999 -9999 -9999 -9999 -9999 -9999 -9999 -9999 -9999 -9999 -9999 -9999 -9999 -9999 -9999 -9999 -9999 -9999 -9999 -9999 -9999
50.84 51.59 42.85 45.71 42.34 42.61 46.41 45.86 42.15 45.2 52.95 55.16 51.59 51.41 55.49 64.72 59.56 56.18 56.72 54.9 53.17 49.43 47.96 46.35 47.81 53.01 56.42 44.42 31.6 29.03 32.01 31.79 30.11 31.98 45.56 52.17 51.52 52.44 53.14 50.78 49.33 46.09 40.89 37.03 33.28 28.24 23.78947 -9999 -9999 -9999 -9999 -9999 -9999 -9999 -9999 -9999 -9999 -9999 -9999 -9999 -9999 -9999 -9999 -9999 -9999 -9999 -9999 -9999 -9999 -9999 -9999 -9999 -9999 -9999
50.79 49.52 47.6 42.83 43.2 41.02 40.81 40.99 42.06 43.42 48.31 53.51 54.82 55.31 53.11 46.1 50.43 50.73 51.21 51.38 50.62 49.09 49.66 50.24 56.75 62.6 56.29 38.26 39.05 32.07 36.15 35.21 32.42 32.52 39.83 51.87 53.21 53.61 51.93 51.15 49.16 45.16 41.07 38.02 32.74026 28.72917 26 -9999 -9999 -9999 -9999 -9999 -9999 -9999 -9999 -9999 -9999 -9999 -9999 -9999 -9999 -9999 -9999 -9999 -9999 -9999 -9999 -9999 -9999 -9999 -9999 -9999 -9999 -9999
49 48.72 50.67 47.53 53.44 47.34 43.4 44.43 47.09 49.41 58.59 62.34 66.93 60.31 50.52 42.21 48.62 46.64 50.91 53.91 53.18 53.05 55.88 48.26 50.37 59.87 45.93 43.58 38.96 32.97 33.92 34.57 33.97 34.46 42.82 52.09 56.42 58.32 53.09 49.26 46.85 44.08 40.59091 36.14286 -9999 -9999 -9999 -9999 -9999 -9999 -9999 -9999 -9999 -9999 -9999 -9999 -9999 -9999 -9999 -9999 -9999 -9999 -9999 -9999 -9999 -9999 -9999 -9999 -9999 -9999 -9999 -9999 -9999 -9999
52.38 50.11 52.4 49.02 52.49 53.52 56.05 54.26 55.46 56.38 59.79 54.67 54.25 56.4 47.83 45.6 51.06 50.54 46.28 46.28 47.52 52.74 53.06 46.81 44.83 47.21 41.33 37.94 36.94 38.33 37.79 38.88 40.83 39.95 44.47 54.3 58.33 56.85 55.63 51.26 47.45 43.30303 41.90909 -9999 -9999 -9999 -9999 -9999 -9999 -9999 -9999 -9999 -9999 -9999 -9999 -9999 -9999 -9999 -9999 -9999 -9999 -9999 -9999 -9999 -9999 -9999 -9999 -9999 -9999 -9999 -9999 -9999 -9999 -9999
52.49 50.41 50.38 49.22 54.13 61.14 61.02 58.95 58.49 60.4 58.49 59.26 61.14 57.97 56.91 47.38 46.85 45.89 42.17 40.8 47.11 53.44 47.31 44.81 41.92 40.46 42.42 39.29 40.02 42.59 46.43 46.41 44.72 46.47 57.47 59.68 56.62 55.04 53.27 52.13 48.05 43.80952 -9999 -9999 -9999 -9999 -9999 -9999 -9999 -9999 -9999 -9999 -9999 -9999 -9999 -9999 -9999 -9999 -9999 -9999 -9999 -9999 -9999 -9999 -9999 -9999 -9999 -9999 -9999 -9999 -9999 -9999 -9999 -9999
54.46 49.38 50.56 51.26 50.36 54.81 52.2 55.52 57.53 60.76 60.09 62.09 62.79 50.84 46.76 44.7 42.71 41.17 41.49 43.74 45.48 48.55 47.62 45.89 46.79 44.18 47.04 45.11 40.05 45.94 50.26 48.07 47.4 52.15 54.61 56.81 54.73 52.99 52.84 49.32 46.41 44.20238 -9999 -9999 -9999 -9999 -9999 -9999 -9999 -9999 -9999 -9999 -9999 -9999 -9999 -9999 -9999 -9999 -9999 -9999 -9999 -9999 -9999 -9999 -9999 -9999 -9999 -9999 -9999 -9999 -9999 -9999 -9999 -9999
53.23 53.74 52.47 50.89 51.61 51.66 54.56 58.38 59.7 57.87 59.26 59.52 54.7 47.32 44.37 46.32 43.79 42.14 45.62 46.71 48.97 49.07 48.7 48.5 44.79 45.9 51.44 47.5 43.1 42.83 48.06 57 42.66 51.87 54.68 54.89 53.78 51.62 51.08 48.91 46.36 44.39 43.48 -9999 -9999 -9999 -9999 -9999 -9999 -9999 -9999 -9999 -9999 -9999 -9999 -9999 -9999 -9999 -9999 -9999 -9999 -9999 -9999 -9999 -9999 -9999 -9999 -9999 -9999 -9999 -9999 -9999 -9999 -9999
56.43 56.25 53.89 53.39 54.53 54.78 55.23 59.38 56.94 55.7 56.24 54.52 51.41 49.49 44.52 43.76 43.33 44.1 48.41 52.4 50.87 50.4 49.2 51.22 51.44 50.66 52.36 53.39 50.66 46.32 53.24 47.07 43.3 56.26 55.13 53.84 52.36 51.05 50.94 49.32 47.08 45.09 43.80247 42.5 -9999 -9999 -9999 -9999 -9999 -9999 -9999 -9999 -9999 -9999 -9999 -9999 -9999 -9999 -9999 -9999 -9999 -9999 -9999 -9999 -9999 -9999 -9999 -9999 -9999 -9999 -9999 -9999 -9999 -9999
54.81 56.57 55.59 56.13 57.88 59.9 60.08 60.14 59.3 59.17 58.18 57.86 51.01 47.85 48.25 46.27 46.28 48.18 49.23 53.18 53.9 55.13 56.14 56.26 58.28 60.59 54.72 51.13 55.29 52.56 47.06 45.13 53.43 54.92 52.86 51.86 51.11 51.05 50.38 48.9 48.69 47.79 45.51 44.17742 -9999 -9999 -9999 -9999 -9999 -9999 -9999 -9999 -9999 -9999 -9999 -9999 -9999 -9999 -9999 -9999 -9999 -9999 -9999 -9999 -9999 -9999 -9999 -9999 -9999 -9999 24.75 -9999 -9999 -9999
53.48 54.59 55.16 56.43 59.93 64.51 66.87 63.37 61.45 60.11 56.32 55.65 53.95 51.48 51.21 50.6 52.79 54.97 49.91 49.27 52.64 58.93 57.16 55.25 52.82 57.67 55.12 50.97 50.93 48.04 44.71 46.79 53.84 53.82 50.73 50.75 51.17 51.06 49.54 49.08 49.42 47.97 46.71 46.18 45.04918 42.88 42 -9999 34 -9999 -9999 -9999 -9999 -9999 -9999 -9999 -9999 -9999 -9999 -9999 -9999 -9999 -9999 -9999 -9999 -9999 -9999 -9999 -9999 -9999 -9999 -9999 -9999 -9999
52.79 53.36 54.16 55.93 58.81 63.22 65.29 62.98 59.2 56.67 55.3 52.72 57.05 57.56 55.67 56.97 59.43 57.17 52.04 50.28 52.59 54.35 55.83 52.03 48.7 52.37 54.41 50.82 45.95 42.25 41.27 46.38 52.77 53.64 50.39 50.02 50.09 50.06 49.94 49.77 48.95 47.85 46.9 46.04 45.93 43.67 41.48837 38.72727 -9999 -9999 -9999 -9999 -9999 -9999 -9999 -9999 -9999 -9999 -9999 -9999 -9999 -9999 -9999 -9999 -9999 -9999 -9999 -9999 -9999 -9999 -9999 -9999 -9999 -9999
49.9 50.93 52.41 55.34 55.79 58.37 62.36 56 50.37 52.32 54.61 53.47 54.72 62.36 60.87 62.23 61.84 57.33 54.07 53.38 53.61 54.57 58.1 57.91 49.54 45.44 51.13 46.53 42.74 41.46 43.47 48.63 50.97 50.67 49.87 49.2 49.3 49.5 48.72 47.8 46.47 46.11 46.67 45.96 45.2 43.85 41.04 38.27 36.33333 -9999 -9999 -9999 -9999 -9999 -9999 -9999 -9999 -9999 -9999 -9999 -9999 -9999 -9999 -9999 -9999 -9999 -9999 -9999 -9999 -9999 -9999 -9999 -9999 -9999
47.19 47.6 49.61 49.81 55.35 58.24 50.51 49.17 56.35 58.05 54.22 55.35 54.68 61.92 65.67 63.44 61.02 59.16 58.14 60.71 62.61 58.56 58.44 56.52 49.19 43.01 41.51 39.27 37.94 38.49 43.81 49.29 48.29 48.14 47.95 47.45 47.71 47.58 46.5 45.87 45.25 44.95 45.32 44.73 44.28 43.03 40.32 37.69 35.8 35 -9999 -9999 -9999 -9999 -9999 -9999 -9999 -9999 -9999 -9999 -9999 -9999 -9999 -9999 -9999 -9999 22.33333 21.85 -9999 -9999 -9999 -9999 -9999 -9999
55.86 54.28 52.94 55.6 56.63 49.92 49.19 53.32 58.7 58.86 56.55 56.03 55.54 58.32 60.79 62.03 60.65 58.45 58.91 61.74 59.76 58.05 55.07 54.21 53.47 44.08 43.02 43.55 35.47 37 40.08 45.11 49.33 46.35 45.86 46.05 45.66 44.96 45.01 44.29 44 43.53 42.81 42.98 42.95 41.34 39.15 36.92 35.64865 -9999 -9999 -9999 -9999 -9999 -9999 -9999 -9999 -9999 -9999 -9999 -9999 -9999 -9999 -9999 -9999 -9999 -9999 -9999 -9999 -9999 -9999 -9999 -9999 -9999
66.79 58.47 54 52.54 52.29 51.78 53.59 57.11 56.12 57.38 60.49 64.39 64.87 62.89 60.18 61.21 61.03 57.5 51.56 50.61 52.55 57.15 56.16 51.14 45.21 43.85 46.3 37.72 33.12 34.77 39.74 45 45.46 45.07 43.33 43.23 43.12 43.41 43.22 42.31 41.82 41.51 40.89 41.56 40.56 39.12 38.3 36.57 35.01587 -9999 -9999 -9999 -9999 -9999 -9999 -9999 -9999 -9999 -9999 -9999 -9999 -9999 -9999 -9999 -9999 -9999 -9999 -9999 -9999 -9999 -9999 -9999 -9999 -9999
55.28 54.27 53.49 57.86 57.57 55.32 54.76 56.69 54.84 56.67 62.42 65.07 62.46 61.12 60.96 62.3 61.95 58.19 53.99 49.09 46.94 54.88 52.33 45.08 40.88 40.81 37.18 32.45 30.39 33.63 38.74 44.16 46.11 43.84 42.22 41.01 41 41.1 40.22 39.86 40.32 41.3 40.12 39.07 38.84 38.49 36.88 35.12 33.60825 32.0303 -9999 -9999 -9999 -9999 -9999 -9999 -9999 -9999 -9999 -9999 -9999 -9999 -9999 -9999 -9999 -9999 -9999 -9999 -9999 -9999 -9999 -9999 -9999 -9999
47.15 50.72 58.25 61.18 55.32 50.91 53.94 54.71 53.16 55.23 57.66 57.79 59.41 58.96 57.95 61.23 61.6 59.92 57.86 56.8 53.79 42.8 41.36 40.88 38.99 35.28 32.32 29.62 31.95 32.62 37.8 43.44 43.87 40.99 40.78 39.28 38.47 39.17 39.12 38.9 39.11 38.61 38.14 37.52 36.67 36 34.89 33.99 32.37 31.52273 -9999 -9999 -9999 -9999 -9999 -9999 -9999 -9999 -9999 -9999 -9999 -9999 -9999 -9999 -9999 -9999 -9999 -9999 -9999 -9999 -9999 -9999 -9999 -9999
50.11 54.44 57.73 55.26 49.04 50.73 48.8 49.59 51.05 51.61 55.61 58.29 60.85 58.52 54.64 56.49 57.62 56.67 53.16 53.07 46.48 43.54 46.68 45.44 35.67 33.97 30.85 28.62 28.74 30.68 36.98 41.07 41.01 38.15 38.34 37.74 36.5 38.11 37.72 37.83 37.06 36.12 35.99 36.1 35.14 34.21 33.91 32.59 31.7193 -9999 -9999 -9999 -9999 -9999 -9999 -9999 -9999 -9999 -9999 -9999 -9999 -9999 -9999 -9999 -9999 -9999 -9999 -9999 -9999 -9999 -9999 -9999 -9999 -9999
49.46 51.77 53.2 48.17 50.24 54.37 48.82 50.13 46.67 49.15 50.86 52.32 53.9 53.35 51.68 50.28 49.49 48 46.71 45.11 43.81 44.35 43.5 38.27 35.69 31.17 28.35 26.46 25.43 31.13 36.76 38.6 37.36 37.33 38.54 36.36 34.89 35.25 34.8 35.06 35.14 34.86 34.64 34.56 34.22 33.43 32.34 31.61458 31 -9999 -9999 -9999 -9999 -9999 -9999 -9999 -9999 -9999 -9999 -9999 -9999 -9999 -9999 -9999 -9999 -9999 -9999 -9999 -9999 -9999 -9999 -9999 -9999 -9999
42.34 45.34 43.62 45.47 50.18 50.13 44.37 46.69 43.79 45.34 47.77 48.82 52.19 49.59 47.24 48.26 46.14 43.17 42.32 40.99 40.29 39.5 35.93 33.79 33.34 29.78 26.58 24.97 26.53 29.63 33.18 37.98 36.97 36.23 33.89 32.95 32.46 33.43 33.6 34 32.69 32.45 33.08 33.12 32.87 32.04 31.29 31 -9999 -9999 -9999 -9999 -9999 -9999 -9999 -9999 -9999 -9999 -9999 -9999 -9999 -9999 -9999 -9999 -9999 -9999 -9999 -9999 -9999 -9999 -9999 -9999 -9999 -9999
30.85 32.58 34.97 35.36 36.54 38.42 37.43 38.24 39.16 40.2 42.6 43.8 42.49 43.17 43.09 40.31 41.21 39.58 37.51 36.06 35 33.13 32.7 32.92 30.45 26.52 24.29 23.16 22.77 24.48 34.21 36.41 33.35 31.48 30.76 30.65 31.46 32.37 32.98 32.07 31.48 31.66 31.96 31.7 31.43 30.87 30.11494 30.25 -9999 -9999 -9999 26.66667 -9999 -9999 -9999 -9999 -9999 -9999 -9999 -9999 -9999 -9999 -9999 -9999 -9999 -9999 -9999 -9999 -9999 -9999 -9999 -9999 -9999 -9999
21.22 22.39 22.61 24.19 29.67 32.47 35.81 34.92 37.4 39.07 42.19 43.25 40.52 38.54 37.23 36.14 36.96 35.5 33.46 31.5 30.12 29.8 30.44 26.58 25.68 24.16 23.73 22.69 22.3 25.62 30.49 32.99 30 28.77 28.71 28.56 30.52 30.74 30.26 30.51 30.34 29.91 29.83 29.79 29.48 29.16867 29 -9999 -9999 -9999 26.38889 26.21212 -9999 -9999 -9999 -9999 -9999 -9999 -9999 -9999 -9999 -9999 -9999 -9999 -9999 -9999 -9999 -9999 -9999 -9999 -9999 -9999 -9999 -9999
15.86 18.03 18.39 19.22 20.74 22.69 24.99 27.33 34.83 37.15 38.03 37.83 37.12 35.68 36.01 34.95 31.94 30.47 29.34 27.81 26.58 24.6 23.68 24.45 23.24 23.45 24.33 21.18 19.37 28.21 28.66 29.3 27.69 27.34 26.13 26.23 27.22 28.27 28.32 28.38 28.54 28.44 28.77 28.74 28.64647 28.57895 -9999 26 26.11539 26 26 26 -9999 -9999 -9999 -9999 -9999 -9999 -9999 -9999 -9999 -9999 -9999 -9999 -9999 -9999 -9999 -9999 -9999 -9999 -9999 -9999 -9999 -9999
13.31 14.22 15.02 16.2 17.03 18.17 19.67 21.1 23.24 25.08 27.59 30.7 30.97 30.96 33.86 31.23 30.75 27.2 26.4 24.44 22.82 21.64 21.17 20.58 19.36 20.01 21.22 18.26 20.49 25.31 27.87 27.77 27.5 26.15 25.01 25.63 25.43 26.1 26.66 27 27 26.17 25.73 26.31944 28 -9999 -9999 -9999 26 26 -9999 -9999 -9999 -9999 -9999 -9999 -9999 -9999 -9999 -9999 -9999 -9999 -9999 -9999 -9999 -9999 -9999 -9999 -9999 -9999 -9999 -9999 -9999 -9999
11.27 12.25 12.88 13.59 14.67 16.09 17.53 19.48 21 24.37 26.58 25.96 25.49 28.83 26.19 24.35 24.42 21.88 26.82 24.37 20.65 19.02 18.33 17.77 17.65 18.04 18.65 18.29 19.23 24.86 27.55 29.13 26.34 24.95 24.12 23.59 24.07 24.71 25.42 25.16 24.28 24.37931 24.92593 25 -9999 -9999 -9999 -9999 -9999 -9999 -9999 -9999 -9999 -9999 -9999 -9999 -9999 -9999 -9999 -9999 -9999 -9999 -9999 -9999 -9999 -9999 -9999 -9999 -9999 -9999 -9999 -9999 -9999 -9999
10.01 10.34 11.06 11.63 12.02 12.91 15.22 18.33 20.83 23.55 21.14 20.19 20.62 22.22 20.81 19.33 18.66 19 19.53 16.05 18.09 16.1 16.18 16.69 17 18.3 22.09 21.51 21.26 23.23 23.72 22.48 22.03 21.81 22.07 22.92 23.51 23.73 23.01 22.99 23.3718 24 -9999 -9999 -9999 -9999 -9999 -9999 -9999 -9999 -9999 -9999 -9999 -9999 -9999 -9999 -9999 -9999 -9999 -9999 -9999 -9999 -9999 -9999 -9999 -9999 -9999 -9999 -9999 -9999 -9999 -9999 -9999 -9999
9.45 9.99 10 10.02 10.3 10.64 10.96 11.31 12.83 14.66 14.27 17.1 19.17 21.35 19.62 18.41 16.17 16.96 14.46 12 12.84 13.21 15.19 20.38 22.68 19.13 17.1 15.16 20.21 21.73 21.34 21 20.4 20.98 21.72 22.67 22.95 22.87879 22.11268 22.19048 23 -9999 -9999 -9999 -9999 -9999 -9999 -9999 -9999 -9999 -9999 -9999 -9999 -9999 -9999 -9999 -9999 -9999 -9999 -9999 -9999 -9999 -9999 -9999 -9999 -9999 -9999 -9999 -9999 -9999 -9999 -9999 -9999 -9999
8 8.21 8.83 9.38 9.67 9.88 9.91 9.79 9.56 9.6 9.87 9.84 9.4 9.39 10.84 11.07 11.16 10.97 10.58 11.31 12.22 12.56 12.02 12 12.45 12.72 13.51 16.47 19.32 20.69 19.93 20.43 20.13 20.81 21.28 21.73 21.5 21.85714 -9999 -9999 -9999 -9999 -9999 -9999 -9999 -9999 -9999 -9999 -9999 -9999 -9999 -9999 -9999 -9999 -9999 -9999 -9999 -9999 -9999 -9999 -9999 -9999 -9999 -9999 -9999 -9999 -9999 -9999 -9999 -9999 -9999 -9999 -9999 -9999
7.81 7.98 8 8 8 8.02 8.08 8.03 7.84 7.77 7.91 7.82 7.59 7.82 8.8 9.1 9.12 9.08 9.36 10.45 12.46 11.51 12.65 16.51 14.86 10.21 10.86 16.54 18.03 18.57 19.07 19.42 19.27 19.97 20.38 20.26 20.86567 -9999 -9999 -9999 -9999 -9999 -9999 -9999 -9999 -9999 -9999 -9999 -9999 -9999 -9999 -9999 -9999 -9999 -9999 -9999 -9999 -9999 -9999 -9999 -9999 -9999 -9999 -9999 -9999 -9999 -9999 -9999 -9999 -9999 -9999 -9999 -9999 -9999
5.5 6.11 6.91 7.16 7.19 7.11 6.89 6.64 6.54 6.38 6.2 6 6 6 6.06 8.29 9.41 10.35 10.11 10.09 10.26 10.64 11.67 11.15 10.46 9.77 11.19 16.5 18.3 18.43 18.59 19 18.82 19.38 20 20.02 19.84906 -9999 -9999 -9999 -9999 -9999 -9999 -9999 -9999 -9999 -9999 -9999 -9999 -9999 -9999 -9999 -9999 -9999 -9999 -9999 -9999 -9999 -9999 -9999 -9999 -9999 -9999 -9999 -9999 -9999 -9999 -9999 -9999 -9999 -9999 -9999 -9999 -9999
5 5 5.05 5.07 5.33 5.52 5.91 6 6 6 5.94 5.98 6 6 6.04 7.36 6.77 6.62 6.85 6.71 7.1 6.83 6.46 6.56 6.62 10.69 13.72 15.62 15.81 16.07 16.48 16.92 17.58 18.24 18.87 19.46 19.52174 -9999 -9999 -9999 -9999 -9999 -9999 -9999 -9999 -9999 -9999 -9999 -9999 -9999 -9999 -9999 -9999 -9999 -9999 -9999 -9999 -9999 -9999 -9999 -9999 -9999 -9999 -9999 -9999 -9999 -9999 -9999 -9999 -9999 -9999 -9999 -9999 -9999
