taller 1/variables/bioclim1.asc
ncols         720
nrows         300
xllcorner     -30.008325510658
yllcorner     30.991671412252
cellsize      0.083333337679505
NODATA_value  -9999
[rows 231 to 263 of 300, columns 296 to 369 of 720]
138.37 142.89 138.77 124.79 131.98 163.87 173.99 178.72 178.69 182.29 183.1477 181.087 179.1 179.6667 183.15 -9999 182 -9999 180 181.125 -9999 183 177.3488 171.0645 -9999 -9999 -9999 -9999 -9999 179.9412 179.3404 179.6035 180.4815 -9999 -9999 -9999 -9999 173.4 177.1667 -9999 -9999 -9999 -9999 -9999 -9999 -9999 -9999 -9999 -9999 -9999 -9999 -9999 -9999 -9999 -9999 -9999 -9999 -9999 -9999 -9999 -9999 -9999 -9999 -9999 -9999 -9999 -9999 -9999 -9999 -9999 -9999 -9999 -9999 -9999
150.77 150.39 143.23 137.16 154.26 153.72 159.88 170.03 162.46 171.6555 183.0952 -9999 -9999 -9999 -9999 -9999 -9999 -9999 -9999 -9999 -9999 -9999 -9999 -9999 -9999 -9999 -9999 -9999 -9999 -9999 -9999 -9999 -9999 -9999 -9999 -9999 -9999 -9999 -9999 -9999 -9999 -9999 -9999 -9999 -9999 -9999 -9999 -9999 -9999 -9999 -9999 -9999 -9999 -9999 -9999 -9999 -9999 -9999 -9999 -9999 -9999 -9999 -9999 -9999 -9999 -9999 -9999 -9999 -9999 -9999 -9999 -9999 -9999 -9999
158.56 152.14 154.2 164.11 171.1414 164.0244 171.3587 177.1856 180.9474 -9999 -9999 -9999 -9999 -9999 -9999 -9999 -9999 -9999 -9999 -9999 -9999 -9999 -9999 -9999 -9999 -9999 -9999 -9999 -9999 -9999 -9999 -9999 -9999 -9999 -9999 -9999 -9999 -9999 -9999 -9999 -9999 -9999 -9999 -9999 -9999 -9999 -9999 -9999 -9999 -9999 -9999 -9999 -9999 -9999 -9999 -9999 -9999 -9999 -9999 -9999 -9999 -9999 -9999 -9999 -9999 -9999 -9999 -9999 -9999 -9999 -9999 -9999 -9999 -9999
167.41 161.12 173.3625 177.7111 179.5 -9999 -9999 -9999 -9999 -9999 -9999 -9999 -9999 -9999 -9999 -9999 -9999 -9999 -9999 -9999 -9999 -9999 -9999 -9999 -9999 -9999 -9999 -9999 -9999 -9999 -9999 -9999 -9999 -9999 -9999 -9999 -9999 -9999 -9999 -9999 -9999 -9999 -9999 -9999 -9999 -9999 -9999 -9999 -9999 -9999 -9999 -9999 -9999 -9999 -9999 -9999 -9999 -9999 -9999 -9999 -9999 -9999 -9999 -9999 -9999 -9999 -9999 -9999 -9999 -9999 -9999 -9999 -9999 -9999
173.49 176.26 -9999 -9999 -9999 -9999 -9999 -9999 -9999 -9999 -9999 -9999 -9999 -9999 -9999 -9999 -9999 -9999 -9999 -9999 -9999 -9999 -9999 -9999 -9999 -9999 -9999 -9999 -9999 -9999 -9999 -9999 -9999 -9999 -9999 -9999 -9999 -9999 -9999 -9999 -9999 -9999 -9999 -9999 -9999 -9999 -9999 -9999 -9999 -9999 -9999 -9999 -9999 -9999 -9999 -9999 -9999 -9999 -9999 -9999 -9999 -9999 -9999 -9999 -9999 -9999 -9999 -9999 -9999 -9999 -9999 -9999 179.6364 173.8182
175.642 177 -9999 -9999 -9999 -9999 -9999 -9999 -9999 -9999 -9999 -9999 -9999 -9999 -9999 -9999 -9999 -9999 -9999 -9999 -9999 -9999 -9999 -9999 -9999 -9999 -9999 -9999 -9999 -9999 -9999 -9999 -9999 -9999 -9999 -9999 -9999 -9999 -9999 -9999 -9999 -9999 -9999 -9999 -9999 -9999 -9999 -9999 -9999 -9999 -9999 -9999 -9999 -9999 -9999 -9999 -9999 -9999 -9999 -9999 -9999 -9999 -9999 -9999 -9999 -9999 -9999 -9999 -9999 -9999 174.129 172.9189 172.12 162.86
176 -9999 -9999 -9999 -9999 -9999 -9999 -9999 -9999 -9999 -9999 -9999 -9999 -9999 -9999 -9999 -9999 -9999 -9999 -9999 -9999 -9999 -9999 -9999 -9999 -9999 -9999 -9999 -9999 -9999 -9999 -9999 -9999 -9999 -9999 -9999 -9999 -9999 -9999 -9999 -9999 -9999 -9999 -9999 -9999 -9999 -9999 -9999 -9999 -9999 -9999 -9999 -9999 -9999 -9999 -9999 -9999 -9999 -9999 -9999 -9999 -9999 -9999 -9999 -9999 -9999 -9999 179 175.2 172.6071 170.66 168.89 169.07 165.89
178 -9999 -9999 -9999 -9999 -9999 -9999 -9999 -9999 -9999 -9999 -9999 -9999 -9999 -9999 -9999 -9999 -9999 -9999 -9999 -9999 -9999 -9999 -9999 -9999 -9999 -9999 -9999 -9999 -9999 -9999 -9999 -9999 -9999 -9999 -9999 -9999 -9999 -9999 -9999 -9999 -9999 -9999 -9999 -9999 -9999 -9999 -9999 -9999 -9999 -9999 -9999 -9999 -9999 -9999 -9999 -9999 -9999 -9999 -9999 -9999 -9999 -9999 -9999 -9999 -9999 176.2941 172.675 170.19 167.46 165.86 164.24 165.05 164.1
-9999 -9999 -9999 -9999 -9999 -9999 -9999 -9999 -9999 -9999 -9999 -9999 -9999 -9999 -9999 -9999 -9999 -9999 -9999 -9999 -9999 -9999 -9999 -9999 -9999 -9999 -9999 -9999 -9999 -9999 -9999 -9999 -9999 -9999 -9999 -9999 -9999 -9999 -9999 -9999 -9999 -9999 -9999 -9999 -9999 -9999 -9999 -9999 -9999 -9999 -9999 -9999 -9999 -9999 -9999 -9999 -9999 -9999 -9999 -9999 -9999 -9999 -9999 -9999 -9999 178.0909 175.81 176.43 176.8 173.97 172.31 172.51 174.99 173.81
-9999 -9999 -9999 -9999 -9999 -9999 -9999 -9999 -9999 -9999 -9999 -9999 -9999 -9999 -9999 -9999 -9999 -9999 -9999 -9999 -9999 -9999 -9999 -9999 -9999 -9999 -9999 181 -9999 -9999 -9999 -9999 -9999 -9999 -9999 -9999 -9999 -9999 -9999 -9999 -9999 -9999 -9999 -9999 -9999 -9999 -9999 -9999 -9999 -9999 -9999 -9999 -9999 -9999 -9999 -9999 -9999 -9999 -9999 185 185 -9999 -9999 -9999 181.8 176.1829 174.04 173.39 173.23 175.24 180.74 181.63 181.74 181.89
169.7857 -9999 -9999 -9999 -9999 -9999 -9999 -9999 -9999 -9999 -9999 -9999 -9999 -9999 -9999 -9999 -9999 -9999 -9999 -9999 -9999 -9999 -9999 -9999 -9999 -9999 -9999 -9999 -9999 -9999 -9999 -9999 -9999 -9999 -9999 -9999 -9999 -9999 -9999 -9999 -9999 -9999 -9999 -9999 -9999 -9999 -9999 -9999 -9999 -9999 -9999 -9999 -9999 -9999 -9999 -9999 -9999 -9999 169.2766 174.4396 182.5833 -9999 -9999 183.75 178.5738 175.91 176.79 173.81 170.25 171.98 181.6 182.4 181.49 178.16
173.8 -9999 -9999 -9999 -9999 -9999 -9999 -9999 -9999 -9999 -9999 -9999 -9999 -9999 -9999 -9999 -9999 -9999 -9999 -9999 -9999 -9999 -9999 -9999 -9999 -9999 -9999 -9999 -9999 -9999 -9999 -9999 -9999 -9999 -9999 -9999 -9999 -9999 -9999 -9999 -9999 -9999 -9999 -9999 -9999 -9999 -9999 -9999 -9999 -9999 -9999 -9999 -9999 185 183.8333 185.7143 -9999 176.4571 171.6277 176.89 180.16 180.8023 184.058 181.4396 181.51 182.48 181.16 177.63 176.96 182.65 183.9 183.55 180.59 175.22
175.75 -9999 -9999 -9999 -9999 -9999 -9999 -9999 -9999 -9999 -9999 -9999 -9999 -9999 -9999 -9999 -9999 -9999 -9999 -9999 -9999 -9999 -9999 -9999 -9999 -9999 -9999 -9999 -9999 -9999 -9999 -9999 -9999 -9999 -9999 -9999 -9999 -9999 -9999 -9999 -9999 -9999 -9999 -9999 -9999 -9999 -9999 -9999 -9999 -9999 184 180.5625 174.6333 177.8333 172.22 171.7789 179.525 176.11 175.42 177.1 178.23 179.76 184.16 184.28 184.04 183.99 182.27 178.8 178.45 181.11 183.22 181.33 174.53 168.46
179.4896 181.6667 -9999 -9999 -9999 -9999 -9999 -9999 -9999 -9999 -9999 -9999 -9999 -9999 -9999 -9999 -9999 -9999 -9999 -9999 -9999 -9999 -9999 -9999 -9999 -9999 -9999 -9999 -9999 -9999 -9999 -9999 -9999 -9999 -9999 -9999 -9999 -9999 -9999 -9999 -9999 -9999 -9999 -9999 -9999 -9999 -9999 -9999 -9999 183 177.8421 174.7849 170.72 168.72 171.17 176.29 177.33 175.05 172.34 171.78 173.37 181.65 183.86 184.08 184.05 181.79 178.21 172.43 171.53 176.81 180.87 179.78 174.05 167.21
177.4 179.7273 181.9048 -9999 -9999 -9999 -9999 -9999 -9999 -9999 -9999 -9999 -9999 -9999 -9999 -9999 -9999 -9999 -9999 -9999 -9999 -9999 -9999 -9999 -9999 -9999 -9999 -9999 -9999 -9999 -9999 -9999 -9999 -9999 -9999 -9999 -9999 -9999 -9999 -9999 -9999 -9999 -9999 -9999 -9999 -9999 -9999 -9999 -9999 176.5278 174.74 175.65 178.58 179.99 179.8 178.91 177.08 175.14 173.34 171.15 172.78 178.75 179.22 175.64 178.91 173.94 170.3 161.55 159.68 170.25 174.48 179.21 172.88 166.96
161.49 166.94 179.8021 183.5625 -9999 -9999 -9999 -9999 -9999 -9999 -9999 -9999 -9999 -9999 -9999 -9999 -9999 -9999 -9999 -9999 -9999 -9999 -9999 -9999 -9999 -9999 -9999 -9999 180.7917 -9999 -9999 -9999 -9999 -9999 -9999 -9999 -9999 -9999 -9999 -9999 -9999 -9999 -9999 -9999 -9999 -9999 -9999 -9999 -9999 181.12 179.91 178.25 179.22 179.28 178.64 177.72 172.2 164.34 161.57 164.2 163.42 169.54 167.41 173.36 172.35 167.14 163.57 165.8 167.05 170.55 174.05 174.97 176.35 174.59
137.41 166.15 174.58 175.62 180.7547 -9999 -9999 -9999 -9999 -9999 -9999 -9999 -9999 -9999 -9999 -9999 -9999 -9999 -9999 -9999 -9999 -9999 -9999 -9999 -9999 -9999 -9999 178.8125 177.4194 -9999 -9999 -9999 -9999 -9999 -9999 -9999 -9999 -9999 -9999 -9999 -9999 -9999 -9999 -9999 -9999 -9999 -9999 183 180.3958 179.4242 178.53 177.48 176.77 173.74 173.37 167 156.25 156.24 157.96 161.43 167.59 165 162.15 173.51 167.53 168.47 169.55 169.88 168.96 168.39 166.68 166.21 167.64 167.48
149.6 165.03 136.32 155.19 175.23 168.4878 181.2917 -9999 -9999 -9999 -9999 -9999 -9999 -9999 -9999 184 181.1818 181.8333 -9999 178.4561 182.1935 -9999 -9999 -9999 -9999 -9999 181.8139 178.8471 180.7128 185.4 -9999 -9999 -9999 -9999 -9999 -9999 -9999 -9999 -9999 -9999 -9999 -9999 -9999 -9999 -9999 175.1035 178.961 177.1136 176.48 173.8 172.7 171.62 171.12 164.21 155.18 156.45 158.07 160.85 161.75 160.9 158.88 158.7 166.03 170.47 167.16 168.16 168.41 162.7 157.61 158.65 158.36 166.39 162.95 154.1
171.33 136.09 132.65 140.96 166.23 157.42 168.87 174.4937 175.0833 177.625 182.3 186 179.2381 170.413 171.5469 175.3854 173.53 180.1333 181 169.47 176.63 179.7126 176.4154 175.94 176.4923 177.6129 180.1 173.32 176.46 186.9615 187.75 -9999 -9999 -9999 -9999 -9999 -9999 -9999 -9999 -9999 -9999 -9999 -9999 172.9231 174.5873 173.34 177.91 177.32 172.69 167.07 163.07 162.3 162.02 156.04 156.65 157.05 157.38 157.6 157.99 156.44 158.39 162.78 168.61 169.15 167.4 167.77 166.45 159.58 151.71 151.88 164.48 166.96 164.64 154.07
170.4 147.06 113.79 131.06 153.13 142.66 147.28 161.6 163.81 162.44 169.82 177.5152 177.9 174.02 170.35 169.98 173.83 176.25 177.17 160.32 173.25 165.48 161.28 167.54 175.02 178.46 179.29 175.87 184.33 188.8621 189.9655 189.7903 188.7353 186.4063 182.6 182.1235 181.7407 180.5556 178 179.2 176.4286 174.8788 172.9836 167.3333 166.3 172.75 178.01 174.31 175.73 169.9 168.48 165.65 157.17 152.75 155.33 156.46 155.75 155.92 156.32 157.54 163.14 165.23 167.04 167.32 167.96 167.39 165.09 162.31 161.39 156.67 158.29 164.25 162.25 157.24
167.76 142.24 160.87 147.58 126 131.03 151.82 137.84 163.12 142.17 156.37 153.06 161.41 155.16 156.35 165.47 165.58 160.41 164.63 149.43 149.92 161.88 171.1 172.5 174.06 177.5 178.37 179.47 185.02 188.8 189.69 186.25 179.79 179.56 183.23 183.21 180.8 179.02 175.51 173.03 172.61 170.97 171.65 165.15 169.63 175.59 177 176.21 176 171.46 163.86 165.34 157.16 154.31 154.61 154.27 152.56 153.73 156.47 160.06 160.83 159.81 164.11 164.27 165.54 162.5 160.63 160.66 158.74 154.96 153.87 159.1 158.26 155.58
171.43 156.92 145.23 170.59 161.46 156.45 142.72 121.5 121.14 131.31 118.75 124.77 136.91 147.73 145.6 125.16 130.96 153.99 161.84 137.04 152.83 171.15 173.27 172.28 172.71 173.88 177.16 180.69 181.66 185.33 189.01 187.23 190.73 189.52 187.18 184.21 180.75 177.91 174.94 170.12 167.48 165.4 161.24 163.22 171.44 173.06 173.95 171.39 169.38 161.13 155.86 160.98 154.64 151.24 148.7 150.18 147.39 155.07 153.46 155.52 158.97 161.36 163.48 160.57 156.29 159.19 162.76 154.76 152.64 149.94 147.34 150.77 153.78 154.59
172.26 178 177.27 174.46 171.43 163.4 142.56 135.05 117.22 102.97 108.64 120.21 116.41 132.67 128.67 117.14 137.28 148.96 149.41 157.73 160.62 163.24 167.49 169.93 169.01 171.78 168.8 163.39 175.25 182.32 191.11 193.95 191.96 186.07 182.52 173.41 164.34 151.03 155.5 163.71 168.69 167.76 168.49 169.96 171.7 168.62 166.97 155.49 150.75 147.54 152.01 146.72 144.6 141.05 141.51 146.33 146.5 152.57 153.27 153.18 157.47 156.8 159.11 158.98 154.82 159 157.57 148.13 148.21 146.87 144.38 147.34 150 152.39
175.78 181.29 183.47 179.41 178.58 161.31 151.1 144.46 145.76 123.15 116.88 133.86 131.92 126.7 135.99 131.38 134.74 122.5 129.81 138.06 154.2 166.39 168.33 165.39 169.51 173.35 166.42 169.91 177.73 179.13 182.57 184.47 178.59 163.99 151.34 154.75 149.99 147.25 157.34 165.38 168.91 169.39 169.05 169.08 169.62 159.78 144.31 135.58 130.13 132.69 136.63 136.86 131.95 137.24 140.33 142.31 143.35 145.29 143.12 146.3 153.3 148.29 146.93 155.65 153.94 153.54 146.95 146.14 145.45 140.97 141.13 145.22 148.48 149.44
177.5 184.25 183.7 175.56 181.26 169.13 160.91 165.08 161.91 162.95 136.56 130.6 151.87 147.66 148.89 131.59 123.61 132.39 131.72 143.12 156.7 161.82 162.32 165.91 164.53 163.64 168.73 172.61 179.39 176.93 181.58 169.59 159.95 155.01 158.98 161.3 161.79 162.06 160.84 159.95 165.9 167.77 167.27 163.99 158.53 157.64 154.73 146.26 139.72 137.87 129.43 131.71 136.69 135.31 136.31 136.25 130.98 131.18 135.66 144.69 146.34 142.46 140.42 146.38 144.57 145.21 144.09 142.04 140.56 143.31 144.56 145.8 146.59 146.18
188.99 188.76 190.2 177.38 181.94 174.99 175.66 174.27 173.32 171.76 164.61 169.19 156.89 154.7 142.63 134.55 129.23 143.1 140.28 143.27 146.47 136.95 143.53 161.17 166.51 159.34 171.71 178.43 181.17 179.53 176.48 174.65 168.08 166.94 163.34 160.26 160.26 159.36 158.18 160.53 160.68 159.82 155.62 147.03 138.73 138.52 136.14 143.96 146.32 137.37 135.57 132.8 132.46 130.58 133.53 126.99 128.62 133.8 138.07 139.14 133.89 133.86 136.22 139.47 143.25 143.42 143.31 143.59 143.69 146.43 147.05 147.56 148.4 147.65
190.42 192.23 188.15 191.36 186.97 183.09 187.34 183.04 181.83 175.55 151.18 155.34 144.08 145.9 144.02 147.11 144.01 152.96 150.79 154.59 146.84 133.99 132.98 165.61 174.3 176.03 177.68 178.76 177.38 175.76 173.34 168.69 164.85 161.19 160.3 159.86 156.93 150.08 145.79 152.06 148.45 147.44 138.7 127.32 131.41 127.45 134.8 139.48 141.07 140.08 137.96 134.99 132.59 134.11 132.59 130.63 132.53 134.67 134.2 132.33 132.99 135.5 138.64 141.92 143.59 142.02 144.63 147.05 147.64 148.06 148.6 147.92 148.43 149.49
191.33 193.02 188.38 186.06 187.8 184.64 186.01 187.23 182.96 181.53 178.45 174.62 169.6 161.55 155.79 148.86 153.63 150.95 159.15 163.59 151.8 158.5 165.44 175.1 175.94 179.07 178.64 173.73 171.63 169.46 166.1 162.2 157.67 152.05 153.46 149.58 148.52 144.73 142.2 146.38 144.4 143.67 142.25 137.27 128.02 129.52 132.17 139.24 141.05 140.12 138.33 136.04 133.9 133.02 132.52 131.84 132.61 132.68 132.54 133.9 136.24 138.39 140.68 143.74 145.01 146.68 148.5 148.97 149.57 150.04 150.33 150.41 151.07 151.4
188.4 194.64 193.34 190.15 188.42 184.6 184.95 184.28 181.25 185.25 184.3 177.07 163.13 163.53 168.73 157.13 162.97 161.19 166 163.28 162.34 173.09 178.97 181.7 182.37 180.76 175.8 172.64 168.37 167.49 161.66 148.34 144.34 139.6 145.63 147.03 143.54 134.87 131.91 139.28 139.23 139.03 139.85 138.97 141.03 139.62 139.34 140.39 139.94 138.54 136.13 134.36 132.5 132.36 132.44 132.46 133.6 134.76 136.28 138.06 139.7 141.41 143.18 145.31 147.48 148.93 149.9 150.15 150.51 150.95 151.53 152.33 152.77 152.23
194.37 195.75 194.17 191.67 191.75 188.83 187.55 191.06 189.76 183.13 177.94 172.87 174.84 168.59 171.28 173.54 170.73 171.64 172.3 173.47 177.08 180.28 181.97 183.72 183.54 179.45 174.06 169.64 165.45 163.21 154.12 153.62 140.45 133.63 137.85 142.81 144.24 144.03 143.31 142.16 140.7 141.16 142.34 142.97 144.52 143.29 141.68 140.29 137.47 133.41 133.95 133.87 133.16 133.52 134.59 134.93 136.2 138.05 139.81 141.32 142.64 144.11 145.62 147.24 148.66 149.76 151.24 151.37 152.04 153.34 153.96 153.73 153.06 151.75
190.46 188.82 183.18 176.97 185.85 191.06 191.26 188.96 185.81 176.72 181.56 180.14 184.02 181.18 174.99 167.33 170.33 170.22 169.64 173.96 177.37 179.75 180.7 183.22 181.28 175.69 170.9 167.83 164.46 161.13 153.18 153.51 156.49 152.88 151.04 150.67 151.2 151.22 149.75 147.37 145.62 144.8 145.97 145.4 144.18 140.28 137.31 137.72 137.22 134.69 134.45 134.91 135.61 136.23 137.37 138.16 139.27 141.06 142.62 144.01 145.33 146.63 147.89 149.97 151.34 151.45 152.81 154.22 154.51 154.49 154.21 154.09 153.35 151.52
188.89 185.99 186.5 175.32 179.26 188.24 183.57 190.59 189.66 189.6 186.85 181.12 170.5 145.93 142.67 128.54 142.54 155.52 165.76 171.87 174.42 175.81 177.89 180.48 175.68 170.23 167.6 164.58 161.29 158.77 153.9 147.86 145.75 143.24 140.38 143.55 146.45 147.28 151.6 151.38 148.82 148.01 146.65 143.31 139.65 138.21 139.38 139.39 138.8 138.14 138.39 138.39 139.15 139.31 140.39 141.61 142.46 144.48 145.74 146.97 148.81 150.64 151.88 152.67 153.03 153.63 154.89 154.47 154.45 154.72 154.59 154.97 153.95 152.1
186.29 179.06 179.9 178.55 181.47 186.99 183.14 179.15 182.79 183.2 176.86 169.04 163.02 143.42 127.68 131.66 146.24 155.46 168.72 166.31 166.43 172.51 177.56 175.2 167.04 165.4 155.16 148.5 145.04 142.65 141.37 138.99 139.6 139.2 142.52 144.2 145.85 147.28 150.6 152.27 148.95 147.22 146.22 144.11 143.84 143.38 143.05 142.37 142.19 142.01 142.17 142.27 142.38 143.12 143.89 145.01 145.95 147.13 148.46 151.67 152.5 151.81 151.46 153.66 154.05 153.98 154.36 153.72 153.68 153.7 154.51 153.35 151.78 151.18
