taller 1/variables/bioclim2.asc
ncols         720
nrows         300
xllcorner     -30.008325510658
yllcorner     30.991671412252
cellsize      0.083333337679505
NODATA_value  -9999
[rows 102 to 135 of 300, columns 304 to 379 of 720]
-9999 -9999 -9999 -9999 -9999 -9999 -9999 -9999 -9999 -9999 -9999 -9999 -9999 -9999 -9999 -9999 -9999 -9999 67 -9999 -9999 -9999 69.66666 -9999 -9999 -9999 73.25397 74.08 75.15 76.24 77.21 78.25 79.43 80.35 81.3 82.14 82.98 83.8 84.27 84.99 85.22 85.98 86.21 86.98 87.46 88.09 88.92 89.48 90.14 90.98 91 91.43 91.82 92 92 92 92 92 91.96 91.9 91.2 91 90.78 90.13 89.95 89.95 90 90.02 90.02 90 90 90.03 90.02 90 90 90.01
-9999 -9999 -9999 -9999 -9999 -9999 -9999 -9999 -9999 -9999 -9999 -9999 -9999 -9999 -9999 -9999 -9999 66.25455 66.9375 -9999 68 69 -9999 -9999 -9999 72.3125 72.96907 73.97 74.98 76.03 76.98 78 78.91 79.87 80.86 81.77 82.56 83.21 83.99 84.31 84.96 85.47 86.03 86.68 87.17 87.78 88.64 89.12 89.82 90.28 90.82 91 91.16 91.76 91.99 91.97 91.81 91.76 91.96 91.59 91.1 91.19 91.07 90.76 90.16 90.05 90.15 90.17 90.1 90.12 90.11 90.08 90.04 90.15 90.07 90.51
-9999 -9999 -9999 -9999 -9999 -9999 -9999 -9999 -9999 -9999 -9999 -9999 -9999 -9999 -9999 -9999 -9999 66.24 66.97436 67.15385 -9999 -9999 -9999 -9999 -9999 72.14286 72.96552 73.74577 74.69474 75.66197 76.66666 77.6338 78.53535 79.61 80.39 81.25 82.09 82.92 83.4 84 84.26 84.97 85.29 85.93 86.55 87.05 87.85 88.5 89.25 89.82 90.04 90.55 91 91.01 91.3 91.95 91.96 91.86 91.89 91.63 91.59 91.32 91.1 90.97 90.77 90.63 90.46 90.6 90.64 90.36 90 90.13 90.58 90.63 90.81 90.82
-9999 -9999 -9999 -9999 -9999 -9999 -9999 -9999 -9999 -9999 -9999 -9999 -9999 -9999 -9999 -9999 -9999 -9999 -9999 -9999 -9999 -9999 -9999 -9999 -9999 -9999 -9999 -9999 75 76 76.21349 77.09 78.06 78.94 79.92 80.87 81.71 82.32 82.94 83.47 83.83 84.19 84.82 85.33 85.95 86.7 87.18 87.93 88.55 89.09 89.73 90.08 90.53 90.91 91 91.18 91.3 91.81 92 91.57 91.05 91.03 91.02 91 91 90.99 90.99 91 91 90.88 90.71 90.49 90.47 90.6 90.53 90.86
-9999 -9999 -9999 -9999 -9999 -9999 -9999 -9999 -9999 -9999 -9999 -9999 -9999 -9999 -9999 -9999 -9999 -9999 -9999 -9999 -9999 -9999 -9999 -9999 -9999 -9999 -9999 -9999 -9999 75.03846 75.92857 76.75294 77.51 78.35 79.21 80.17 81.05 81.72 82.09 82.6 83.07 83.63 84.05 84.72 85.21 85.92 86.51 86.99 87.76 88.45 89 89.7 90.04 90.79 91 91.01 91.11 91.39 91.84 91.93 91.83 91.9 91.55 91.36 91.29 91.11 91.08 91.02 91.16 91.03 91.02 90.99 90.86 90.64 90.54 90.31
-9999 -9999 -9999 -9999 -9999 -9999 -9999 -9999 -9999 -9999 -9999 -9999 -9999 -9999 -9999 -9999 -9999 -9999 -9999 -9999 -9999 -9999 -9999 -9999 -9999 -9999 -9999 -9999 73.82353 74 -9999 76.27273 76.97826 77.72 78.59 79.35 80.12 80.75 81.29 81.82 82.29 82.73 83.21 83.95 84.61 85.22 85.92 86.48 87.07 87.96 88.5 89.09 89.85 90.21 90.9 90.99 91.04 91.16 91.59 91.98 91.88 91.94 91.95 91.98 91.89 91.89 91.95 91.76 91.78 91.8 91.46 91.07 90.96 90.85 90.84 90.35
-9999 -9999 -9999 -9999 -9999 -9999 -9999 -9999 -9999 -9999 -9999 -9999 -9999 -9999 -9999 -9999 -9999 -9999 -9999 -9999 -9999 -9999 -9999 -9999 -9999 -9999 -9999 -9999 73.875 74 74.1875 75.62295 76.22 77.1 77.86 78.56 79.14 79.75 80.32 80.88 81.4 81.92 82.44 83.03 83.58 84.4 85.03 85.82 86.66 87.4 88.05 88.72 89.2 89.97 90.21 90.94 91 91.15 91.55 91.97 92 91.99 92.02 92.22 92.41 92.37 92.21 92.18 92.11 92 92 91.77 91.71 91.37 91 90.81
-9999 -9999 -9999 -9999 -9999 -9999 -9999 -9999 -9999 -9999 -9999 -9999 -9999 -9999 -9999 -9999 -9999 -9999 -9999 -9999 -9999 -9999 -9999 -9999 -9999 -9999 -9999 -9999 -9999 -9999 74.2807 74.94 75.65 76.36 76.98 77.62 78.24 78.83 79.34 79.9 80.48 80.96 81.6 82.24 82.92 83.52 84.43 85.14 85.91 86.67 87.43 88.08 88.94 89.64 90.07 90.67 91.01 91.07 91.82 92 92 92.07 92.64 92.72 92.76 92.84 92.96 92.89 92.86 92.77 92.74 92.74 92.33 91.97 91.63 91.06
-9999 -9999 -9999 -9999 -9999 -9999 -9999 -9999 -9999 -9999 -9999 -9999 -9999 -9999 -9999 -9999 -9999 -9999 -9999 -9999 -9999 -9999 -9999 -9999 -9999 -9999 -9999 -9999 -9999 -9999 74 74.40845 74.95 75.59 76.17 76.82 77.35 77.91 78.42 78.91 79.49 80.05 80.75 81.42 82.17 82.95 83.66 84.62 85.42 86.15 87.02 87.92 88.57 89.26 90 90.43 90.99 91.27 91.83 92 92.35 92.82 93.01 93.05 93.13 93.42 93.67 93.69 93.86 93.84 93.74 93.41 93.13 92.83 92.46 92.02
-9999 -9999 -9999 -9999 -9999 -9999 -9999 -9999 -9999 -9999 -9999 -9999 -9999 -9999 -9999 -9999 -9999 -9999 -9999 -9999 -9999 -9999 -9999 -9999 -9999 -9999 -9999 71.3913 71.94444 -9999 -9999 -9999 74.51064 74.95959 75.43 76 76.47 76.99 77.42 77.93 78.4 79.05 79.76 80.56 81.41 82.29 83.12 84 84.91 85.91 86.69 87.45 88.25 89.15 89.98 90.37 90.99 91.37 92 92.17 92.86 93 93.32 93.6 93.85 94 94.22 94.36 94.4 94.48 94.3 94.27 94.02 93.71 93.42 93.27
-9999 -9999 -9999 -9999 -9999 -9999 -9999 -9999 -9999 -9999 -9999 -9999 -9999 -9999 -9999 -9999 -9999 -9999 -9999 -9999 -9999 -9999 -9999 -9999 -9999 -9999 -9999 -9999 -9999 -9999 -9999 -9999 -9999 74.48718 74.83 75.13 75.67 76.01 76.55 76.92 77.55 78.11 78.84 79.64 80.56 81.57 82.58 83.67 84.63 85.51 86.33 87.34 88.16 89.01 89.67 90.29 91 91.63 92.08 92.58 93.01 93.32 93.91 94.21 94.35 94.78 95.04 95.16 95.27 95.38 95.18 95.09 94.96 94.77 94.56 94.12
-9999 -9999 -9999 -9999 -9999 -9999 -9999 -9999 -9999 -9999 -9999 -9999 -9999 -9999 -9999 -9999 -9999 -9999 -9999 -9999 -9999 -9999 -9999 -9999 -9999 -9999 -9999 -9999 -9999 -9999 -9999 -9999 -9999 -9999 74.05952 74.57 74.89 75.18 75.65 75.98 76.6 77.21 77.89 78.86 79.76 80.95 82.05 83.29 84.4 85.41 86.45 87.27 88.12 89.02 89.77 90.61 91.27 91.98 92.48 93 93.38 93.98 94.31 94.94 95.18 95.37 95.88 95.9 96.07 96.11 96.19 96.07 95.93 95.66 95.44 95.19
-9999 -9999 -9999 -9999 -9999 -9999 -9999 -9999 -9999 -9999 -9999 -9999 -9999 -9999 -9999 -9999 -9999 -9999 -9999 -9999 -9999 -9999 -9999 -9999 -9999 -9999 -9999 -9999 -9999 -9999 -9999 -9999 -9999 -9999 74 74.04546 74.2093 74.57 74.93 75.14 75.68 76.2 76.93 77.97 79.11 80.4 81.63 82.97 84.3 85.43 86.5 87.53 88.5 89.35 90.04 90.91 91.72 92.21 92.92 93.54 94.04 94.6 95.04 95.58 96 96.32 96.68 96.86 96.99 97.04 97.03 96.99 96.7 96.34 96.1 96.25
-9999 -9999 -9999 -9999 -9999 -9999 -9999 -9999 -9999 -9999 -9999 -9999 -9999 -9999 -9999 -9999 -9999 -9999 -9999 -9999 -9999 -9999 -9999 -9999 -9999 -9999 -9999 -9999 -9999 -9999 -9999 -9999 -9999 -9999 -9999 -9999 -9999 74 74.03333 74.64935 74.80612 75.18 75.93 77.15 78.4 79.86 81.38 82.8 84.15 85.41 86.67 87.77 88.84 89.72 90.55 91.3 92.03 92.78 93.38 94.04 94.63 95.14 95.8 96.19 96.81 97.03 97.5 97.68 97.86 97.97 97.98 97.86 97.46 97.14 97.01 97.1
-9999 -9999 -9999 -9999 -9999 -9999 -9999 -9999 -9999 -9999 -9999 -9999 -9999 -9999 -9999 -9999 -9999 -9999 -9999 -9999 -9999 -9999 -9999 -9999 -9999 -9999 -9999 -9999 -9999 -9999 -9999 -9999 -9999 -9999 -9999 -9999 -9999 73 73.33334 -9999 74.05882 74.58974 75.45283 76.28 77.78 79.47 81.15 82.57 84.12 85.57 86.89 88.04 89.05 89.91 90.73 91.65 92.58 93.21 93.96 94.63 95.28 95.85 96.32 97.04 97.53 97.85 98.06 98.57 98.73 98.94 98.95 98.76 98.7 98.21 97.95 97.98
-9999 -9999 -9999 -9999 -9999 -9999 -9999 -9999 -9999 -9999 -9999 -9999 -9999 -9999 -9999 -9999 -9999 -9999 -9999 -9999 -9999 -9999 -9999 -9999 -9999 -9999 -9999 -9999 -9999 -9999 -9999 -9999 -9999 -9999 -9999 -9999 -9999 73 73 73 73 73.09375 73.96907 75.63 77.44 79.33 81 82.65 84.31 85.66 87.06 88.31 89.4 90.36 91.21 92.09 93.02 93.85 94.61 95.24 95.97 96.65 97.07 97.71 98.06 98.58 98.98 99.38 99.8 100.04 99.95 99.78 99.52 99.36 98.95 98.79
-9999 -9999 -9999 -9999 -9999 -9999 -9999 -9999 -9999 -9999 -9999 -9999 -9999 -9999 -9999 -9999 -9999 -9999 -9999 -9999 -9999 -9999 -9999 -9999 -9999 -9999 -9999 -9999 -9999 -9999 -9999 -9999 -9999 -9999 -9999 -9999 -9999 -9999 -9999 73 73 73 73.90196 75.62 77.57 79.49 81.27 82.85 84.49 86.01 87.45 88.69 89.97 90.99 91.95 92.81 93.51 94.33 95.18 95.91 96.55 97.21 97.83 98.24 98.93 99.39 99.87 100.28 100.87 101.05 101.02 100.94 100.61 100.48 100.09 99.56
-9999 -9999 -9999 -9999 -9999 -9999 -9999 -9999 -9999 -9999 -9999 -9999 -9999 -9999 -9999 -9999 -9999 -9999 -9999 -9999 -9999 -9999 -9999 -9999 -9999 -9999 -9999 -9999 -9999 -9999 -9999 -9999 -9999 -9999 -9999 -9999 -9999 -9999 -9999 73.73529 74 -9999 75.33334 76.61429 78.17 79.99 81.71 83.39 85.05 86.48 87.97 89.3 90.41 91.37 92.44 93.38 94.25 95.04 95.9 96.51 97.12 97.8 98.47 99.05 99.77 100.17 100.65 100.89 101.19 102.02 101.9 101.65 100.54 100.06 100.04 100.2
-9999 -9999 -9999 -9999 -9999 -9999 -9999 -9999 -9999 -9999 -9999 -9999 -9999 -9999 -9999 -9999 -9999 -9999 -9999 -9999 -9999 -9999 -9999 -9999 -9999 -9999 -9999 -9999 -9999 -9999 -9999 -9999 -9999 -9999 -9999 -9999 -9999 -9999 -9999 74 74.63265 75.03333 76 77.70588 79.09278 80.75 82.48 84.09 85.69 87.23 88.65 89.86 91.07 92.14 93.13 94.15 95 95.82 96.55 97.25 97.87 98.53 99.07 99.72 100.26 100.88 101.33 102 102.63 102.94 103.02 102.54 102.23 102.29 102.06 101.58
-9999 -9999 -9999 -9999 -9999 -9999 -9999 -9999 -9999 -9999 -9999 -9999 -9999 -9999 -9999 -9999 -9999 -9999 -9999 -9999 -9999 -9999 -9999 -9999 -9999 -9999 -9999 -9999 -9999 -9999 -9999 -9999 -9999 -9999 -9999 -9999 -9999 -9999 -9999 -9999 75.23077 76.17647 77.88889 78.63918 80.07 81.68 83.29 84.95 86.49 87.92 89.41 90.82 91.95 92.94 93.83 94.84 95.74 96.55 97.23 98.01 98.62 99.17 99.82 100.28 101.04 101.71 102.22 102.86 103.28 103.92 104.04 104.05 103.84 103.42 102.75 102.02
-9999 -9999 -9999 -9999 -9999 -9999 -9999 -9999 -9999 -9999 -9999 -9999 -9999 -9999 -9999 -9999 -9999 -9999 -9999 -9999 -9999 -9999 -9999 -9999 -9999 -9999 -9999 -9999 -9999 -9999 -9999 -9999 -9999 -9999 -9999 -9999 -9999 -9999 -9999 -9999 -9999 77.71429 78.67902 79.81 81.19 82.7 84.3 85.84 87.33 88.69 90.19 91.65 92.9 93.9 94.6 95.42 96.41 97.24 97.85 98.61 99.2 99.92 100.03 100.64 101.28 102.04 102.7 103.18 103.57 104.39 104.89 104.68 104.12 103.62 103.53 103.28
-9999 -9999 -9999 -9999 -9999 -9999 -9999 -9999 -9999 -9999 -9999 -9999 -9999 -9999 -9999 -9999 -9999 -9999 -9999 -9999 -9999 -9999 -9999 -9999 -9999 -9999 -9999 -9999 -9999 -9999 -9999 -9999 -9999 -9999 -9999 -9999 -9999 -9999 -9999 -9999 -9999 78.54902 79.75 81.02 82.39 83.86 85.3 86.8 88.33 89.83 91.19 92.55 93.82 94.81 95.55 96.34 97.11 97.97 98.57 99.1 99.96 100.3 100.75 101.42 101.93 102.04 102.56 103.2 103.77 104.39 104.65 104.89 104.82 104.22 103.61 103.11
-9999 -9999 -9999 -9999 -9999 -9999 -9999 -9999 -9999 -9999 -9999 -9999 -9999 -9999 -9999 -9999 -9999 -9999 -9999 -9999 -9999 -9999 -9999 -9999 -9999 -9999 -9999 -9999 -9999 -9999 -9999 -9999 -9999 -9999 -9999 -9999 -9999 -9999 -9999 -9999 -9999 -9999 81 81.93023 83.58511 84.98 86.42 87.83 89.28 90.77 92.05 93.41 94.52 95.41 96.21 97.11 97.89 98.6 99.09 99.85 100.18 100.98 101.49 101.9 102.29 102.67 102.83 103.26 103.35 104 104.64 104.46 104.29 104.09 103.87 102.85
-9999 -9999 -9999 -9999 -9999 -9999 -9999 -9999 -9999 -9999 -9999 -9999 -9999 -9999 -9999 -9999 -9999 -9999 -9999 -9999 -9999 -9999 -9999 -9999 -9999 -9999 -9999 -9999 -9999 -9999 -9999 -9999 -9999 -9999 -9999 -9999 -9999 -9999 -9999 -9999 -9999 -9999 82.75 83.16666 84.70588 86.03333 87.53535 89.01 90.32 91.71 92.93 94.15 95.2 96.23 96.93 97.71 98.26 99.01 99.66 100.17 100.77 101.38 101.99 102.34 102.83 103.1 103.62 103.96 104.24 104.57 104.41 104.51 104.74 104.42 104.08 103.98
-9999 -9999 -9999 -9999 -9999 -9999 -9999 -9999 -9999 -9999 -9999 -9999 -9999 -9999 -9999 -9999 -9999 -9999 -9999 -9999 -9999 -9999 -9999 -9999 -9999 -9999 -9999 -9999 -9999 -9999 -9999 -9999 -9999 -9999 -9999 -9999 -9999 -9999 -9999 -9999 -9999 -9999 83.42667 84.58163 86.12727 87.16666 88.85 90.05 91.35 92.62 93.84 94.94 95.92 96.82 97.62 98.3 98.93 99.42 100.1 100.91 101.41 101.99 102.19 102.89 103.39 103.83 104.12 104.4 104.84 104.76 104.94 105.05 105.11 104.8 104.66 104.87
-9999 -9999 -9999 -9999 -9999 -9999 -9999 -9999 -9999 -9999 -9999 -9999 -9999 -9999 -9999 -9999 -9999 -9999 -9999 -9999 -9999 -9999 -9999 -9999 -9999 -9999 -9999 -9999 -9999 -9999 -9999 -9999 -9999 -9999 -9999 -9999 -9999 -9999 -9999 -9999 -9999 -9999 84.5375 85.78 87.14 88.54546 89.92 91.27143 92.33 93.58 94.71 95.83 96.76 97.43 98.17 98.91 99.51 100.23 100.85 101.51 101.99 102.18 102.82 103.25 103.96 104.01 104.45 104.96 105.07 105.12 105.16 105.06 104.95 105.17 105.16 104.7
-9999 -9999 -9999 -9999 -9999 -9999 -9999 -9999 -9999 -9999 -9999 -9999 -9999 -9999 -9999 -9999 -9999 -9999 -9999 -9999 -9999 -9999 -9999 -9999 -9999 -9999 -9999 -9999 -9999 -9999 -9999 -9999 -9999 -9999 -9999 -9999 -9999 -9999 -9999 -9999 -9999 -9999 85.57647 86.86 88.37 89.78 91.04395 92.5946 93.69 94.67 95.62 96.64 97.48 98.3 98.94 99.64 100.41 100.96 101.55 102 102.28 102.75 103.18 103.48 104.01 104.24 104.9 105.05 105.35 105.79 105.86 105.89 106.28 106.14 105.26 105.28
-9999 -9999 -9999 -9999 -9999 -9999 -9999 -9999 -9999 -9999 -9999 -9999 -9999 -9999 -9999 -9999 -9999 -9999 -9999 -9999 -9999 -9999 -9999 -9999 -9999 -9999 -9999 -9999 -9999 -9999 -9999 -9999 -9999 -9999 -9999 -9999 -9999 -9999 -9999 -9999 -9999 86 86.57291 88 89.49 90.86 92.22 93.47727 94.79592 95.74 96.66 97.59 98.32 99.08 99.82 100.4 100.98 101.5 102.02 102.26 102.59 102.99 103.32 103.9 104.28 104.58 104.95 105.08 105.4 105.34 105.59 105.93 106.31 106.84 106.55 106.07
-9999 -9999 -9999 -9999 -9999 -9999 -9999 -9999 -9999 -9999 -9999 -9999 -9999 -9999 -9999 -9999 -9999 -9999 -9999 -9999 -9999 -9999 -9999 -9999 -9999 -9999 -9999 -9999 -9999 -9999 -9999 -9999 -9999 -9999 -9999 -9999 -9999 -9999 -9999 -9999 -9999 86.82353 87.58 89.09 90.65 92.04 93.41 94.66666 95.88312 96.82 97.73 98.53 99.2 99.9 100.57 101.16 101.66 102 102.37 102.95 103.04 103.54 103.97 104.01 104.09 104.35 104.96 105 105.07 105.71 106.1 106.34 106.35 106.58 106.36 105.93
-9999 -9999 -9999 -9999 -9999 -9999 -9999 -9999 -9999 -9999 -9999 -9999 -9999 -9999 -9999 -9999 -9999 -9999 -9999 -9999 -9999 -9999 -9999 -9999 -9999 -9999 -9999 -9999 -9999 -9999 -9999 -9999 -9999 -9999 -9999 -9999 -9999 -9999 -9999 -9999 -9999 87.65517 88.67 90.3 91.79 93.17 94.55 95.9 97.14085 98.02105 98.82 99.44 100.16 100.83 101.39 101.96 102.23 102.78 103.08 103.27 103.76 103.92 103.97 104.1 104.34 104.72 104.92 105.02 105.35 105.9 105.89 105.92 105.89 105.88 105.95 106.53
-9999 -9999 -9999 -9999 -9999 -9999 -9999 -9999 -9999 -9999 -9999 -9999 -9999 -9999 -9999 -9999 -9999 -9999 -9999 -9999 -9999 -9999 -9999 -9999 -9999 -9999 -9999 -9999 -9999 -9999 -9999 -9999 -9999 -9999 -9999 -9999 -9999 -9999 -9999 -9999 -9999 88.48837 89.72 91.31 92.87 94.31 95.7 97.09 98.08 99.08 99.8 100.45 101.02 101.7 101.99 102.28 102.87 103.16 103.31 103.66 103.94 104 104.09 104.32 104.73 104.75 104.97 105.29 105.62 105.72 105.69 105.91 105.88 106.08 106.01 106.26
-9999 -9999 -9999 -9999 -9999 -9999 -9999 -9999 -9999 -9999 -9999 -9999 -9999 -9999 -9999 -9999 -9999 -9999 -9999 -9999 -9999 -9999 -9999 -9999 -9999 -9999 -9999 -9999 -9999 -9999 -9999 -9999 -9999 -9999 -9999 -9999 -9999 -9999 -9999 -9999 -9999 89.36207 90.63 92.36 93.94 95.42 96.85 98.23 99.25 99.97 100.6 101.19 101.9 102.29 102.76 103 103.46 103.68 103.93 104 104.2 104.53 104.8 104.9 104.98 105.03 105.32 105.37 105.49 105.56 105.88 106.02 106.24 106.33 106.36 106.35
-9999 -9999 -9999 -9999 -9999 -9999 -9999 -9999 -9999 -9999 -9999 -9999 -9999 -9999 -9999 -9999 -9999 -9999 -9999 -9999 -9999 -9999 -9999 -9999 -9999 -9999 -9999 -9999 -9999 -9999 -9999 -9999 -9999 -9999 -9999 -9999 -9999 -9999 -9999 -9999 -9999 90 91.62353 93.25 94.82 96.29 97.71 99.1 100.09 100.89 101.46 101.92 102.42 102.96 103.14 103.73 103.85 104 104.04 104.06 104.29 104.37 104.72 104.95 105 105 104.92 105.06 105.18 105.21 105.84 105.87 106 105.71 105.92 105.83
-9999 -9999 -9999 -9999 -9999 -9999 -9999 -9999 -9999 -9999 -9999 -9999 -9999 -9999 -9999 -9999 -9999 -9999 -9999 -9999 -9999 -9999 -9999 -9999 -9999 -9999 -9999 -9999 -9999 -9999 -9999 -9999 -9999 -9999 -9999 -9999 -9999 -9999 -9999 -9999 -9999 90.29787 92.25 94.17461 95.68 97.2 98.49 99.67 100.77 101.65 102.27 102.84 103.15 103.57 103.95 104.08 104.06 104.38 104.48 104.49 104.54 104.68 104.72 104.98 104.99 104.87 104.94 104.75 104.68 104.74 105.07 105.39 105.56 105.07 104.92 105
