taller 1/variables/bioclim9.asc
ncols         720
nrows         300
xllcorner     -30.008325510658
yllcorner     30.991671412252
cellsize      0.083333337679505
NODATA_value  -9999
[rows 198 to 230 of 300, columns 225 to 299 of 720]
-9999 -9999 -9999 -9999 -9999 -9999 -9999 -9999 -9999 -9999 -9999 -9999 -9999 -9999 -9999 -9999 -9999 -9999 -9999 -9999 -9999 -9999 -9999 -9999 188.4286 191.88 193.4 193 192.94 198.16 205.87 211.1 215.67 219.45 220.13 223.23 225.55 227.7 229.37 228.56 228.92 229.5 231.11 232.03 232.32 230.31 232.46 234.52 235.88 234.34 235.88 240.51 242.55 244.02 244.82 245.4 245.18 244.71 243.24 244.46 245.7 246.65 246.91 245.11 242.79 240.63 229.95 233.56 234.1 226.74 218.29 233.07 238.62 239.44 238.79
-9999 -9999 -9999 -9999 -9999 -9999 -9999 -9999 -9999 -9999 -9999 -9999 -9999 -9999 -9999 -9999 -9999 -9999 -9999 -9999 -9999 -9999 183.15 184.7391 188.8587 191.65 194.64 196.18 202.1 206.16 208.56 214.18 218.17 219.63 218.18 220.53 222.77 225.96 225.77 226.85 229.04 230.94 231.53 231.47 231.14 227.17 220.73 224.63 228.84 233.17 235.84 237.62 238.21 242.06 240.99 241.67 244.9 246.25 246 245.27 244.68 244.85 244.92 243.18 242.36 242.66 236.49 233.22 234.83 237.83 239.34 239.31 245.2 244.27 245.46
-9999 -9999 -9999 -9999 -9999 -9999 -9999 -9999 -9999 -9999 -9999 -9999 -9999 -9999 -9999 -9999 -9999 -9999 -9999 -9999 -9999 -9999 184.2 185.3854 188.4 193.38 196.53 200.17 205.69 208.65 212.21 216.62 218.93 218.28 219.71 220.58 222.38 224.51 227.17 229.2 230.16 233.04 233.58 233.92 233.7 231.15 222.33 222.21 232.11 238.9 238.96 239.27 242.55 244.3 242.54 244.11 243.94 242.38 246.07 245.1 242.96 243.21 244.26 242.9 246.09 248.85 247.26 248.99 248.28 248.3 243.94 244.28 248.04 248.69 248.57
-9999 -9999 -9999 -9999 -9999 -9999 -9999 -9999 -9999 -9999 -9999 -9999 -9999 -9999 -9999 -9999 -9999 -9999 -9999 -9999 -9999 -9999 187.8182 188.31 191.81 194.73 193.19 202.94 207.11 210.52 215.09 218.05 218.31 219.6 221.24 222.54 223.51 226.02 228.93 228.6 230.55 233.23 233.84 232.34 232.93 234.27 233.44 233.37 234.28 239.34 241.78 240.12 244.05 244.13 243.73 243.51 243.12 243.45 244.46 243.6 243.99 240.01 244.06 249.85 250.36 251.72 251.59 252.42 251.26 252.15 251.34 247.5 247.9 249.05 248.36
-9999 -9999 -9999 -9999 -9999 -9999 -9999 -9999 -9999 -9999 -9999 -9999 -9999 -9999 -9999 -9999 -9999 -9999 -9999 -9999 -9999 -9999 189.3333 191.43 194.02 194.52 200.84 207.11 209.78 214.34 217.6495 218.83 219.61 220.58 221.66 223.17 224.49 227.76 228.35 229.29 231.82 233.32 233.74 234.39 233.56 234.49 235.8 237.99 238.94 241.52 244.31 243.85 245.55 244.59 244.85 245.17 245.52 246.91 247.65 246.25 247.28 248.02 252.22 252.96 253.83 254.76 253.94 253.79 253.99 253.48 252.85 251.25 250.45 247.63 245.17
-9999 -9999 -9999 -9999 -9999 -9999 -9999 -9999 -9999 -9999 -9999 -9999 -9999 -9999 -9999 -9999 -9999 -9999 -9999 -9999 -9999 -9999 189.7333 193.08 194.72 196.57 202.34 211.0515 214.5978 217.1522 218.7071 219.26 220.57 221.65 223.8 225.62 226.77 227.87 228.61 229.7 230.74 232.49 233.53 234.27 235.83 236.14 236.35 238.56 241.57 242.07 243.15 246.33 246.42 246.54 247.11 247.22 248.02 248.83 250.03 249.48 248.1 250.35 253.84 254.5 255.17 254.89 255.13 254.7 251.63 250.01 253.48 251.59 250.1 250.92 248.52
-9999 -9999 -9999 -9999 -9999 -9999 -9999 -9999 -9999 -9999 -9999 -9999 -9999 -9999 -9999 -9999 -9999 -9999 -9999 -9999 -9999 -9999 190.1461 190.18 194.06 197.48 205.06 214.2184 217.27 218.86 220.01 221.33 223.08 224.97 225.37 225.96 227.08 228.34 229.6 230.82 229.37 230.1 230.42 231.61 233.25 234.33 235.27 234.7 236.42 242.81 245.68 246.59 246.06 246.02 247 247.88 249.1 249.82 250.82 250.16 250.72 254.14 254.72 254.78 254.73 254.05 254.09 253.69 253.99 253.18 251.42 251.26 252.77 249.24 241.14
-9999 -9999 -9999 -9999 -9999 -9999 -9999 -9999 -9999 -9999 -9999 -9999 -9999 -9999 -9999 -9999 -9999 -9999 -9999 -9999 -9999 190.0769 190 192.28 197.16 207.65 212.8088 217.84 219.32 220.33 221.33 221.59 222.41 223.81 223.9 226.12 226.77 227.04 227.81 228.71 228.78 229.56 230.27 228.28 228.25 231.11 234.28 233.17 236.03 243.22 246.55 246.6 244.92 244.63 246.38 247.78 248.54 249.48 249.09 251.35 252.79 252.8 252.39 253.1 251.61 252.06 251.55 251.33 253.64 252.23 251.56 250.34 250.99 253.38 249.26
-9999 -9999 -9999 -9999 -9999 -9999 -9999 -9999 -9999 -9999 -9999 -9999 -9999 -9999 -9999 -9999 -9999 -9999 -9999 -9999 -9999 188.3611 190.07 194.53 202.71 213.72 217 220.2857 220.7 221.27 221.89 222.97 223.44 223.84 223.84 224.25 224.32 223.73 224.6 226.44 226.62 227.9 228.69 229.5 228.51 228.37 233.95 238.76 241.66 244.47 244.73 244.11 243.36 243.77 244.48 245.63 246.98 246.7 247.56 249.64 249.48 248.51 248.05 247.73 250.29 246.02 250.04 250.25 252.32 251.3 249.75 247.73 248.13 247.37 253.87
-9999 -9999 -9999 -9999 -9999 -9999 -9999 -9999 -9999 -9999 -9999 -9999 -9999 -9999 -9999 -9999 -9999 -9999 -9999 -9999 -9999 195.027 197.3667 202.3857 208.8933 215.6481 220.1481 220.837 221.96 222.53 222.61 222.59 222.97 223.58 224.34 223.53 222.34 222.11 223.45 224.94 227.22 227.83 229.11 228.91 229.72 233.38 233.97 240.36 242.33 241.7 242.27 241.91 242.19 242.81 243.36 244.54 245.76 246.06 245.74 247.7 250.18 248.97 246.65 245.62 247.08 248.84 247.82 249.66 248.55 247.02 244.75 246.28 248.2 251.74 253.03
-9999 -9999 -9999 -9999 -9999 -9999 -9999 -9999 -9999 -9999 -9999 -9999 -9999 -9999 -9999 -9999 -9999 -9999 -9999 -9999 -9999 -9999 -9999 -9999 211.661 215.7692 219.0225 220.27 221.38 222.92 223.58 224.14 224.31 224.33 222.36 220.68 221.34 221.82 223.46 225.05 227.67 228.99 230.09 231.22 231.96 234.24 238.37 239.85 241.65 240.32 238.19 238.36 238.32 240.3 241.4 241.74 243.46 244.39 243.93 245.3 247.41 247.23 245.15 244.27 243.78 247.6 244.92 245.1 243.56 244.79 249.12 251.11 251.65 252.01 252.29
-9999 -9999 -9999 -9999 -9999 -9999 -9999 -9999 -9999 -9999 -9999 -9999 -9999 -9999 -9999 -9999 -9999 -9999 -9999 -9999 -9999 -9999 -9999 -9999 212.25 214.25 216.55 216.77 220.7895 223.6495 224.6 223.57 224.86 225.24 222.93 222.42 223.18 223 225.11 226.99 228.01 229.49 230.54 231.54 232 233.38 236.93 240.31 240.2 239.62 237.03 236.11 235.15 231.36 234.67 233.96 239.58 242.43 240.85 242.05 244.8 247.87 243.17 243.26 244.21 246.82 243 240.33 243.98 246.07 249.85 249.58 248.87 248.61 249.98
-9999 -9999 -9999 -9999 -9999 -9999 -9999 -9999 -9999 -9999 -9999 -9999 -9999 -9999 -9999 -9999 -9999 -9999 -9999 -9999 -9999 -9999 -9999 -9999 209.44 210.7671 212.4375 212.4545 222.2353 223.6383 224.7895 225.303 225.57 225.68 226.74 225.47 224.56 225.94 226.55 227.6 229.66 230.62 231.68 231.86 233.18 234.96 237.97 240.27 239.65 239.2 238.42 236.24 233.11 229.69 230.15 230.13 235.08 239.63 237.77 238.59 241.72 245.26 245.77 244.42 243.06 243.72 243.14 243.6 245.78 245.53 245.17 247.15 247.02 246.66 249.07
-9999 -9999 -9999 -9999 -9999 -9999 -9999 -9999 -9999 -9999 -9999 -9999 -9999 -9999 -9999 -9999 -9999 -9999 -9999 -9999 -9999 -9999 -9999 -9999 -9999 -9999 -9999 -9999 -9999 223.3111 223.45 224.268 226 226.58 226.07 227.52 225.18 226.1 227.38 228.97 227.78 229.2 229.6 232.23 234.04 236.14 239.58 239.29 239.48 239.27 237.16 236.95 233.99 231.19 238.96 238.4 238.78 236.8 237.66 237.8 238.01 240.57 243.04 241.73 243.56 243.58 243.6 244.52 244.76 243.76 245.3 245.5 243.62 244.46 245.63
-9999 -9999 -9999 -9999 -9999 -9999 -9999 -9999 -9999 -9999 -9999 -9999 -9999 -9999 -9999 -9999 -9999 -9999 -9999 -9999 -9999 -9999 -9999 -9999 -9999 -9999 -9999 -9999 -9999 222.4444 222.26 222.66 223.78 226.21 227.41 228.88 228.2 227.62 227.92 228.26 228.33 228.5 227.27 230.23 234.38 236.55 239.07 239.14 239.3 238.71 238.82 237.59 236.13 239 240.13 239.34 240.08 239.32 238.15 236.54 236.95 236.98 238.34 240.2 241.19 242.68 242.71 245.51 244.04 243.42 246.97 246.99 247.98 244.77 239.82
-9999 -9999 -9999 -9999 -9999 -9999 -9999 -9999 -9999 -9999 -9999 -9999 -9999 -9999 -9999 -9999 -9999 -9999 -9999 -9999 -9999 -9999 -9999 -9999 -9999 -9999 -9999 -9999 -9999 220.5882 220.33 219 223.17 224.66 226.02 228.41 229.19 229.65 229.48 229.86 229.44 230.13 230.41 232.29 234.66 237.22 237.56 238.66 238.77 238.94 239.82 240.31 237.22 234.5 229.38 230.9 235.29 238.01 237.17 236.04 239.71 240 238.63 237.41 240.04 243.42 246.23 248.86 249.44 244.59 242.42 242.07 244.5 246.54 247.88
-9999 -9999 -9999 -9999 -9999 -9999 -9999 -9999 -9999 -9999 -9999 -9999 -9999 -9999 -9999 -9999 -9999 -9999 -9999 -9999 -9999 -9999 -9999 -9999 -9999 -9999 -9999 -9999 -9999 220.8889 218.61 214.61 219.92 224.05 227.08 227.86 229.04 229.39 229.26 229.39 230.57 232.18 233.9 235.9 235.89 235.52 236.72 238.11 238.79 238.32 237.52 236.75 237.02 234.49 231.66 231.74 228.96 230.09 232.58 231.16 233.28 241.03 244.85 243.38 238.56 239.67 242.73 247.1 249.57 251.45 250.64 248.43 245.55 243.27 243.8
-9999 -9999 -9999 -9999 -9999 -9999 -9999 -9999 -9999 -9999 -9999 -9999 -9999 -9999 -9999 -9999 -9999 -9999 -9999 -9999 -9999 -9999 -9999 -9999 -9999 -9999 -9999 -9999 217 219.1364 216.99 215.91 219.17 223.35 226.18 227.55 228.28 227.97 227.14 228.13 229.04 231.39 232.33 235.27 234.71 234.42 233.43 234.69 235.95 233.42 231.56 229.75 231.25 236.38 232.75 227.77 229.28 232.11 226.06 228.11 235.56 237.08 244.13 248.83 245.46 243.19 238.5 241.31 245.64 251.41 256.48 253.8 252.88 247.47 246.99
-9999 -9999 -9999 -9999 -9999 -9999 -9999 -9999 -9999 -9999 -9999 -9999 -9999 -9999 -9999 -9999 -9999 -9999 -9999 -9999 -9999 -9999 -9999 -9999 -9999 -9999 -9999 -9999 217 218.0824 215.6 217.87 220.98 223.52 226.05 227.1 227.71 227.41 228.12 228.84 228.82 230.12 233.04 234.25 233.05 233.54 233.54 234.13 236.55 235.86 235.48 234.08 229.6 228.47 229.65 229.81 235.51 240.65 237.74 235.34 241.04 240.6 237.41 247.17 245.35 240.54 244.38 239.5 240.28 247.39 249.52 254.58 256.78 252.32 253.33
-9999 -9999 -9999 -9999 -9999 -9999 -9999 -9999 -9999 -9999 -9999 -9999 -9999 -9999 -9999 -9999 -9999 -9999 -9999 -9999 -9999 -9999 -9999 -9999 -9999 -9999 -9999 -9999 -9999 217.7143 215.49 217.8 220.89 223.66 225.01 225.12 224.6 225.17 226.88 228.46 229.92 231.75 232.17 234.43 233.48 232.42 232.8 235.57 234.19 230.18 228.79 230.3 227.86 228.41 228.35 229.59 230.68 234.48 241.71 244.64 242.13 244.57 245.52 253.22 248.72 247.9 248.25 244.54 246.52 249.73 257.45 256.45 259.83 260.07 261.75
-9999 -9999 -9999 -9999 -9999 -9999 -9999 -9999 -9999 -9999 -9999 -9999 -9999 -9999 -9999 -9999 -9999 -9999 -9999 -9999 -9999 -9999 -9999 -9999 -9999 -9999 -9999 -9999 -9999 216.5745 214.24 216.79 219.29 221.95 223.11 223.32 222.57 223.36 225.51 227.36 229.1 230.3 231.35 233.05 231.87 232.28 234.05 234.63 233.27 232.56 234.32 235.36 235.19 238.79 238.04 238.46 236.31 236.36 241.36 246.48 246.09 246.52 246.51 253.64 258.13 252.72 253.89 252.88 254.21 258 257.99 261.21 265.1 264.75 265.01
-9999 -9999 -9999 -9999 -9999 -9999 -9999 -9999 -9999 -9999 -9999 -9999 -9999 -9999 -9999 -9999 -9999 -9999 -9999 -9999 -9999 -9999 -9999 -9999 -9999 -9999 -9999 -9999 -9999 216.475 216.2 217.01 217.62 217.06 220.57 222.65 222.27 221.62 224.32 225.9 227.06 229.08 230.12 232.59 231.02 233.72 233.87 235.1 235.12 235.02 236.94 238.93 238.81 241.94 239.5 238.12 238.96 240.69 240.83 245.38 249.95 251.91 252.44 251.98 258.85 261.37 260.36 257.06 259.38 263.68 264 264.11 263.61 261.92 261.47
-9999 -9999 -9999 -9999 -9999 -9999 -9999 -9999 -9999 -9999 -9999 -9999 -9999 -9999 -9999 -9999 -9999 -9999 -9999 -9999 -9999 -9999 -9999 -9999 -9999 -9999 -9999 -9999 -9999 215.2143 216.91 218.67 216.74 216.51 215.09 219.83 220.29 220.29 221.85 223.22 225.99 228.31 230.67 232.34 232.04 234.49 234.41 234.13 233.39 233.41 237.03 239.8 238.2 240.24 238.35 238.46 243.29 241.35 243.78 248.12 251.85 253.35 257.83 258.07 261.89 264.83 264.53 263.29 263.35 262.39 261.36 261 260.62 261.31 259.92
-9999 -9999 -9999 -9999 -9999 -9999 -9999 -9999 -9999 -9999 -9999 -9999 -9999 -9999 -9999 -9999 -9999 -9999 -9999 -9999 -9999 -9999 -9999 -9999 -9999 -9999 -9999 -9999 -9999 214.5278 213.55 217.49 219.61 219.71 218.48 219.45 218.97 218.04 219.31 221.46 223.23 225.02 227.1 228.96 232.37 231.72 230.88 230.59 231.66 234.74 236.89 239.39 239.84 238.71 239.45 241.07 243.54 242.46 246.48 252.8 256.46 259.72 263.46 264.96 265.11 263.8 262.04 260.85 260.27 258.56 257.71 258.42 257.38 257.42 259.56
-9999 -9999 -9999 -9999 -9999 -9999 -9999 -9999 -9999 -9999 -9999 -9999 -9999 -9999 -9999 -9999 -9999 -9999 -9999 -9999 -9999 -9999 -9999 -9999 -9999 -9999 -9999 -9999 -9999 213.3913 212.36 210.97 216.29 219.31 216.81 215.91 214.48 214.25 215.89 217.66 220.24 222.65 224.26 225.87 227.55 232.53 231.21 231.34 233.1 234.32 237.26 239.05 238.78 240.17 241.92 244.26 246.94 247.7 251.61 255.58 257.93 258.89 263.41 265.15 264.07 261.71 258.31 258.61 259.6 258.07 256.87 256.61 255.1 255.34 257.15
-9999 -9999 -9999 -9999 -9999 -9999 -9999 -9999 -9999 -9999 -9999 -9999 -9999 -9999 -9999 -9999 -9999 -9999 -9999 -9999 -9999 -9999 -9999 -9999 -9999 -9999 -9999 -9999 210 211.5595 209.19 208.24 205.45 214.38 219 217.75 215.19 211.3 211.45 215.18 216.7 218.62 223.03 226.17 229.21 232.0316 231.31 232.43 233.46 234.36 236.35 239.39 240.16 241.9 243.84 244.37 245 246.29 249.61 253.29 255.42 256.6 261.07 264.23 262.23 258.57 258.24 258.49 257.14 256.44 256.12 255.15 254.84 254.75 253.58
-9999 -9999 -9999 -9999 -9999 -9999 -9999 -9999 -9999 -9999 -9999 -9999 -9999 -9999 -9999 -9999 -9999 -9999 -9999 -9999 -9999 -9999 -9999 -9999 -9999 -9999 -9999 -9999 207.64 209.04 206.73 204.47 207.65 216.51 217.02 219.69 217.72 213.83 212.82 209.72 210.88 216.16 218.72 222.53 227.24 231.4194 232.4063 232.86 234.63 235.81 236.49 238.4222 239.7778 240.18 240.65 242.1 244.85 246.45 249.14 252.5 254.82 257.2 260.16 260.3 258.57 258.01 257.06 255.87 254.77 253.37 252.3 252.45 251.77 251.4 249.54
-9999 -9999 -9999 -9999 -9999 -9999 -9999 -9999 -9999 -9999 -9999 -9999 -9999 -9999 -9999 -9999 -9999 -9999 -9999 -9999 -9999 -9999 -9999 -9999 -9999 -9999 -9999 -9999 205.3729 206.41 213.19 217.81 221.06 221.45 221.48 222.22 221.15 218.2 218.25 215.62 212.89 217.12 221.99 225.25 228.1818 231.6341 232.84 233.6346 234.2439 235.5152 236.4595 237.4898 238.1744 238.65 240.24 241.88 244.29 246.74 248.83 251.18 253.37 255.2 256.65 256.95 256.29 254.71 253.56 252.54 251.35 249.93 247.71 247.92 246.63 244.96 242.85
-9999 -9999 -9999 -9999 -9999 -9999 -9999 -9999 -9999 -9999 -9999 -9999 -9999 -9999 -9999 -9999 -9999 -9999 -9999 -9999 -9999 -9999 -9999 -9999 -9999 -9999 -9999 196.9091 201.0426 207.92 215.3011 221.1481 221.8139 221.1316 221.7179 221.8387 221.3793 222.0729 221.4 218.92 219.68 222.2 226.04 228.7273 229.7692 -9999 -9999 -9999 -9999 -9999 -9999 -9999 238.1429 238 238.642 240.72 243.25 245.51 247.33 248.95 250.57 251.84 252.84 253.38 253.23 252 250.14 248.67 247.55 244.95 241.52 240.71 239.48 236.54 237.79
-9999 -9999 -9999 -9999 -9999 -9999 -9999 -9999 -9999 -9999 -9999 -9999 -9999 -9999 -9999 -9999 -9999 -9999 -9999 -9999 -9999 -9999 -9999 -9999 -9999 -9999 -9999 195.6136 200.0625 208.0769 -9999 -9999 -9999 -9999 -9999 -9999 -9999 223.6667 223.3488 223.9425 224.2903 225.4462 227.16 -9999 -9999 -9999 -9999 -9999 -9999 -9999 -9999 -9999 -9999 -9999 -9999 240.1071 241.0244 243.05 244.85 246.14 247.34 248.3763 249.0707 249.51 249.47 248.28 247.04 245.77 242.04 240.88 237.82 236.16 231.83 234.06 232.67
-9999 -9999 -9999 -9999 -9999 -9999 -9999 -9999 -9999 -9999 -9999 -9999 -9999 -9999 -9999 -9999 -9999 -9999 -9999 -9999 -9999 -9999 -9999 -9999 -9999 -9999 -9999 -9999 -9999 -9999 -9999 -9999 -9999 -9999 -9999 -9999 -9999 -9999 -9999 223.2 224.1905 225 -9999 -9999 -9999 -9999 -9999 -9999 -9999 -9999 -9999 -9999 -9999 -9999 -9999 -9999 241 241.569 242.45 243.4787 244.3656 244.9362 245.18 245.46 244.37 242.51 242.56 241.64 238.93 235.96 233.49 233.57 228.31 226.17 224.24
-9999 -9999 -9999 -9999 -9999 -9999 -9999 -9999 -9999 -9999 -9999 -9999 -9999 -9999 -9999 -9999 -9999 -9999 -9999 -9999 -9999 -9999 -9999 -9999 -9999 -9999 -9999 -9999 -9999 -9999 -9999 -9999 -9999 -9999 -9999 -9999 -9999 -9999 -9999 -9999 -9999 -9999 -9999 -9999 -9999 -9999 -9999 -9999 -9999 -9999 -9999 -9999 -9999 -9999 -9999 -9999 -9999 -9999 240.1975 240.7349 240.9579 241.29 241.02 239.03 239.76 239 238.95 239.09 234.84 232.03 229.21 225.73 224.93 220.77 218.93
-9999 -9999 -9999 -9999 -9999 -9999 -9999 -9999 -9999 -9999 -9999 -9999 -9999 -9999 -9999 -9999 -9999 -9999 -9999 -9999 -9999 -9999 -9999 -9999 -9999 -9999 -9999 -9999 -9999 -9999 -9999 -9999 -9999 -9999 -9999 -9999 -9999 -9999 -9999 -9999 -9999 -9999 -9999 -9999 -9999 -9999 -9999 -9999 -9999 -9999 -9999 -9999 -9999 -9999 -9999 -9999 -9999 236 237.1739 237.914 238.07 237.92 237.29 236.76 237.18 236.85 235.24 235.37 230.62 219.2 214.29 221.6 220.07 220.2 210.31
