taller 1/variables/bioclim4.asc
ncols         720
nrows         300
xllcorner     -30.008325510658
yllcorner     30.991671412252
cellsize      0.083333337679505
NODATA_value  -9999
[rows 0 to 31 of 300, columns 504 to 575 of 720]
6320.627 6316.29 6318.03 6307.88 6303.17 6299.7 6297.724 -9999 6247.5 6254.5 6236.43 6232.97 6226.87 6213.39 6208.19 6208.87 6208.22 6193.24 6192.94 6191.99 6195.8 6194.96 6193.8 6200.7 6194.75 6194.88 6191.14 6184.232 6198.714 6210 -9999 -9999 -9999 -9999 -9999 -9999 -9999 -9999 -9999 -9999 -9999 -9999 -9999 -9999 -9999 -9999 -9999 -9999 -9999 -9999 -9999 -9999 -9999 -9999 -9999 -9999 -9999 -9999 -9999 -9999 -9999 -9999 -9999 -9999 -9999 -9999 -9999 -9999 -9999 -9999 -9999 -9999
6260.864 6263.04 6255.95 6247.16 6246.77 6252.48 6254.22 6261 6251.75 6247.143 6243.033 6221.867 6201.76 6196.4 6198.82 6197.6 6193.22 6186.29 6184.33 6179.09 6173.1 6164.75 6165.47 6161.09 6161.06 6165.89 6172.189 6160.688 -9999 -9999 -9999 -9999 -9999 -9999 -9999 -9999 -9999 -9999 -9999 -9999 -9999 -9999 -9999 -9999 -9999 -9999 -9999 -9999 -9999 -9999 -9999 -9999 -9999 -9999 -9999 -9999 -9999 -9999 -9999 -9999 -9999 -9999 -9999 -9999 -9999 -9999 -9999 -9999 -9999 -9999 -9999 -9999
6211.247 6213.096 6207.53 6203.46 6206.76 6218.78 6225.42 6222.96 -9999 -9999 -9999 6191.724 6182.14 6180.49 6187.46 6183.76 6181.29 6176.63 6178.41 6175.2 6168.9 6153.58 6150.64 6144.85 6137.65 6138.59 6138.175 -9999 -9999 -9999 -9999 -9999 -9999 -9999 -9999 -9999 -9999 -9999 -9999 -9999 -9999 -9999 -9999 -9999 -9999 -9999 -9999 -9999 -9999 -9999 -9999 -9999 -9999 -9999 -9999 -9999 -9999 -9999 -9999 -9999 -9999 -9999 -9999 -9999 -9999 -9999 -9999 -9999 -9999 -9999 -9999 -9999
6169.119 6161.486 6165.79 6166.71 6180.1 6192.91 6204.758 6199.829 -9999 6171.667 -9999 6177.5 6174.8 6165.58 6163.67 6165.11 6160.28 6162.04 6171.43 6163.88 6149.13 6134.91 6132.71 6135.77 6129.95 6121.56 6112.767 6103.75 -9999 -9999 -9999 -9999 -9999 -9999 -9999 -9999 -9999 -9999 -9999 -9999 -9999 -9999 -9999 -9999 -9999 -9999 -9999 -9999 -9999 -9999 -9999 -9999 -9999 -9999 -9999 -9999 -9999 -9999 -9999 -9999 -9999 -9999 -9999 -9999 -9999 -9999 -9999 -9999 -9999 -9999 -9999 -9999
6123.91 6122.101 6127 6136.684 6153.091 6171 6166.774 6162.61 6151.667 6153.107 -9999 6172.6 6167.705 6150.91 6153.36 6150.5 6151.57 6149.95 6153.84 6144.79 6135.27 6131.78 6140.32 6129.99 6107.6 6102.74 6099.19 6083.6 6071 -9999 -9999 -9999 -9999 -9999 -9999 -9999 -9999 -9999 -9999 -9999 -9999 -9999 -9999 -9999 -9999 -9999 -9999 -9999 -9999 -9999 -9999 -9999 -9999 -9999 -9999 -9999 -9999 -9999 -9999 -9999 -9999 -9999 -9999 -9999 -9999 -9999 -9999 -9999 -9999 -9999 -9999 -9999
6086 6092.02 6089.288 6116.923 -9999 -9999 6169 6143.3 -9999 -9999 6139.5 6156.273 6153.87 6136.18 6135.58 6134.1 6138.38 6141.37 6137.92 6132.66 6131.35 6139.43 6140.64 6110.75 6108.82 6111.16 6079.77 6076.48 6078.667 -9999 -9999 -9999 -9999 -9999 -9999 -9999 -9999 -9999 -9999 -9999 -9999 -9999 -9999 -9999 -9999 -9999 -9999 -9999 -9999 -9999 -9999 -9999 -9999 -9999 -9999 -9999 -9999 -9999 -9999 -9999 -9999 -9999 -9999 -9999 -9999 -9999 -9999 -9999 -9999 -9999 -9999 -9999
6066.69 6063.23 6067 6044.2 -9999 -9999 -9999 -9999 -9999 -9999 6127.533 6143.674 6140.08 6128.42 6124.27 6121.32 6133.2 6137.43 6146.26 6142.177 6139.476 6135.675 6136.108 6116.307 6121.081 6100.62 6076.168 6087.548 -9999 -9999 -9999 -9999 -9999 -9999 -9999 -9999 -9999 -9999 -9999 -9999 -9999 -9999 -9999 -9999 -9999 -9999 -9999 -9999 -9999 -9999 -9999 -9999 -9999 -9999 -9999 -9999 -9999 -9999 -9999 -9999 -9999 -9999 -9999 -9999 -9999 -9999 -9999 -9999 -9999 -9999 -9999 -9999
6040.04 6032.86 6043.05 6044.827 6053.916 6054.917 -9999 -9999 -9999 6103 6124.45 6141.5 6131.613 6128.628 6123.778 6121.416 6129.769 6138.042 6146.393 6161.143 -9999 -9999 -9999 -9999 6131 6098.212 6087.238 -9999 -9999 -9999 -9999 -9999 -9999 -9999 -9999 -9999 -9999 -9999 -9999 -9999 -9999 -9999 -9999 -9999 -9999 -9999 -9999 -9999 -9999 -9999 -9999 -9999 -9999 -9999 -9999 -9999 -9999 -9999 -9999 -9999 -9999 -9999 -9999 -9999 -9999 -9999 -9999 -9999 -9999 -9999 -9999 -9999
6009.7 6007.54 6014.6 6019.56 6025.341 6047.833 -9999 -9999 -9999 -9999 -9999 -9999 -9999 -9999 -9999 -9999 -9999 -9999 -9999 -9999 -9999 -9999 -9999 -9999 -9999 -9999 -9999 -9999 -9999 -9999 -9999 -9999 5947 5945.149 5944 -9999 -9999 -9999 -9999 -9999 -9999 -9999 -9999 -9999 -9999 -9999 -9999 -9999 -9999 -9999 -9999 -9999 -9999 -9999 -9999 -9999 -9999 -9999 -9999 -9999 -9999 -9999 -9999 -9999 -9999 -9999 -9999 -9999 -9999 -9999 -9999 -9999
5991.859 5989.264 6001.524 -9999 5991 -9999 -9999 -9999 -9999 -9999 -9999 -9999 -9999 -9999 -9999 -9999 -9999 -9999 -9999 -9999 -9999 -9999 -9999 -9999 -9999 -9999 -9999 -9999 -9999 -9999 -9999 -9999 5971.326 5955.43 5952.903 5962.439 5968.526 -9999 -9999 -9999 -9999 -9999 -9999 -9999 -9999 -9999 -9999 -9999 -9999 -9999 -9999 -9999 -9999 -9999 -9999 -9999 -9999 -9999 -9999 -9999 -9999 -9999 -9999 -9999 -9999 -9999 -9999 -9999 -9999 -9999 -9999 -9999
5982.025 5976.918 5965.3 -9999 -9999 -9999 -9999 -9999 -9999 -9999 -9999 -9999 -9999 -9999 -9999 -9999 -9999 -9999 -9999 -9999 -9999 -9999 -9999 -9999 -9999 -9999 -9999 -9999 -9999 -9999 -9999 -9999 6003.531 5984.52 5976.91 5980.25 5993.16 6009.823 -9999 -9999 -9999 -9999 -9999 -9999 -9999 -9999 -9999 -9999 -9999 -9999 -9999 -9999 -9999 -9999 -9999 -9999 -9999 -9999 -9999 -9999 -9999 -9999 -9999 -9999 -9999 -9999 -9999 -9999 -9999 -9999 -9999 -9999
5963.9 5946.917 5950.667 5980.631 5999.625 6023.105 6018.182 -9999 -9999 -9999 -9999 -9999 -9999 -9999 -9999 -9999 -9999 -9999 -9999 -9999 -9999 -9999 -9999 -9999 -9999 -9999 -9999 -9999 -9999 -9999 -9999 -9999 6020 6018.071 6013.771 6009.362 6005.145 6012.32 -9999 -9999 -9999 -9999 -9999 -9999 -9999 -9999 -9999 -9999 -9999 -9999 -9999 -9999 -9999 -9999 -9999 -9999 -9999 -9999 -9999 -9999 -9999 -9999 -9999 -9999 -9999 -9999 -9999 -9999 -9999 -9999 -9999 -9999
5965.396 5948.22 5958.961 5971.109 5995.686 6028.5 6019.732 -9999 -9999 -9999 -9999 -9999 -9999 -9999 -9999 -9999 -9999 -9999 -9999 -9999 -9999 -9999 -9999 -9999 -9999 -9999 -9999 -9999 -9999 -9999 -9999 -9999 -9999 -9999 -9999 -9999 -9999 -9999 -9999 -9999 -9999 -9999 -9999 -9999 -9999 -9999 -9999 -9999 -9999 -9999 -9999 -9999 -9999 -9999 -9999 -9999 -9999 -9999 -9999 -9999 -9999 -9999 -9999 -9999 -9999 -9999 -9999 -9999 -9999 -9999 -9999 -9999
6025.805 5988.901 5971.471 -9999 -9999 -9999 -9999 -9999 -9999 -9999 -9999 -9999 -9999 -9999 -9999 -9999 -9999 -9999 -9999 -9999 -9999 -9999 -9999 -9999 -9999 -9999 -9999 -9999 -9999 -9999 -9999 -9999 -9999 -9999 -9999 -9999 -9999 -9999 -9999 -9999 -9999 -9999 -9999 -9999 -9999 -9999 -9999 -9999 -9999 -9999 -9999 -9999 -9999 -9999 -9999 -9999 -9999 -9999 -9999 -9999 -9999 -9999 -9999 -9999 -9999 -9999 -9999 -9999 -9999 -9999 -9999 7006
6110.494 6046.731 -9999 -9999 -9999 -9999 -9999 -9999 -9999 -9999 -9999 -9999 -9999 -9999 -9999 -9999 -9999 -9999 -9999 -9999 -9999 -9999 -9999 -9999 -9999 -9999 -9999 -9999 -9999 -9999 -9999 -9999 -9999 -9999 -9999 -9999 -9999 -9999 -9999 -9999 -9999 -9999 -9999 -9999 -9999 -9999 -9999 -9999 -9999 -9999 -9999 -9999 -9999 -9999 -9999 -9999 -9999 -9999 -9999 -9999 -9999 -9999 -9999 7353 7282.7 7197.75 7116.571 7148.333 7159.193 7142.626 7106.22 7059.82
6211.167 -9999 -9999 -9999 -9999 -9999 -9999 -9999 -9999 -9999 -9999 -9999 -9999 -9999 -9999 6187.539 6211.654 6231 -9999 -9999 -9999 -9999 -9999 -9999 -9999 -9999 -9999 -9999 -9999 -9999 -9999 -9999 -9999 -9999 -9999 -9999 -9999 -9999 -9999 -9999 -9999 -9999 -9999 -9999 -9999 -9999 -9999 -9999 -9999 -9999 -9999 -9999 -9999 -9999 -9999 -9999 -9999 -9999 -9999 -9999 7605.333 7562.694 7484.109 7401.165 7323.66 7253.5 7213.18 7241.12 7259.07 7240.79 7182.69 7123.11
-9999 -9999 -9999 -9999 -9999 -9999 -9999 -9999 -9999 -9999 -9999 -9999 -9999 6179 6179.455 6211.479 6218.526 6238.5 6274.8 6304.9 -9999 -9999 -9999 -9999 -9999 -9999 -9999 -9999 -9999 -9999 -9999 -9999 -9999 -9999 -9999 -9999 -9999 -9999 -9999 -9999 -9999 -9999 -9999 -9999 -9999 -9999 -9999 -9999 -9999 -9999 -9999 -9999 -9999 -9999 -9999 -9999 -9999 7753 7795 7752.13 7680.228 7623.11 7560.45 7496.08 7437.36 7383.86 7361.69 7379 7402.28 7382.91 7303.72 7194.89
-9999 -9999 -9999 -9999 -9999 -9999 -9999 -9999 -9999 -9999 -9999 -9999 6200 6201.059 6209 6225.887 6227.478 6260.889 6298.049 6307.885 6334.167 -9999 -9999 -9999 -9999 -9999 -9999 -9999 -9999 -9999 -9999 -9999 -9999 -9999 -9999 -9999 -9999 -9999 -9999 -9999 -9999 -9999 -9999 -9999 -9999 -9999 -9999 -9999 -9999 -9999 -9999 -9999 -9999 7246.833 7333.111 7454.61 7571.422 7703.552 7789.24 7790.37 7748.17 7694.84 7640.19 7596.87 7554.46 7515.93 7504.28 7512.7 7528.94 7492.04 7364.97 7260.33
-9999 -9999 -9999 -9999 -9999 6180.833 6168.732 6170.071 6162.571 6172.367 6175.308 6189 6192.25 6188.938 6202.719 6228.375 6255.9 6284.968 6325.423 6346.9 -9999 -9999 -9999 -9999 -9999 -9999 -9999 -9999 -9999 -9999 -9999 -9999 -9999 -9999 -9999 -9999 -9999 -9999 -9999 -9999 -9999 -9999 -9999 -9999 -9999 -9999 -9999 -9999 -9999 -9999 -9999 -9999 7117.64 7220.968 7337.89 7469.53 7595.75 7707.29 7784.65 7809.1 7792.39 7764.73 7726.12 7687.06 7650.97 7616.91 7590.2 7579.67 7561.27 7511.12 7417.63 7305.77
-9999 -9999 -9999 -9999 6185.231 6181.276 6184.554 6181.683 6181.358 6185.593 6197.804 6192.37 6192.494 6216.759 6230.424 6240.697 6258.31 6294.688 6346.65 6386.319 6442.39 6464 -9999 -9999 -9999 -9999 -9999 -9999 -9999 -9999 -9999 -9999 -9999 -9999 -9999 -9999 -9999 -9999 -9999 -9999 -9999 -9999 -9999 -9999 -9999 -9999 -9999 -9999 -9999 -9999 6853 6969.214 7070.219 7202.7 7346.98 7489.03 7610.69 7704.69 7767.06 7807.57 7813.21 7802.21 7779.79 7751.82 7727.39 7705.24 7674.92 7637.47 7588.61 7521.15 7451.24 7344.42
-9999 -9999 6206.286 6200.282 6207.631 6204.344 6197.05 6201.22 6195.88 6204.94 6215.45 6210.93 6219.69 6224.702 6231.149 6247.367 6279.034 6303.4 6355 6422 6471.708 -9999 -9999 -9999 -9999 -9999 -9999 -9999 -9999 -9999 -9999 -9999 -9999 -9999 -9999 -9999 -9999 -9999 -9999 -9999 -9999 -9999 -9999 -9999 -9999 -9999 7071 6983.333 6843.222 6768.95 6812.203 6933.918 7084.77 7233.88 7380.12 7506.11 7636.79 7729.19 7804.89 7843.48 7843.28 7837.8 7838.37 7820.88 7792.47 7767.05 7741.21 7705.34 7641.06 7569.22 7480.06 7390.19
6205.65 6198.5 6197.772 6203.12 6209.86 6215.16 6220.92 6223.39 6224.11 6223.53 6232.32 6237.6 6234.42 6243.13 6253.44 6261.573 6292.677 6314.667 -9999 -9999 6543.333 6636.818 -9999 -9999 -9999 -9999 -9999 -9999 -9999 -9999 -9999 -9999 -9999 -9999 -9999 -9999 -9999 -9999 -9999 -9999 7512 7561.3 7661.76 7627.405 7460.828 7306.388 7158.84 7017.36 6878.39 6746.66 6790.61 6950.87 7104.88 7255.76 7402.92 7536.75 7652.51 7748.35 7817.4 7858.37 7880.86 7887.89 7881.53 7868.32 7851.88 7827.78 7787.05 7739.21 7687.79 7619.59 7540.04 7456.29
6208.7 6206.686 6207.38 6214.51 6219.23 6231.76 6244.7 6253.62 6259.37 6259.02 6256.95 6264.8 6265.01 6265.33 6278.28 6291.69 6303.031 6338 6428.609 6504.376 6570.363 6645.817 6721.725 6810 -9999 -9999 -9999 -9999 -9999 -9999 -9999 -9999 -9999 -9999 -9999 -9999 7225.375 7277.352 7347.951 7424.988 7499.907 7573.09 7641.9 7617.79 7495.79 7367.17 7233.64 7097.14 6974.76 6891.47 6913.71 7038.77 7183.31 7317.82 7453.12 7580.19 7687.51 7771.4 7847.75 7887.82 7912.65 7924.4 7907.6 7911.92 7895.11 7871.8 7836.4 7787.64 7733.52 7660.71 7587.13 7501.57
6222.05 6226.65 6230.52 6242.33 6248.3 6266.49 6277.81 6283.35 6281.98 6293.12 6292.8 6291.55 6301.53 6301.3 6304.29 6312.96 6337.78 6382.68 6447.77 6522.94 6607.25 6690.417 6785.673 6849.45 6967.722 7050.167 -9999 -9999 -9999 -9999 -9999 7106.667 7110 7137.531 7162.236 7197.308 7249.27 7310.63 7382.41 7459.07 7532.15 7593.69 7626.71 7600.05 7513.14 7407.34 7306.45 7201.31 7113.79 7058.72 7077.28 7165.5 7285.38 7414.6 7534.22 7649.13 7742.23 7807.53 7880.12 7930.51 7948.78 7962.94 7972.33 7966.45 7954.07 7932.92 7902 7854.04 7790.07 7719.2 7644.28 7552.11
6249.33 6254.93 6256.66 6261.65 6280.28 6292.84 6306.05 6322.38 6320.39 6318.94 6327.59 6320.62 6327.05 6339.74 6350.4 6360.29 6392.51 6439.45 6498.75 6568.45 6645.46 6727 6828.635 6922.257 7029.855 7117.011 7222.028 7255.167 7199.5 7143.438 7121.541 7119.402 7127.42 7151.595 7188.79 7237.2 7287.14 7354.32 7420.51 7490.68 7552.38 7593.26 7607.08 7583.91 7535.1 7468.48 7377.43 7291.26 7227.58 7192.82 7215.77 7282.71 7382.34 7499.3 7616.15 7724.19 7814.15 7874.11 7915.45 7951.87 7974.7 7991.44 8006.55 8010.69 8012.67 7996.35 7962.7 7919.92 7858.6 7779.34 7691.85 7611.13
6275.9 6279.74 6289.31 6297.2 6305.02 6323.06 6340.47 6352.08 6357.87 6351.04 6354.21 6358.38 6360.93 6365.29 6383.24 6407.3 6445.95 6494.68 6551.92 6620.27 6691.7 6763.557 6852.896 6945 7031.079 7138.724 7237.039 7238.212 7200.8 7162.66 7127.563 7128.488 7135.263 7164.47 7198.87 7255.54 7304.04 7373.58 7444.77 7506.25 7566.59 7607.15 7611.91 7592.24 7547.36 7487.52 7421.39 7367.76 7330.52 7329.58 7354.21 7410.91 7492.31 7596.93 7707.31 7811.3 7898.45 7944.84 7975.78 7996.73 8004.77 8020.63 8033.17 8039.52 8039.78 8034.51 8009.42 7959.67 7891.31 7822.42 7737.11 7651.92
6300.9 6309.57 6316.07 6326.33 6333.09 6350.6 6370.46 6390.21 6389.37 6390.75 6386.75 6379.8 6387.82 6398.87 6415.09 6447.44 6489.07 6535.07 6582.35 6649.29 6728.42 6807.92 6873.688 6947.442 7030.263 -9999 7158.333 7182.111 7201.25 -9999 7135.6 7125.671 7131.95 7161.65 7205.12 7264.56 7320.23 7392.46 7463.6 7528.89 7586.19 7621.44 7614.44 7589.57 7563.13 7526.11 7486.49 7438.28 7416.58 7420.65 7443.9 7489.3 7568.6 7669.74 7784.52 7900.41 7986.5 8014.99 8016.61 8033.88 8044.73 8048.53 8066.26 8067.94 8067.45 8070.78 8059.72 8010.7 7933.37 7848.54 7762.45 7679.9
6315.62 6322.23 6329.61 6344.49 6356.84 6370.66 6395.14 6413.1 6414.79 6413.25 6404.54 6405.93 6413.08 6423.91 6452.17 6486.68 6520.35 6570.51 6626.08 6681.25 6745.82 6824.4 6892.11 6959.65 7026.47 7076.726 7116.413 7134.343 7117.22 7084.556 7097.229 7094.86 7114.48 7152.7 7210.14 7271.57 7330.51 7395.59 7463.11 7524.59 7576.66 7605.33 7614.83 7605.52 7582.13 7552.06 7518.05 7491.41 7473.2 7483.17 7508 7556.51 7631.26 7719.03 7823.34 7932.5 8016.09 8030.35 8032.38 8037.01 8045.39 8047.26 8066.64 8076.43 8090.98 8093.57 8090.74 8029.25 7953.17 7877.92 7797.45 7712.34
6339.29 6342.79 6351.46 6360.1 6377.68 6386.77 6406.52 6415.43 6422.6 6428.63 6433.96 6429.22 6443.16 6456.71 6485.18 6521.18 6547.02 6599.85 6650.63 6707.15 6768.79 6831.17 6882.86 6951.43 7007.12 7051.56 7072.89 7076.95 7068.48 7056.89 7037.275 7057.295 7089.49 7137.01 7198.75 7262.01 7328.67 7408.22 7478.3 7532.58 7577.33 7592.16 7616.91 7618.51 7589.15 7571.11 7545.91 7533.94 7529.39 7540.03 7568.02 7607.98 7670.63 7747.06 7829.15 7911.03 7960.98 7992.75 8005 8016.79 8024.46 8028.99 8041.91 8052.85 8071.66 8083.54 8076.31 8022.29 7956.45 7879.07 7799.89 7732.19
6351.78 6358.95 6375.22 6383.49 6395.53 6411.64 6421.07 6433.95 6439.4 6449.46 6446.43 6449.14 6470.9 6488.37 6517.16 6548.13 6578.66 6620.27 6669.07 6709.35 6768.64 6830.77 6883.79 6944.36 6988 7024.77 7037.07 7034.34 7027.35 7011.37 6993.24 6999.24 7048.2 7117.34 7188.21 7261.81 7338.94 7403.08 7468.88 7524.08 7573.4 7598.18 7615.93 7614.91 7610.73 7594.56 7586.46 7574.41 7578.16 7585.25 7610.8 7639.74 7697.12 7755.37 7826.91 7883.9 7928.57 7963.91 7970.68 7983.01 7987.7 7999.98 8006.3 8017.45 8025.85 8022.78 8005.83 7974.58 7926.46 7859.71 7789.47 7722.6
6381.24 6381.3 6386.75 6406.56 6410.74 6430.42 6440.07 6453.46 6459.6 6467.32 6470.04 6477.53 6482.17 6512.66 6542.43 6568.45 6603.84 6640.87 6688.59 6729.39 6784.8 6840.9 6895.69 6939.32 6963.67 7000.39 7019.42 7017.11 7000.79 6968.74 6949.17 6939.15 7005.28 7092.61 7193.21 7275.89 7339.08 7417.25 7490.36 7544.4 7580.74 7589.9 7605.23 7612.09 7613.83 7616.48 7615.05 7612.22 7605.29 7616.01 7637.87 7675.21 7716.13 7770.62 7811.45 7853.95 7880.58 7910.83 7936.35 7951.53 7958.94 7970.28 7982.59 7991.99 7996.42 7991.66 7974.82 7941.13 7901.38 7847.05 7785.37 7731.74
6395.38 6408.09 6412.52 6423.97 6432.59 6448.02 6466.12 6472.52 6476.42 6488.14 6498.15 6507.54 6515.72 6528.17 6556.94 6594.2 6627.83 6664.16 6713.39 6757.64 6810.85 6859.78 6906.27 6935.63 6964.76 6989.92 7011.39 7010.03 6992.97 6975.03 6948.05 6933.35 7013.2 7114.23 7204.06 7298.52 7381.48 7443.75 7503.98 7552.38 7596.05 7618.54 7634.17 7639.84 7648.09 7650.6 7641.55 7638.94 7633.68 7649.46 7660.12 7685.21 7710.65 7736.97 7778.44 7816.06 7849.58 7867.31 7881.9 7897.51 7914.67 7926.68 7935.29 7941.89 7949.76 7945.92 7924.34 7905.4 7857.98 7814.73 7773.08 7712.06
